time,agents_total_distance_moved,agents_total_task_amount_done,completed_tasks,remaining_tasks,tasks_total_amount_left
1.0,2.000000000000001,0.0,0,20,3780
2.0,3.4955101234535166,0.0,0,20,3780
3.0,6.439538166845953,0.0,0,20,3780
4.0,10.832840211420503,0.0,0,20,3780
5.0,16.675712590697746,0.0,0,20,3780
6.0,23.968301061309127,0.0,0,20,3780
7.0,32.71068789100051,0.0,0,20,3780
8.0,42.902924013303604,0.0,0,20,3780
9.0,54.545043132363624,0.0,0,20,3780
10.0,67.63706869999083,0.0,0,20,3780
11.0,82.17901768781691,0.0,0,20,3780
12.0,98.17090277156959,0.0,0,20,3780
13.0,115.61273366691546,0.0,0,20,3780
14.0,134.50451798367118,0.0,0,20,3780
15.0,154.84626179267664,0.0,0,20,3780
16.0,176.6379700139647,0.0,0,20,3780
17.0,199.8796466898041,0.0,0,20,3780
18.0,223.7212951812827,0.0,0,20,3780
19.0,248.96291831275397,0.0,0,20,3780
20.0,275.604518479901,0.0,0,20,3780
21.0,303.54081902363697,0.0,0,20,3780
22.0,331.4583935564982,0.0,0,20,3780
23.0,358.4583935564982,0.0,0,20,3780
24.0,385.4583935564982,0.0,0,20,3780
25.0,412.45839355649827,0.0,0,20,3780
26.0,439.45839355649827,0.0,0,20,3780
27.0,466.45839355649827,0.0,0,20,3780
28.0,493.45839355649827,0.0,0,20,3780
29.0,520.4583935564983,0.0,0,20,3780
30.0,547.4583935564982,0.0,0,20,3780
31.0,574.4583935564981,0.0,0,20,3780
32.0,601.458393556498,0.0,0,20,3780
33.0,628.458393556498,0.0,0,20,3780
34.0,655.4583935564979,0.0,0,20,3780
35.0,682.4583935564979,0.0,0,20,3780
36.0,709.4583935564979,0.0,0,20,3780
37.0,736.4583935564978,0.0,0,20,3780
38.0,763.4583935564978,0.0,0,20,3780
39.0,790.4583935564978,0.0,0,20,3780
40.0,817.4583935564976,0.0,0,20,3780
41.0,844.4583935564976,0.0,0,20,3780
42.0,871.4583935564976,0.0,0,20,3780
43.0,898.4583935564976,0.0,0,20,3780
44.0,925.4583935564975,0.0,0,20,3780
45.0,952.4583935564975,0.0,0,20,3780
46.0,979.4583935564975,0.0,0,20,3780
47.0,1006.4583935564975,0.0,0,20,3780
48.0,1033.4583935564976,0.0,0,20,3780
49.0,1060.4583935564976,0.0,0,20,3780
50.0,1087.4583935564976,0.0,0,20,3780
51.0,1114.4583935564976,0.0,0,20,3780
52.0,1141.4583935564974,0.0,0,20,3780
53.0,1168.4583935564974,0.0,0,20,3780
54.0,1195.4583935564974,0.0,0,20,3780
55.0,1222.4583935564974,0.0,0,20,3780
56.0,1249.4583935564974,0.0,0,20,3780
57.0,1276.4583935564974,0.0,0,20,3780
58.0,1303.4583935564974,0.0,0,20,3780
59.0,1330.4583935564974,0.0,0,20,3780
60.0,1357.4583935564974,0.0,0,20,3780
61.0,1384.4583935564974,0.0,0,20,3780
62.0,1411.4583935564974,0.0,0,20,3780
63.0,1438.4583935564974,0.0,0,20,3780
64.0,1465.4583935564974,0.0,0,20,3780
65.0,1492.4583935564974,0.0,0,20,3780
66.0,1519.4583935564974,0.0,0,20,3780
67.0,1546.4583935564974,0.0,0,20,3780
68.0,1573.4583935564974,0.0,0,20,3780
69.0,1600.4583935564974,0.0,0,20,3780
70.0,1627.4583935564974,0.0,0,20,3780
71.0,1654.4583935564974,0.0,0,20,3780
72.0,1681.4522463291314,0.0,0,20,3780
73.0,1708.4262220463127,0.0,0,20,3780
74.0,1735.3807182491503,0.0,0,20,3780
75.0,1762.3161245279312,0.0,0,20,3780
76.0,1789.2328226811364,0.0,0,20,3780
77.0,1815.2328226811364,0.0,0,20,3780
78.0,1841.2328226811364,0.0,0,20,3780
79.0,1867.2328226811364,0.0,0,20,3780
80.0,1893.2328226811364,0.0,0,20,3780
81.0,1919.2328226811364,0.0,0,20,3780
82.0,1945.2328226811364,0.0,0,20,3780
83.0,1971.2328226811364,0.0,0,20,3780
84.0,1997.2328226811364,0.0,0,20,3780
85.0,2023.2328226811364,0.0,0,20,3780
86.0,2049.2328226811364,0.0,0,20,3780
87.0,2075.2328226811364,0.0,0,20,3780
88.0,2101.2328226811364,0.0,0,20,3780
89.0,2127.2328226811364,0.0,0,20,3780
90.0,2153.2328226811364,0.0,0,20,3780
91.0,2179.2328226811364,0.0,0,20,3780
92.0,2205.2328226811364,0.0,0,20,3780
93.0,2231.232822681137,0.0,0,20,3780
94.0,2257.232822681137,0.0,0,20,3780
95.0,2283.232822681137,0.0,0,20,3780
96.0,2309.2328226811373,0.0,0,20,3780
97.0,2335.2328226811373,0.0,0,20,3780
98.0,2360.2328226811373,0.0,0,20,3780
99.0,2385.2328226811373,0.0,0,20,3780
100.0,2410.2328226811373,0.0,0,20,3780
101.0,2435.2328226811373,0.0,0,20,3780
102.0,2460.2328226811373,0.0,0,20,3780
103.0,2485.2328226811373,0.0,0,20,3780
104.0,2510.2328226811373,0.0,0,20,3780
105.0,2535.232822681138,0.0,0,20,3780
106.0,2560.232822681138,0.0,0,20,3780
107.0,2585.232822681138,0.0,0,20,3780
108.0,2610.232822681138,0.0,0,20,3780
109.0,2635.232822681138,0.0,0,20,3780
110.0,2660.2263435986274,0.0,0,20,3780
111.0,2685.1999940977666,0.0,0,20,3780
112.0,2710.1541715869234,0.0,0,20,3780
113.0,2735.089265526297,0.0,0,20,3780
114.0,2760.005657586883,0.0,0,20,3780
115.0,2784.0056575868834,0.0,0,20,3780
116.0,2808.0056575868834,0.0,0,20,3780
117.0,2832.0056575868834,0.0,0,20,3780
118.0,2856.0056575868834,0.0,0,20,3780
119.0,2880.0056575868834,0.0,0,20,3780
120.0,2904.0056575868834,0.0,0,20,3780
121.0,2928.0056575868834,0.0,0,20,3780
122.0,2952.0056575868834,0.0,0,20,3780
123.0,2975.0056575868834,0.0,0,20,3780
124.0,2998.0056575868834,0.0,0,20,3780
125.0,3021.0056575868834,0.0,0,20,3780
126.0,3044.0056575868834,0.0,0,20,3780
127.0,3067.0056575868834,0.0,0,20,3780
128.0,3090.0056575868834,0.0,0,20,3780
129.0,3113.0056575868834,0.0,0,20,3780
130.0,3136.0056575868834,0.0,0,20,3780
131.0,3159.0056575868834,0.0,0,20,3780
132.0,3182.0056575868834,0.0,0,20,3780
133.0,3205.0056575868834,0.0,0,20,3780
134.0,3228.0056575868834,0.0,0,20,3780
135.0,3251.0056575868834,0.0,0,20,3780
136.0,3274.0056575868834,0.0,0,20,3780
137.0,3297.0056575868834,0.0,0,20,3780
138.0,3320.0056575868834,0.0,0,20,3780
139.0,3343.0056575868834,0.0,0,20,3780
140.0,3366.0056575868834,0.0,0,20,3780
141.0,3389.0056575868834,0.0,0,20,3780
142.0,3412.0056575868834,0.0,0,20,3780
143.0,3435.0056575868834,0.0,0,20,3780
144.0,3458.0056575868834,0.0,0,20,3780
145.0,3481.005657586884,0.0,0,20,3780
146.0,3504.005657586884,0.0,0,20,3780
147.0,3527.005657586884,0.0,0,20,3780
148.0,3550.005657586884,0.0,0,20,3780
149.0,3573.005657586884,0.0,0,20,3780
150.0,3596.005657586884,0.0,0,20,3780
151.0,3619.005657586884,0.0,0,20,3780
152.0,3642.005657586884,0.0,0,20,3780
153.0,3665.005657586884,0.0,0,20,3780
154.0,3688.005657586884,0.0,0,20,3780
155.0,3711.005657586884,0.0,0,20,3780
156.0,3734.005657586884,0.0,0,20,3780
157.0,3757.005657586884,0.0,0,20,3780
158.0,3780.005657586884,0.0,0,20,3780
159.0,3803.005657586884,0.0,0,20,3780
160.0,3825.998009473258,0.0,0,20,3780
161.0,3848.9705143219053,0.0,0,20,3780
162.0,3871.923569073579,0.0,0,20,3780
163.0,3894.8575627302193,0.0,0,20,3780
164.0,3917.772876513727,0.0,0,20,3780
165.0,3939.772876513727,0.0,0,20,3780
166.0,3961.772876513727,0.0,0,20,3780
167.0,3983.772876513727,0.0,0,20,3780
168.0,4005.772876513727,0.0,0,20,3780
169.0,4027.772876513727,0.0,0,20,3780
170.0,4049.7728765137276,0.0,0,20,3780
171.0,4071.7728765137276,0.0,0,20,3780
172.0,4093.7728765137276,0.0,0,20,3780
173.0,4115.772876513727,0.0,0,20,3780
174.0,4137.772876513727,0.0,0,20,3780
175.0,4159.772876513727,0.0,0,20,3780
176.0,4181.772876513727,0.0,0,20,3780
177.0,4203.772876513727,0.0,0,20,3780
178.0,4225.772876513727,0.0,0,20,3780
179.0,4247.772876513727,0.0,0,20,3780
180.0,4269.772876513727,0.0,0,20,3780
181.0,4291.772876513727,0.0,0,20,3780
182.0,4313.772876513727,0.0,0,20,3780
183.0,4335.772876513727,0.0,0,20,3780
184.0,4357.772876513727,0.0,0,20,3780
185.0,4379.772876513727,0.0,0,20,3780
186.0,4401.772876513727,0.0,0,20,3780
187.0,4423.772876513727,0.0,0,20,3780
188.0,4445.772876513727,0.0,0,20,3780
189.0,4467.772876513727,0.0,0,20,3780
190.0,4489.772876513727,0.0,0,20,3780
191.0,4511.772876513727,0.0,0,20,3780
192.0,4533.772876513727,0.0,0,20,3780
193.0,4555.772876513727,0.0,0,20,3780
194.0,4577.772876513727,0.0,0,20,3780
195.0,4599.772876513727,0.0,0,20,3780
196.0,4621.772876513727,0.0,0,20,3780
197.0,4643.772876513727,0.0,0,20,3780
198.0,4665.772876513727,0.0,0,20,3780
199.0,4687.772876513727,0.0,0,20,3780
200.0,4709.772876513727,0.0,0,20,3780
201.0,4731.772876513727,0.0,0,20,3780
202.0,4753.772876513727,0.0,0,20,3780
203.0,4775.772876513727,0.0,0,20,3780
204.0,4797.772876513727,0.0,0,20,3780
205.0,4819.772876513727,0.0,0,20,3780
206.0,4841.772876513727,0.0,0,20,3780
207.0,4863.771820811264,0.0,0,20,3780
208.0,4885.750786222849,0.0,0,20,3780
209.0,4907.710172326202,0.0,0,20,3780
210.0,4929.633199680826,0.0,0,20,3780
211.0,4951.517766488358,0.0,0,20,3780
212.0,4973.364641959739,0.0,0,20,3780
213.0,4994.289672726813,0.0,0,20,3780
214.0,5015.196202878544,0.0,0,20,3780
215.0,5035.196202878544,0.0,0,20,3780
216.0,5055.196202878544,0.0,0,20,3780
217.0,5075.196202878544,0.0,0,20,3780
218.0,5095.196202878544,0.0,0,20,3780
219.0,5115.196202878544,0.0,0,20,3780
220.0,5135.196202878544,0.0,0,20,3780
221.0,5155.196202878544,0.0,0,20,3780
222.0,5175.187772573889,0.0,0,20,3780
223.0,5195.1595108753245,0.0,0,20,3780
224.0,5215.111814410733,0.0,0,20,3780
225.0,5235.045071875433,0.0,0,20,3780
226.0,5254.959664190839,0.0,0,20,3780
227.0,5273.959664190839,0.0,0,20,3780
228.0,5292.959664190839,0.0,0,20,3780
229.0,5311.959664190839,0.0,0,20,3780
230.0,5330.959664190839,0.0,0,20,3780
231.0,5349.959664190839,0.0,0,20,3780
232.0,5368.959664190839,0.0,0,20,3780
233.0,5387.959664190839,0.0,0,20,3780
234.0,5406.959664190839,0.0,0,20,3780
235.0,5425.959664190839,0.0,0,20,3780
236.0,5444.959664190839,0.0,0,20,3780
237.0,5463.955261740139,0.0,0,20,3780
238.0,5482.930947338452,0.0,0,20,3780
239.0,5501.887119224799,0.0,0,20,3780
240.0,5520.82416767342,0.0,0,20,3780
241.0,5539.742475153067,0.0,0,20,3780
242.0,5557.742475153067,0.0,0,20,3780
243.0,5575.742475153067,0.0,0,20,3780
244.0,5593.742475153067,0.0,0,20,3780
245.0,5611.742475153067,0.0,0,20,3780
246.0,5629.742475153067,0.0,0,20,3780
247.0,5646.742475153067,0.0,0,20,3780
248.0,5663.742475153067,0.0,0,20,3780
249.0,5680.742475153067,0.0,0,20,3780
250.0,5697.742475153067,0.0,0,20,3780
251.0,5714.742475153067,0.0,0,20,3780
252.0,5731.742475153068,0.0,0,20,3780
253.0,5748.742475153068,0.0,0,20,3780
254.0,5765.742475153068,0.0,0,20,3780
255.0,5782.742475153068,0.0,0,20,3780
256.0,5799.742475153068,0.0,0,20,3780
257.0,5816.742475153068,0.0,0,20,3780
258.0,5833.742475153068,0.0,0,20,3780
259.0,5850.742475153068,0.0,0,20,3780
260.0,5867.742475153068,0.0,0,20,3780
261.0,5883.742475153068,0.0,0,20,3780
262.0,5899.742475153068,0.0,0,20,3780
263.0,5915.742475153068,0.0,0,20,3780
264.0,5931.742475153068,0.0,0,20,3780
265.0,5947.742475153068,0.0,0,20,3780
266.0,5963.742475153067,0.0,0,20,3780
267.0,5979.742475153067,0.0,0,20,3780
268.0,5995.742475153067,0.0,0,20,3780
269.0,6011.742475153067,0.0,0,20,3780
270.0,6027.742475153067,0.0,0,20,3780
271.0,6043.742475153067,0.0,0,20,3780
272.0,6059.733869670653,0.0,0,20,3780
273.0,6075.705436297888,0.0,0,20,3780
274.0,6091.657571592577,0.0,0,20,3780
275.0,6107.5906641813735,0.0,0,20,3780
276.0,6123.505094918393,0.0,0,20,3780
277.0,6138.505094918393,0.0,0,20,3780
278.0,6153.505094918393,0.0,0,20,3780
279.0,6168.505094918393,0.0,0,20,3780
280.0,6183.505094918393,0.0,0,20,3780
281.0,6198.505094918393,0.0,0,20,3780
282.0,6213.505094918393,0.0,0,20,3780
283.0,6228.505094918393,0.0,0,20,3780
284.0,6243.505094918393,0.0,0,20,3780
285.0,6258.505094918393,0.0,0,20,3780
286.0,6273.505094918393,0.0,0,20,3780
287.0,6288.505094918393,0.0,0,20,3780
288.0,6303.505094918393,0.0,0,20,3780
289.0,6318.505094918393,0.0,0,20,3780
290.0,6333.505094918393,0.0,0,20,3780
291.0,6348.505094918393,0.0,0,20,3780
292.0,6363.505094918393,0.0,0,20,3780
293.0,6378.505094918393,0.0,0,20,3780
294.0,6393.505094918393,0.0,0,20,3780
295.0,6408.505094918393,0.0,0,20,3780
296.0,6423.505094918393,0.0,0,20,3780
297.0,6438.505094918393,0.0,0,20,3780
298.0,6453.505094918393,0.0,0,20,3780
299.0,6468.505094918393,0.0,0,20,3780
300.0,6483.505094918393,0.0,0,20,3780
301.0,6498.489965476385,0.0,0,20,3780
302.0,6513.455138623218,0.0,0,20,3780
303.0,6528.401008307113,0.0,0,20,3780
304.0,6543.32796059733,0.0,0,20,3780
305.0,6558.236373841744,0.0,0,20,3780
306.0,6572.236373841744,0.0,0,20,3780
307.0,6585.236373841744,0.0,0,20,3780
308.0,6598.236373841744,0.0,0,20,3780
309.0,6611.236373841744,0.0,0,20,3780
310.0,6624.236373841744,0.0,0,20,3780
311.0,6637.236373841744,0.0,0,20,3780
312.0,6650.236373841744,0.0,0,20,3780
313.0,6663.236373841744,0.0,0,20,3780
314.0,6676.236373841744,0.0,0,20,3780
315.0,6689.236373841744,0.0,0,20,3780
316.0,6702.236373841744,0.0,0,20,3780
317.0,6715.236373841744,0.0,0,20,3780
318.0,6728.236373841744,0.0,0,20,3780
319.0,6741.236373841744,0.0,0,20,3780
320.0,6754.236373841744,0.0,0,20,3780
321.0,6767.236373841744,0.0,0,20,3780
322.0,6780.236373841744,0.0,0,20,3780
323.0,6793.236373841744,0.0,0,20,3780
324.0,6806.236373841744,0.0,0,20,3780
325.0,6819.236373841744,0.0,0,20,3780
326.0,6832.236373841744,0.0,0,20,3780
327.0,6845.236373841744,0.0,0,20,3780
328.0,6858.236373841744,0.0,0,20,3780
329.0,6871.236373841744,0.0,0,20,3780
330.0,6884.236373841744,0.0,0,20,3780
331.0,6897.236373841744,0.0,0,20,3780
332.0,6910.236373841744,0.0,0,20,3780
333.0,6923.236373841744,0.0,0,20,3780
334.0,6936.236373841744,0.0,0,20,3780
335.0,6949.236373841744,0.0,0,20,3780
336.0,6962.236373841744,0.0,0,20,3780
337.0,6975.236373841744,0.0,0,20,3780
338.0,6988.236373841744,0.0,0,20,3780
339.0,7001.236373841744,0.0,0,20,3780
340.0,7014.236373841744,0.0,0,20,3780
341.0,7027.236373841744,0.0,0,20,3780
342.0,7040.236373841744,0.0,0,20,3780
343.0,7053.236373841744,0.0,0,20,3780
344.0,7066.236373841744,0.0,0,20,3780
345.0,7079.236373841744,0.0,0,20,3780
346.0,7092.236373841744,0.0,0,20,3780
347.0,7105.236373841744,0.0,0,20,3780
348.0,7118.236373841744,0.0,0,20,3780
349.0,7131.236373841744,0.0,0,20,3780
350.0,7144.236373841744,0.0,0,20,3780
351.0,7157.236373841744,0.0,0,20,3780
352.0,7170.236373841744,0.0,0,20,3780
353.0,7183.236373841744,0.0,0,20,3780
354.0,7196.236373841744,0.0,0,20,3780
355.0,7209.236373841744,0.0,0,20,3780
356.0,7222.236373841744,0.0,0,20,3780
357.0,7235.224890812627,0.0,0,20,3780
358.0,7248.188239629312,0.0,0,20,3780
359.0,7261.112321469665,0.0,0,20,3780
360.0,7273.997921673211,0.0,0,20,3780
361.0,7286.845809872686,0.0,0,20,3780
362.0,7298.763199260201,0.0,0,20,3780
363.0,7309.763199260201,0.0,0,20,3780
364.0,7320.763199260201,0.0,0,20,3780
365.0,7331.763199260201,0.0,0,20,3780
366.0,7342.763199260201,0.0,0,20,3780
367.0,7353.763199260201,0.0,0,20,3780
368.0,7364.763199260201,0.0,0,20,3780
369.0,7375.763199260201,0.0,0,20,3780
370.0,7386.763199260201,0.0,0,20,3780
371.0,7397.763199260201,0.0,0,20,3780
372.0,7408.763199260201,0.0,0,20,3780
373.0,7419.763199260201,0.0,0,20,3780
374.0,7430.763199260201,0.0,0,20,3780
375.0,7441.763199260201,0.0,0,20,3780
376.0,7452.763199260201,0.0,0,20,3780
377.0,7463.763199260201,0.0,0,20,3780
378.0,7474.763199260201,0.0,0,20,3780
379.0,7485.763199260201,0.0,0,20,3780
380.0,7496.763199260201,0.0,0,20,3780
381.0,7507.763199260201,0.0,0,20,3780
382.0,7518.763199260201,0.0,0,20,3780
383.0,7529.763199260201,0.0,0,20,3780
384.0,7540.763199260201,0.0,0,20,3780
385.0,7551.763199260201,0.0,0,20,3780
386.0,7562.763199260201,0.0,0,20,3780
387.0,7573.763199260201,0.0,0,20,3780
388.0,7584.763199260201,0.0,0,20,3780
389.0,7595.763199260201,0.0,0,20,3780
390.0,7606.763199260201,0.0,0,20,3780
391.0,7617.763199260201,0.0,0,20,3780
392.0,7628.763199260201,0.0,0,20,3780
393.0,7638.763199260201,0.0,0,20,3780
394.0,7648.763199260201,0.0,0,20,3780
395.0,7658.763199260201,0.0,0,20,3780
396.0,7668.763199260201,0.0,0,20,3780
397.0,7677.763199260201,0.0,0,20,3780
398.0,7686.763199260201,0.0,0,20,3780
399.0,7695.763199260201,0.0,0,20,3780
400.0,7704.763199260201,0.0,0,20,3780
401.0,7713.763199260201,0.0,0,20,3780
402.0,7722.763199260201,0.0,0,20,3780
403.0,7731.763199260201,0.0,0,20,3780
404.0,7740.763199260201,0.0,0,20,3780
405.0,7749.763199260201,0.0,0,20,3780
406.0,7758.763199260201,0.0,0,20,3780
407.0,7766.763199260201,0.0,0,20,3780
408.0,7774.763199260201,0.0,0,20,3780
409.0,7782.763199260201,0.0,0,20,3780
410.0,7790.763199260201,0.0,0,20,3780
411.0,7798.763199260201,0.0,0,20,3780
412.0,7806.763199260201,0.0,0,20,3780
413.0,7814.763199260201,0.0,0,20,3780
414.0,7822.754052370631,0.0,0,20,3780
415.0,7830.7250884188525,0.0,0,20,3780
416.0,7838.6767037461095,0.0,0,20,3780
417.0,7846.609286766821,0.0,0,20,3780
418.0,7854.523218127119,0.0,0,20,3780
419.0,7861.523218127119,0.0,0,20,3780
420.0,7868.523218127119,0.0,0,20,3780
421.0,7875.523218127119,0.0,0,20,3780
422.0,7882.523218127119,0.0,0,20,3780
423.0,7889.523218127119,0.0,0,20,3780
424.0,7896.523218127119,0.0,0,20,3780
425.0,7903.523218127119,0.0,0,20,3780
426.0,7910.523218127119,0.0,0,20,3780
427.0,7917.523218127119,0.0,0,20,3780
428.0,7924.523218127119,0.0,0,20,3780
429.0,7931.523218127119,0.0,0,20,3780
430.0,7938.523218127119,0.0,0,20,3780
431.0,7945.523218127119,0.0,0,20,3780
432.0,7952.523218127119,0.0,0,20,3780
433.0,7959.523218127119,0.0,0,20,3780
434.0,7966.523218127119,0.0,0,20,3780
435.0,7973.523218127119,0.0,0,20,3780
436.0,7980.523218127119,0.0,0,20,3780
437.0,7987.523218127119,0.0,0,20,3780
438.0,7994.523218127119,0.0,0,20,3780
439.0,8001.523218127119,0.0,0,20,3780
440.0,8008.523218127119,0.0,0,20,3780
441.0,8015.523218127119,0.0,0,20,3780
442.0,8022.523218127119,0.0,0,20,3780
443.0,8029.523218127119,0.0,0,20,3780
444.0,8036.523218127119,0.0,0,20,3780
445.0,8043.506271086378,0.0,0,20,3780
446.0,8050.46966298645,0.0,0,20,3780
447.0,8057.413787048522,0.0,0,20,3780
448.0,8064.339028629352,0.0,0,20,3780
449.0,8071.245765378565,0.0,0,20,3780
450.0,8077.245765378565,0.0,0,20,3780
451.0,8083.245765378565,0.0,0,20,3780
452.0,8089.245765378565,0.0,0,20,3780
453.0,8095.245765378565,0.0,0,20,3780
454.0,8101.245765378565,0.0,0,20,3780
455.0,8107.245765378565,0.0,0,20,3780
456.0,8113.245765378565,0.0,0,20,3780
457.0,8119.245765378565,0.0,0,20,3780
458.0,8125.245765378565,0.0,0,20,3780
459.0,8131.245765378565,0.0,0,20,3780
460.0,8137.245765378565,0.0,0,20,3780
461.0,8143.245765378565,0.0,0,20,3780
462.0,8149.245765378565,0.0,0,20,3780
463.0,8155.245765378565,0.0,0,20,3780
464.0,8161.245765378565,0.0,0,20,3780
465.0,8167.245765378565,0.0,0,20,3780
466.0,8173.245765378565,0.0,0,20,3780
467.0,8179.245765378565,0.0,0,20,3780
468.0,8185.245765378565,0.0,0,20,3780
469.0,8191.245765378565,0.0,0,20,3780
470.0,8197.245765378564,0.0,0,20,3780
471.0,8203.245765378564,0.0,0,20,3780
472.0,8209.245765378564,0.0,0,20,3780
473.0,8215.245765378564,0.0,0,20,3780
474.0,8221.245765378564,0.0,0,20,3780
475.0,8227.245765378564,0.0,0,20,3780
476.0,8233.245765378564,0.0,0,20,3780
477.0,8239.245765378564,0.0,0,20,3780
478.0,8245.245765378564,0.0,0,20,3780
479.0,8251.245765378564,0.0,0,20,3780
480.0,8257.245765378564,0.0,0,20,3780
481.0,8263.245765378564,0.0,0,20,3780
482.0,8269.245765378564,0.0,0,20,3780
483.0,8275.245765378564,0.0,0,20,3780
484.0,8281.245765378564,0.0,0,20,3780
485.0,8287.245765378564,0.0,0,20,3780
486.0,8293.245765378564,0.0,0,20,3780
487.0,8299.245765378564,0.0,0,20,3780
488.0,8305.245765378564,0.0,0,20,3780
489.0,8311.245765378564,0.0,0,20,3780
490.0,8317.245765378564,0.0,0,20,3780
491.0,8323.245765378564,0.0,0,20,3780
492.0,8329.245765378564,0.0,0,20,3780
493.0,8335.245765378564,0.0,0,20,3780
494.0,8341.245765378564,0.0,0,20,3780
495.0,8347.245765378564,0.0,0,20,3780
496.0,8353.245765378564,0.0,0,20,3780
497.0,8359.245765378564,0.0,0,20,3780
498.0,8365.245765378564,0.0,0,20,3780
499.0,8371.245765378564,0.0,0,20,3780
500.0,8377.245765378564,0.0,0,20,3780
501.0,8383.245765378564,0.0,0,20,3780
502.0,8389.245765378564,0.0,0,20,3780
503.0,8395.245765378564,0.0,0,20,3780
504.0,8401.245765378564,0.0,0,20,3780
505.0,8407.245765378564,0.0,0,20,3780
506.0,8413.245765378564,0.0,0,20,3780
507.0,8419.245765378564,0.0,0,20,3780
508.0,8425.245765378564,0.0,0,20,3780
509.0,8431.245765378564,0.0,0,20,3780
510.0,8437.245765378564,0.0,0,20,3780
511.0,8443.245765378564,0.0,0,20,3780
512.0,8449.245765378564,0.0,0,20,3780
513.0,8455.245765378564,0.0,0,20,3780
514.0,8461.245765378564,0.0,0,20,3780
515.0,8467.245765378564,0.0,0,20,3780
516.0,8473.245765378564,0.0,0,20,3780
517.0,8479.242130711564,0.0,0,20,3780
518.0,8485.218568737902,0.0,0,20,3780
519.0,8491.175478003714,0.0,0,20,3780
520.0,8497.11324908421,0.0,0,20,3780
521.0,8503.032264743097,0.0,0,20,3780
522.0,8508.032264743097,0.0,0,20,3780
523.0,8513.032264743097,0.0,0,20,3780
524.0,8518.032264743097,0.0,0,20,3780
525.0,8523.032264743097,0.0,0,20,3780
526.0,8528.032264743097,0.0,0,20,3780
527.0,8533.032264743097,0.0,0,20,3780
528.0,8538.032264743097,0.0,0,20,3780
529.0,8543.032264743097,0.0,0,20,3780
530.0,8548.023123777784,0.0,0,20,3780
531.0,8552.994165631779,0.0,0,20,3780
532.0,8557.945786648694,0.0,0,20,3780
533.0,8562.878375245271,0.0,0,20,3780
534.0,8567.792312069914,0.0,0,20,3780
535.0,8571.792312069914,0.0,0,20,3780
536.0,8575.792312069914,0.0,0,20,3780
537.0,8579.792312069914,0.0,0,20,3780
538.0,8583.792312069914,0.0,0,20,3780
539.0,8587.792312069914,0.0,0,20,3780
540.0,8591.792312069914,0.0,0,20,3780
541.0,8595.792312069914,0.0,0,20,3780
542.0,8599.792312069914,0.0,0,20,3780
543.0,8603.792312069914,0.0,0,20,3780
544.0,8607.792312069914,0.0,0,20,3780
545.0,8611.792312069914,0.0,0,20,3780
546.0,8615.792312069914,0.0,0,20,3780
547.0,8619.792312069914,0.0,0,20,3780
548.0,8623.792312069914,0.0,0,20,3780
549.0,8627.792312069914,0.0,0,20,3780
550.0,8631.792312069914,0.0,0,20,3780
551.0,8635.792312069914,0.0,0,20,3780
552.0,8639.792312069914,0.0,0,20,3780
553.0,8643.792312069914,0.0,0,20,3780
554.0,8647.792312069914,0.0,0,20,3780
555.0,8651.792312069914,0.0,0,20,3780
556.0,8655.792312069914,0.0,0,20,3780
557.0,8659.792312069914,0.0,0,20,3780
558.0,8663.792312069914,0.0,0,20,3780
559.0,8667.792312069914,0.0,0,20,3780
560.0,8671.792312069914,0.0,0,20,3780
561.0,8675.792312069914,0.0,0,20,3780
562.0,8679.792312069914,0.0,0,20,3780
563.0,8683.792312069914,0.0,0,20,3780
564.0,8687.792312069914,0.0,0,20,3780
565.0,8691.792312069914,0.0,0,20,3780
566.0,8695.792312069914,0.0,0,20,3780
567.0,8699.792312069914,0.0,0,20,3780
568.0,8703.792312069914,0.0,0,20,3780
569.0,8707.792312069914,0.0,0,20,3780
570.0,8711.792312069914,0.0,0,20,3780
571.0,8715.792312069914,0.0,0,20,3780
572.0,8719.792312069914,0.0,0,20,3780
573.0,8723.792312069914,0.0,0,20,3780
574.0,8727.792312069914,0.0,0,20,3780
575.0,8731.792312069914,0.0,0,20,3780
576.0,8735.792312069914,0.0,0,20,3780
577.0,8739.792312069914,0.0,0,20,3780
578.0,8743.792312069914,0.0,0,20,3780
579.0,8747.792312069914,0.0,0,20,3780
580.0,8751.792312069914,0.0,0,20,3780
581.0,8755.792312069914,0.0,0,20,3780
582.0,8759.792312069914,0.0,0,20,3780
583.0,8763.792312069914,0.0,0,20,3780
584.0,8767.792312069914,0.0,0,20,3780
585.0,8771.792312069914,0.0,0,20,3780
586.0,8775.792312069914,0.0,0,20,3780
587.0,8779.792312069914,0.0,0,20,3780
588.0,8783.785923588974,0.0,0,20,3780
589.0,8787.759662877652,0.0,0,20,3780
590.0,8791.713927380557,0.0,0,20,3780
591.0,8795.649106593404,0.0,0,20,3780
592.0,8799.565582221994,0.0,0,20,3780
593.0,8802.565582221994,0.0,0,20,3780
594.0,8805.565582221994,0.0,0,20,3780
595.0,8808.565582221994,0.0,0,20,3780
596.0,8811.565582221994,0.0,0,20,3780
597.0,8814.565582221994,0.0,0,20,3780
598.0,8817.565582221994,0.0,0,20,3780
599.0,8820.565582221994,0.0,0,20,3780
600.0,8823.565582221994,0.0,0,20,3780
601.0,8826.565582221994,0.0,0,20,3780
602.0,8829.565582221994,0.0,0,20,3780
603.0,8832.565582221994,0.0,0,20,3780
604.0,8835.565582221994,0.0,0,20,3780
605.0,8838.565582221994,0.0,0,20,3780
606.0,8841.565582221994,0.0,0,20,3780
607.0,8844.565582221994,0.0,0,20,3780
608.0,8847.565582221994,0.0,0,20,3780
609.0,8850.565582221994,0.0,0,20,3780
610.0,8853.565582221994,0.0,0,20,3780
611.0,8856.565582221994,0.0,0,20,3780
612.0,8859.565582221994,0.0,0,20,3780
613.0,8862.565582221994,0.0,0,20,3780
614.0,8865.565582221994,0.0,0,20,3780
615.0,8868.565582221994,0.0,0,20,3780
616.0,8871.565582221994,0.0,0,20,3780
617.0,8874.565582221994,0.0,0,20,3780
618.0,8877.565582221994,0.0,0,20,3780
619.0,8880.565582221994,0.0,0,20,3780
620.0,8883.565582221994,0.0,0,20,3780
621.0,8886.565582221994,0.0,0,20,3780
622.0,8889.565582221994,0.0,0,20,3780
623.0,8892.565582221994,0.0,0,20,3780
624.0,8894.565582221994,0.0,0,20,3780
625.0,8896.565582221994,0.0,0,20,3780
626.0,8898.565582221994,0.0,0,20,3780
627.0,8900.565582221994,0.0,0,20,3780
628.0,8902.565582221994,0.0,0,20,3780
629.0,8904.565582221994,0.0,0,20,3780
630.0,8906.565582221994,0.0,0,20,3780
631.0,8908.565582221994,0.0,0,20,3780
632.0,8910.565582221994,0.0,0,20,3780
633.0,8912.565582221994,0.0,0,20,3780
634.0,8914.565582221994,0.0,0,20,3780
635.0,8916.565582221994,0.0,0,20,3780
636.0,8918.565582221994,0.0,0,20,3780
637.0,8920.565582221994,0.0,0,20,3780
638.0,8922.565582221994,0.0,0,20,3780
639.0,8924.565582221994,0.0,0,20,3780
640.0,8926.565582221994,0.0,0,20,3780
641.0,8928.565582221994,0.0,0,20,3780
642.0,8930.565582221994,0.0,0,20,3780
643.0,8932.565582221994,0.0,0,20,3780
644.0,8934.565582221994,0.0,0,20,3780
645.0,8936.565582221994,0.0,0,20,3780
646.0,8938.565582221994,0.0,0,20,3780
647.0,8940.565582221994,0.0,0,20,3780
648.0,8942.565582221994,0.0,0,20,3780
649.0,8944.565582221994,0.0,0,20,3780
650.0,8946.565582221994,0.0,0,20,3780
651.0,8948.565582221994,0.0,0,20,3780
652.0,8950.565582221994,0.0,0,20,3780
653.0,8952.565582221994,0.0,0,20,3780
654.0,8954.565582221994,0.0,0,20,3780
655.0,8956.565582221994,0.0,0,20,3780
656.0,8958.565582221994,0.0,0,20,3780
657.0,8960.565582221994,0.0,0,20,3780
658.0,8962.565582221994,0.0,0,20,3780
659.0,8964.565582221994,0.0,0,20,3780
660.0,8966.565582221994,0.0,0,20,3780
661.0,8968.565582221994,0.0,0,20,3780
662.0,8970.565582221994,0.0,0,20,3780
663.0,8972.565582221994,0.0,0,20,3780
664.0,8974.565582221994,0.0,0,20,3780
665.0,8976.565582221994,0.0,0,20,3780
666.0,8978.565582221994,0.0,0,20,3780
667.0,8980.565582221994,0.0,0,20,3780
668.0,8982.565582221994,0.0,0,20,3780
669.0,8984.565582221994,0.0,0,20,3780
670.0,8986.565582221994,0.0,0,20,3780
671.0,8988.565582221994,0.0,0,20,3780
672.0,8990.565582221994,0.0,0,20,3780
673.0,8992.565582221994,0.0,0,20,3780
674.0,8994.565582221994,0.0,0,20,3780
675.0,8996.565582221994,0.0,0,20,3780
676.0,8998.565582221994,0.0,0,20,3780
677.0,9000.565582221994,0.0,0,20,3780
678.0,9002.565582221994,0.0,0,20,3780
679.0,9004.565582221994,0.0,0,20,3780
680.0,9006.565582221994,0.0,0,20,3780
681.0,9008.565582221994,0.0,0,20,3780
682.0,9010.565582221994,0.0,0,20,3780
683.0,9012.565582221994,0.0,0,20,3780
684.0,9014.565582221994,0.0,0,20,3780
685.0,9016.565582221994,0.0,0,20,3780
686.0,9018.565582221994,0.0,0,20,3780
687.0,9020.565582221994,0.0,0,20,3780
688.0,9022.565582221994,0.0,0,20,3780
689.0,9024.565582221994,0.0,0,20,3780
690.0,9026.565582221994,0.0,0,20,3780
691.0,9028.565582221994,0.0,0,20,3780
692.0,9030.565582221994,0.0,0,20,3780
693.0,9032.565582221994,0.0,0,20,3780
694.0,9034.565582221994,0.0,0,20,3780
695.0,9036.565582221992,0.0,0,20,3780
696.0,9038.565582221992,0.0,0,20,3780
697.0,9040.565582221992,0.0,0,20,3780
698.0,9042.565582221992,0.0,0,20,3780
699.0,9044.565582221992,0.0,0,20,3780
700.0,9046.565582221992,0.0,0,20,3780
701.0,9048.565582221992,0.0,0,20,3780
702.0,9050.565582221992,0.0,0,20,3780
703.0,9052.565582221992,0.0,0,20,3780
704.0,9054.565582221992,0.0,0,20,3780
705.0,9056.565582221992,0.0,0,20,3780
706.0,9058.565582221992,0.0,0,20,3780
707.0,9060.565582221992,0.0,0,20,3780
708.0,9062.565582221992,0.0,0,20,3780
709.0,9064.565582221992,0.0,0,20,3780
710.0,9066.565582221992,0.0,0,20,3780
711.0,9068.565582221992,0.0,0,20,3780
712.0,9070.565582221992,0.0,0,20,3780
713.0,9072.565582221992,0.0,0,20,3780
714.0,9074.565582221992,0.0,0,20,3780
715.0,9076.565582221992,0.0,0,20,3780
716.0,9078.565582221992,0.0,0,20,3780
717.0,9080.565582221992,0.0,0,20,3780
718.0,9082.565582221992,0.0,0,20,3780
719.0,9084.565582221992,0.0,0,20,3780
720.0,9086.565582221992,0.0,0,20,3780
721.0,9088.565582221992,0.0,0,20,3780
722.0,9090.565582221992,0.0,0,20,3780
723.0,9092.565582221992,0.0,0,20,3780
724.0,9094.565582221992,0.0,0,20,3780
725.0,9096.565582221992,0.0,0,20,3780
726.0,9098.565582221992,0.0,0,20,3780
727.0,9100.565582221992,0.0,0,20,3780
728.0,9102.565582221992,0.0,0,20,3780
729.0,9104.565582221992,0.0,0,20,3780
730.0,9106.565582221992,0.0,0,20,3780
731.0,9108.565582221992,0.0,0,20,3780
732.0,9110.565582221992,0.0,0,20,3780
733.0,9112.565582221992,0.0,0,20,3780
734.0,9114.565582221992,0.0,0,20,3780
735.0,9116.565582221992,0.0,0,20,3780
736.0,9118.565582221992,0.0,0,20,3780
737.0,9120.565582221992,0.0,0,20,3780
738.0,9122.565582221992,0.0,0,20,3780
739.0,9124.565582221992,0.0,0,20,3780
740.0,9126.565582221992,0.0,0,20,3780
741.0,9128.565582221992,0.0,0,20,3780
742.0,9130.565582221992,0.0,0,20,3780
743.0,9132.565582221992,0.0,0,20,3780
744.0,9134.565582221992,0.0,0,20,3780
745.0,9136.565582221992,0.0,0,20,3780
746.0,9138.565582221992,0.0,0,20,3780
747.0,9140.565582221992,0.0,0,20,3780
748.0,9142.565582221992,0.0,0,20,3780
749.0,9144.565582221992,0.0,0,20,3780
750.0,9146.565582221992,0.0,0,20,3780
751.0,9148.565582221992,0.0,0,20,3780
752.0,9150.565582221992,0.0,0,20,3780
753.0,9152.565582221992,0.0,0,20,3780
754.0,9154.565582221992,0.0,0,20,3780
755.0,9156.565582221992,0.0,0,20,3780
756.0,9158.565582221992,0.0,0,20,3780
757.0,9160.565582221992,0.0,0,20,3780
758.0,9162.565582221992,0.0,0,20,3780
759.0,9164.565582221992,0.0,0,20,3780
760.0,9166.565582221992,0.0,0,20,3780
761.0,9168.565582221992,0.0,0,20,3780
762.0,9170.565582221992,0.0,0,20,3780
763.0,9172.565582221992,0.0,0,20,3780
764.0,9174.565582221992,0.0,0,20,3780
765.0,9176.565582221992,0.0,0,20,3780
766.0,9178.565582221992,0.0,0,20,3780
767.0,9180.565582221992,0.0,0,20,3780
768.0,9182.565582221992,0.0,0,20,3780
769.0,9184.565582221992,0.0,0,20,3780
770.0,9186.565582221992,0.0,0,20,3780
771.0,9188.565582221992,0.0,0,20,3780
772.0,9190.565582221992,0.0,0,20,3780
773.0,9192.565582221992,0.0,0,20,3780
774.0,9194.565582221992,0.0,0,20,3780
775.0,9196.565582221992,0.0,0,20,3780
776.0,9198.565582221992,0.0,0,20,3780
777.0,9200.565582221992,0.0,0,20,3780
778.0,9202.565582221992,0.0,0,20,3780
779.0,9204.565582221992,0.0,0,20,3780
780.0,9206.565582221992,0.0,0,20,3780
781.0,9208.565582221992,0.0,0,20,3780
782.0,9210.565582221992,0.0,0,20,3780
783.0,9212.565582221992,0.0,0,20,3780
784.0,9214.565582221992,0.0,0,20,3780
785.0,9216.565582221992,0.0,0,20,3780
786.0,9218.565582221992,0.0,0,20,3780
787.0,9220.565582221992,0.0,0,20,3780
788.0,9222.565582221992,0.0,0,20,3780
789.0,9224.565582221992,0.0,0,20,3780
790.0,9226.565582221992,0.0,0,20,3780
791.0,9228.565582221992,0.0,0,20,3780
792.0,9230.565582221992,0.0,0,20,3780
793.0,9232.565582221992,0.0,0,20,3780
794.0,9234.565582221992,0.0,0,20,3780
795.0,9236.565582221992,0.0,0,20,3780
796.0,9238.565582221992,0.0,0,20,3780
797.0,9240.565582221992,0.0,0,20,3780
798.0,9242.565582221992,0.0,0,20,3780
799.0,9244.565582221992,0.0,0,20,3780
800.0,9246.565582221992,0.0,0,20,3780
801.0,9248.565582221992,0.0,0,20,3780
802.0,9250.565582221992,0.0,0,20,3780
803.0,9252.565582221992,0.0,0,20,3780
804.0,9254.565582221992,0.0,0,20,3780
805.0,9256.565582221992,0.0,0,20,3780
806.0,9258.565582221992,0.0,0,20,3780
807.0,9260.565582221992,0.0,0,20,3780
808.0,9262.565582221992,0.0,0,20,3780
809.0,9264.565582221992,0.0,0,20,3780
810.0,9266.565582221992,0.0,0,20,3780
811.0,9268.565582221992,0.0,0,20,3780
812.0,9270.565582221992,0.0,0,20,3780
813.0,9272.565582221992,0.0,0,20,3780
814.0,9274.565582221992,0.0,0,20,3780
815.0,9276.565582221992,0.0,0,20,3780
816.0,9277.565582221992,0.0,0,20,3780
817.0,9278.565582221992,0.0,0,20,3780
818.0,9279.565582221992,0.0,0,20,3780
819.0,9280.565582221992,0.0,0,20,3780
820.0,9281.565582221992,0.0,0,20,3780
821.0,9282.565582221992,0.0,0,20,3780
822.0,9283.565582221992,0.0,0,20,3780
823.0,9284.565582221992,0.0,0,20,3780
824.0,9285.56558222199,0.0,0,20,3780
825.0,9286.56558222199,0.0,0,20,3780
826.0,9287.56558222199,0.0,0,20,3780
827.0,9288.56558222199,0.0,0,20,3780
828.0,9289.56558222199,0.0,0,20,3780
829.0,9290.56558222199,0.0,0,20,3780
830.0,9291.56558222199,0.0,0,20,3780
831.0,9292.56558222199,0.0,0,20,3780
832.0,9293.56558222199,0.0,0,20,3780
833.0,9294.56558222199,0.0,0,20,3780
834.0,9295.56558222199,0.0,0,20,3780
835.0,9296.56558222199,0.0,0,20,3780
836.0,9297.56558222199,0.0,0,20,3780
837.0,9298.56558222199,0.0,0,20,3780
838.0,9299.56558222199,0.0,0,20,3780
839.0,9300.56558222199,0.0,0,20,3780
840.0,9301.56558222199,0.0,0,20,3780
841.0,9302.56558222199,0.0,0,20,3780
842.0,9303.56558222199,0.0,0,20,3780
843.0,9304.56558222199,0.0,0,20,3780
844.0,9305.56558222199,0.0,0,20,3780
845.0,9306.56558222199,0.0,0,20,3780
846.0,9307.56558222199,0.0,0,20,3780
847.0,9308.56558222199,0.0,0,20,3780
848.0,9309.56558222199,0.0,0,20,3780
849.0,9310.56558222199,0.0,0,20,3780
850.0,9311.56558222199,0.0,0,20,3780
851.0,9312.56558222199,0.0,0,20,3780
852.0,9313.56558222199,0.0,0,20,3780
853.0,9314.56558222199,0.0,0,20,3780
854.0,9315.56558222199,0.0,0,20,3780
855.0,9316.56558222199,0.0,0,20,3780
856.0,9317.56558222199,0.0,0,20,3780
857.0,9318.56558222199,0.0,0,20,3780
858.0,9319.56558222199,0.0,0,20,3780
859.0,9320.56558222199,0.0,0,20,3780
860.0,9321.56558222199,0.0,0,20,3780
861.0,9322.56558222199,0.0,0,20,3780
862.0,9323.56558222199,0.0,0,20,3780
863.0,9324.56558222199,0.0,0,20,3780
864.0,9325.56558222199,0.0,0,20,3780
865.0,9326.56558222199,0.0,0,20,3780
866.0,9327.56558222199,0.0,0,20,3780
867.0,9328.56558222199,0.0,0,20,3780
868.0,9329.56558222199,0.0,0,20,3780
869.0,9330.56558222199,0.0,0,20,3780
870.0,9331.56558222199,0.0,0,20,3780
871.0,9332.56558222199,0.0,0,20,3780
872.0,9333.56558222199,0.0,0,20,3780
873.0,9334.56558222199,0.0,0,20,3780
874.0,9335.56558222199,0.0,0,20,3780
875.0,9336.56558222199,0.0,0,20,3780
876.0,9337.56558222199,0.0,0,20,3780
877.0,9338.56558222199,0.0,0,20,3780
878.0,9339.56558222199,0.0,0,20,3780
879.0,9340.56558222199,0.0,0,20,3780
880.0,9341.56558222199,0.0,0,20,3780
881.0,9342.56558222199,0.0,0,20,3780
882.0,9343.56558222199,0.0,0,20,3780
883.0,9344.56558222199,0.0,0,20,3780
884.0,9345.56558222199,0.0,0,20,3780
885.0,9346.56558222199,0.0,0,20,3780
886.0,9347.56558222199,0.0,0,20,3780
887.0,9348.56558222199,0.0,0,20,3780
888.0,9349.56558222199,0.0,0,20,3780
889.0,9350.56558222199,0.0,0,20,3780
890.0,9351.56558222199,0.0,0,20,3780
891.0,9352.56558222199,0.0,0,20,3780
892.0,9353.56558222199,0.0,0,20,3780
893.0,9354.56558222199,0.0,0,20,3780
894.0,9355.56558222199,0.0,0,20,3780
895.0,9356.56558222199,0.0,0,20,3780
896.0,9357.56558222199,0.0,0,20,3780
897.0,9358.56558222199,0.0,0,20,3780
898.0,9359.56558222199,0.0,0,20,3780
899.0,9360.56558222199,0.0,0,20,3780
900.0,9361.56558222199,0.0,0,20,3780
901.0,9362.56558222199,0.0,0,20,3780
902.0,9363.56558222199,0.0,0,20,3780
903.0,9364.56558222199,0.0,0,20,3780
904.0,9365.56558222199,0.0,0,20,3780
905.0,9366.56558222199,0.0,0,20,3780
906.0,9367.56558222199,0.0,0,20,3780
907.0,9368.56558222199,0.0,0,20,3780
908.0,9369.56558222199,0.0,0,20,3780
909.0,9370.56558222199,0.0,0,20,3780
910.0,9371.56558222199,0.0,0,20,3780
911.0,9372.56558222199,0.0,0,20,3780
912.0,9373.56558222199,0.0,0,20,3780
913.0,9374.56558222199,0.0,0,20,3780
914.0,9375.56558222199,0.0,0,20,3780
915.0,9376.56558222199,0.0,0,20,3780
916.0,9377.56558222199,0.0,0,20,3780
917.0,9378.56558222199,0.0,0,20,3780
918.0,9379.56558222199,0.0,0,20,3780
919.0,9380.56558222199,0.0,0,20,3780
920.0,9381.56558222199,0.0,0,20,3780
921.0,9382.56558222199,0.0,0,20,3780
922.0,9383.56558222199,0.0,0,20,3780
923.0,9384.56558222199,0.0,0,20,3780
924.0,9385.56558222199,0.0,0,20,3780
925.0,9386.56558222199,0.0,0,20,3780
926.0,9387.56558222199,0.0,0,20,3780
927.0,9388.56558222199,0.0,0,20,3780
928.0,9389.56558222199,0.0,0,20,3780
929.0,9390.56558222199,0.0,0,20,3780
930.0,9391.56558222199,0.0,0,20,3780
931.0,9392.56558222199,0.0,0,20,3780
932.0,9393.56558222199,0.0,0,20,3780
933.0,9394.56558222199,0.0,0,20,3780
934.0,9395.56558222199,0.0,0,20,3780
935.0,9396.56558222199,0.0,0,20,3780
936.0,9397.56558222199,0.0,0,20,3780
937.0,9398.56558222199,0.0,0,20,3780
938.0,9399.56558222199,0.0,0,20,3780
939.0,9400.56558222199,0.0,0,20,3780
940.0,9401.56558222199,0.0,0,20,3780
941.0,9402.56558222199,0.0,0,20,3780
942.0,9403.56558222199,0.0,0,20,3780
943.0,9404.56558222199,0.0,0,20,3780
944.0,9405.56558222199,0.0,0,20,3780
945.0,9406.56558222199,0.0,0,20,3780
946.0,9407.56558222199,0.0,0,20,3780
947.0,9408.56558222199,0.0,0,20,3780
948.0,9408.56558222199,0.0,0,20,3780
949.0,9408.56558222199,0.0,0,20,3780
950.0,9408.56558222199,0.0,0,20,3780
951.0,9408.56558222199,0.0,0,20,3780
952.0,9408.56558222199,0.0,0,20,3780
953.0,9408.56558222199,0.0,0,20,3780
954.0,9408.56558222199,0.0,0,20,3780
955.0,9408.56558222199,0.0,0,20,3780
956.0,9408.56558222199,0.0,0,20,3780
957.0,9408.56558222199,0.0,0,20,3780
958.0,9408.56558222199,0.0,0,20,3780
959.0,9408.56558222199,0.0,0,20,3780
960.0,9408.56558222199,0.0,0,20,3780
961.0,9408.56558222199,0.0,0,20,3780
962.0,9408.56558222199,0.0,0,20,3780
963.0,9408.56558222199,0.0,0,20,3780
964.0,9408.56558222199,0.0,0,20,3780
965.0,9408.56558222199,0.0,0,20,3780
966.0,9408.56558222199,0.0,0,20,3780
967.0,9408.56558222199,0.0,0,20,3780
968.0,9408.56558222199,0.0,0,20,3780
969.0,9408.56558222199,0.0,0,20,3780
970.0,9408.56558222199,0.0,0,20,3780
971.0,9408.56558222199,0.0,0,20,3780
972.0,9408.56558222199,0.0,0,20,3780
973.0,9408.56558222199,0.0,0,20,3780
974.0,9408.56558222199,0.0,0,20,3780
975.0,9408.56558222199,0.0,0,20,3780
976.0,9408.56558222199,0.0,0,20,3780
977.0,9408.56558222199,0.0,0,20,3780
978.0,9408.56558222199,0.0,0,20,3780
979.0,9408.56558222199,0.0,0,20,3780
980.0,9408.56558222199,0.0,0,20,3780
981.0,9408.56558222199,0.0,0,20,3780
982.0,9408.56558222199,0.0,0,20,3780
983.0,9408.56558222199,0.0,0,20,3780
984.0,9408.56558222199,0.0,0,20,3780
985.0,9408.56558222199,0.0,0,20,3780
986.0,9408.56558222199,0.0,0,20,3780
987.0,9408.56558222199,0.0,0,20,3780
988.0,9408.56558222199,0.0,0,20,3780
989.0,9408.56558222199,0.0,0,20,3780
990.0,9408.56558222199,0.0,0,20,3780
991.0,9408.56558222199,0.0,0,20,3780
992.0,9408.56558222199,0.0,0,20,3780
993.0,9408.56558222199,0.0,0,20,3780
994.0,9408.56558222199,0.0,0,20,3780
995.0,9408.56558222199,0.0,0,20,3780
996.0,9408.56558222199,0.0,0,20,3780
997.0,9408.56558222199,0.0,0,20,3780
998.0,9408.56558222199,0.0,0,20,3780
999.0,9408.56558222199,0.0,0,20,3780
1000.0,9408.56558222199,0.0,0,20,3780
1001.0,9408.56558222199,0.0,0,20,3780
1002.0,9408.56558222199,0.0,0,20,3780
1003.0,9408.56558222199,0.0,0,20,3780
1004.0,9408.56558222199,0.0,0,20,3780
1005.0,9408.56558222199,0.0,0,20,3780
1006.0,9408.56558222199,0.0,0,20,3780
1007.0,9408.56558222199,0.0,0,20,3780
1008.0,9408.56558222199,0.0,0,20,3780
1009.0,9408.56558222199,0.0,0,20,3780
1010.0,9408.56558222199,0.0,0,20,3780
1011.0,9408.56558222199,0.0,0,20,3780
1012.0,9408.56558222199,0.0,0,20,3780
1013.0,9408.56558222199,0.0,0,20,3780
1014.0,9408.56558222199,0.0,0,20,3780
1015.0,9408.56558222199,0.0,0,20,3780
1016.0,9408.56558222199,0.0,0,20,3780
1017.0,9408.56558222199,0.0,0,20,3780
1018.0,9408.56558222199,0.0,0,20,3780
1019.0,9408.56558222199,0.0,0,20,3780
1020.0,9408.56558222199,0.0,0,20,3780
1021.0,9408.56558222199,0.0,0,20,3780
1022.0,9408.56558222199,0.0,0,20,3780
1023.0,9408.56558222199,0.0,0,20,3780
1024.0,9408.56558222199,0.0,0,20,3780
1025.0,9408.56558222199,0.0,0,20,3780
1026.0,9408.56558222199,0.0,0,20,3780
1027.0,9408.56558222199,0.0,0,20,3780
1028.0,9408.56558222199,0.0,0,20,3780
1029.0,9408.56558222199,0.0,0,20,3780
1030.0,9408.56558222199,0.0,0,20,3780
1031.0,9408.56558222199,0.0,0,20,3780
1032.0,9408.56558222199,0.0,0,20,3780
1033.0,9408.56558222199,0.0,0,20,3780
1034.0,9408.56558222199,0.0,0,20,3780
1035.0,9408.56558222199,0.0,0,20,3780
1036.0,9408.56558222199,0.0,0,20,3780
1037.0,9408.56558222199,0.0,0,20,3780
1038.0,9408.56558222199,0.0,0,20,3780
1039.0,9408.56558222199,0.0,0,20,3780
1040.0,9408.56558222199,0.0,0,20,3780
1041.0,9408.56558222199,0.0,0,20,3780
1042.0,9408.56558222199,0.0,0,20,3780
1043.0,9408.56558222199,0.0,0,20,3780
1044.0,9408.56558222199,0.0,0,20,3780
1045.0,9408.56558222199,0.0,0,20,3780
1046.0,9408.56558222199,0.0,0,20,3780
1047.0,9408.56558222199,0.0,0,20,3780
1048.0,9408.56558222199,0.0,0,20,3780
1049.0,9408.56558222199,0.0,0,20,3780
1050.0,9408.56558222199,0.0,0,20,3780
1051.0,9408.56558222199,0.0,0,20,3780
1052.0,9408.56558222199,0.0,0,20,3780
1053.0,9408.56558222199,0.0,0,20,3780
1054.0,9408.56558222199,0.0,0,20,3780
1055.0,9408.56558222199,0.0,0,20,3780
1056.0,9408.56558222199,0.0,0,20,3780
1057.0,9408.56558222199,0.0,0,20,3780
1058.0,9408.56558222199,0.0,0,20,3780
1059.0,9408.56558222199,0.0,0,20,3780
1060.0,9408.56558222199,0.0,0,20,3780
1061.0,9408.56558222199,0.0,0,20,3780
1062.0,9408.56558222199,0.0,0,20,3780
1063.0,9408.56558222199,0.0,0,20,3780
1064.0,9408.56558222199,0.0,0,20,3780
1065.0,9408.56558222199,0.0,0,20,3780
1066.0,9408.56558222199,0.0,0,20,3780
1067.0,9408.56558222199,0.0,0,20,3780
1068.0,9408.56558222199,0.0,0,20,3780
1069.0,9408.56558222199,0.0,0,20,3780
1070.0,9408.56558222199,0.0,0,20,3780
1071.0,9408.56558222199,0.0,0,20,3780
1072.0,9408.56558222199,0.0,0,20,3780
1073.0,9408.56558222199,0.0,0,20,3780
1074.0,9408.56558222199,0.0,0,20,3780
1075.0,9408.56558222199,0.0,0,20,3780
1076.0,9408.56558222199,0.0,0,20,3780
1077.0,9408.56558222199,0.0,0,20,3780
1078.0,9408.56558222199,0.0,0,20,3780
1079.0,9408.56558222199,0.0,0,20,3780
1080.0,9408.56558222199,0.0,0,20,3780
1081.0,9408.56558222199,0.0,0,20,3780
1082.0,9408.56558222199,0.0,0,20,3780
1083.0,9408.56558222199,0.0,0,20,3780
1084.0,9408.56558222199,0.0,0,20,3780
1085.0,9408.56558222199,0.0,0,20,3780
1086.0,9408.56558222199,0.0,0,20,3780
1087.0,9408.56558222199,0.0,0,20,3780
1088.0,9408.56558222199,0.0,0,20,3780
1089.0,9408.56558222199,0.0,0,20,3780
1090.0,9408.56558222199,0.0,0,20,3780
1091.0,9408.56558222199,0.0,0,20,3780
1092.0,9408.56558222199,0.0,0,20,3780
1093.0,9408.56558222199,0.0,0,20,3780
1094.0,9408.56558222199,0.0,0,20,3780
1095.0,9408.56558222199,0.0,0,20,3780
1096.0,9408.56558222199,0.0,0,20,3780
1097.0,9408.56558222199,0.0,0,20,3780
1098.0,9408.56558222199,0.0,0,20,3780
1099.0,9408.56558222199,0.0,0,20,3780
1100.0,9408.56558222199,0.0,0,20,3780
1101.0,9408.56558222199,0.0,0,20,3780
1102.0,9408.56558222199,0.0,0,20,3780
1103.0,9408.56558222199,0.0,0,20,3780
1104.0,9408.56558222199,0.0,0,20,3780
1105.0,9408.56558222199,0.0,0,20,3780
1106.0,9408.56558222199,0.0,0,20,3780
1107.0,9408.56558222199,0.0,0,20,3780
1108.0,9408.56558222199,0.0,0,20,3780
1109.0,9408.56558222199,0.0,0,20,3780
1110.0,9408.56558222199,0.0,0,20,3780
1111.0,9408.56558222199,0.0,0,20,3780
1112.0,9408.56558222199,0.0,0,20,3780
1113.0,9408.56558222199,0.0,0,20,3780
1114.0,9408.56558222199,0.0,0,20,3780
1115.0,9408.56558222199,0.0,0,20,3780
1116.0,9408.56558222199,0.0,0,20,3780
1117.0,9408.56558222199,0.0,0,20,3780
1118.0,9408.56558222199,0.0,0,20,3780
1119.0,9408.56558222199,0.0,0,20,3780
1120.0,9408.56558222199,0.0,0,20,3780
1121.0,9408.56558222199,0.0,0,20,3780
1122.0,9408.56558222199,0.0,0,20,3780
1123.0,9408.56558222199,0.0,0,20,3780
1124.0,9408.56558222199,0.0,0,20,3780
1125.0,9408.56558222199,0.0,0,20,3780
1126.0,9408.56558222199,0.0,0,20,3780
1127.0,9408.56558222199,0.0,0,20,3780
1128.0,9408.56558222199,0.0,0,20,3780
1129.0,9408.56558222199,0.0,0,20,3780
1130.0,9408.56558222199,0.0,0,20,3780
1131.0,9408.56558222199,0.0,0,20,3780
1132.0,9408.56558222199,0.0,0,20,3780
1133.0,9408.56558222199,0.0,0,20,3780
1134.0,9408.56558222199,0.0,0,20,3780
1135.0,9408.56558222199,0.0,0,20,3780
1136.0,9408.56558222199,0.0,0,20,3780
1137.0,9408.56558222199,0.0,0,20,3780
1138.0,9408.56558222199,0.0,0,20,3780
1139.0,9408.56558222199,0.0,0,20,3780
1140.0,9408.56558222199,0.0,0,20,3780
1141.0,9408.56558222199,0.0,0,20,3780
1142.0,9408.56558222199,0.0,0,20,3780
1143.0,9408.56558222199,0.0,0,20,3780
1144.0,9408.56558222199,0.0,0,20,3780
1145.0,9408.56558222199,0.0,0,20,3780
1146.0,9408.56558222199,0.0,0,20,3780
1147.0,9408.56558222199,0.0,0,20,3780
1148.0,9408.56558222199,0.0,0,20,3780
1149.0,9408.56558222199,0.0,0,20,3780
1150.0,9408.56558222199,0.0,0,20,3780
1151.0,9408.56558222199,0.0,0,20,3780
1152.0,9408.56558222199,0.0,0,20,3780
1153.0,9408.56558222199,0.0,0,20,3780
1154.0,9408.56558222199,0.0,0,20,3780
1155.0,9408.56558222199,0.0,0,20,3780
1156.0,9408.56558222199,0.0,0,20,3780
1157.0,9408.56558222199,0.0,0,20,3780
1158.0,9408.56558222199,0.0,0,20,3780
1159.0,9408.56558222199,0.0,0,20,3780
1160.0,9408.56558222199,0.0,0,20,3780
1161.0,9408.56558222199,0.0,0,20,3780
1162.0,9408.56558222199,0.0,0,20,3780
1163.0,9408.56558222199,0.0,0,20,3780
1164.0,9408.56558222199,0.0,0,20,3780
1165.0,9408.56558222199,0.0,0,20,3780
1166.0,9408.56558222199,0.0,0,20,3780
1167.0,9408.56558222199,0.0,0,20,3780
1168.0,9408.56558222199,0.0,0,20,3780
1169.0,9408.56558222199,0.0,0,20,3780
1170.0,9408.56558222199,0.0,0,20,3780
1171.0,9408.56558222199,0.0,0,20,3780
1172.0,9408.56558222199,0.0,0,20,3780
1173.0,9408.56558222199,0.0,0,20,3780
1174.0,9408.56558222199,0.0,0,20,3780
1175.0,9408.56558222199,0.0,0,20,3780
1176.0,9408.56558222199,0.0,0,20,3780
1177.0,9408.56558222199,0.0,0,20,3780
1178.0,9408.56558222199,0.0,0,20,3780
1179.0,9408.56558222199,0.0,0,20,3780
1180.0,9408.56558222199,0.0,0,20,3780
1181.0,9408.56558222199,0.0,0,20,3780
1182.0,9408.56558222199,0.0,0,20,3780
1183.0,9408.56558222199,0.0,0,20,3780
1184.0,9408.56558222199,0.0,0,20,3780
1185.0,9408.56558222199,0.0,0,20,3780
1186.0,9408.56558222199,0.0,0,20,3780
1187.0,9408.56558222199,0.0,0,20,3780
1188.0,9408.56558222199,0.0,0,20,3780
1189.0,9408.56558222199,0.0,0,20,3780
1190.0,9408.56558222199,0.0,0,20,3780
1191.0,9408.56558222199,0.0,0,20,3780
1192.0,9408.56558222199,0.0,0,20,3780
1193.0,9408.56558222199,0.0,0,20,3780
1194.0,9408.56558222199,0.0,0,20,3780
1195.0,9408.56558222199,0.0,0,20,3780
1196.0,9408.56558222199,0.0,0,20,3780
1197.0,9408.56558222199,0.0,0,20,3780
1198.0,9408.56558222199,0.0,0,20,3780
1199.0,9408.56558222199,0.0,0,20,3780
1200.0,9408.56558222199,0.0,0,20,3780
1201.0,9408.56558222199,0.0,0,20,3780
1202.0,9408.56558222199,0.0,0,20,3780
1203.0,9408.56558222199,0.0,0,20,3780
1204.0,9408.56558222199,0.0,0,20,3780
1205.0,9408.56558222199,0.0,0,20,3780
1206.0,9408.56558222199,0.0,0,20,3780
1207.0,9408.56558222199,0.0,0,20,3780
1208.0,9408.56558222199,0.0,0,20,3780
1209.0,9408.56558222199,0.0,0,20,3780
1210.0,9408.56558222199,0.0,0,20,3780
1211.0,9408.56558222199,0.0,0,20,3780
1212.0,9408.56558222199,0.0,0,20,3780
1213.0,9408.56558222199,0.0,0,20,3780
1214.0,9408.56558222199,0.0,0,20,3780
1215.0,9408.56558222199,0.0,0,20,3780
1216.0,9408.56558222199,0.0,0,20,3780
1217.0,9408.56558222199,0.0,0,20,3780
1218.0,9408.56558222199,0.0,0,20,3780
1219.0,9408.56558222199,0.0,0,20,3780
1220.0,9408.56558222199,0.0,0,20,3780
1221.0,9408.56558222199,0.0,0,20,3780
1222.0,9408.56558222199,0.0,0,20,3780
1223.0,9408.56558222199,0.0,0,20,3780
1224.0,9408.56558222199,0.0,0,20,3780
1225.0,9408.56558222199,0.0,0,20,3780
1226.0,9408.56558222199,0.0,0,20,3780
1227.0,9408.56558222199,0.0,0,20,3780
1228.0,9408.56558222199,0.0,0,20,3780
1229.0,9408.56558222199,0.0,0,20,3780
1230.0,9408.56558222199,0.0,0,20,3780
1231.0,9408.56558222199,0.0,0,20,3780
1232.0,9408.56558222199,0.0,0,20,3780
1233.0,9408.56558222199,0.0,0,20,3780
1234.0,9408.56558222199,0.0,0,20,3780
1235.0,9408.56558222199,0.0,0,20,3780
1236.0,9408.56558222199,0.0,0,20,3780
1237.0,9408.56558222199,0.0,0,20,3780
1238.0,9408.56558222199,0.0,0,20,3780
1239.0,9408.56558222199,0.0,0,20,3780
1240.0,9408.56558222199,0.0,0,20,3780
1241.0,9408.56558222199,0.0,0,20,3780
1242.0,9408.56558222199,0.0,0,20,3780
1243.0,9408.56558222199,0.0,0,20,3780
1244.0,9408.56558222199,0.0,0,20,3780
1245.0,9408.56558222199,0.0,0,20,3780
1246.0,9408.56558222199,0.0,0,20,3780
1247.0,9408.56558222199,0.0,0,20,3780
1248.0,9408.56558222199,0.0,0,20,3780
1249.0,9408.56558222199,0.0,0,20,3780
1250.0,9408.56558222199,0.0,0,20,3780
1251.0,9408.56558222199,0.0,0,20,3780
1252.0,9408.56558222199,0.0,0,20,3780
1253.0,9408.56558222199,0.0,0,20,3780
1254.0,9408.56558222199,0.0,0,20,3780
1255.0,9408.56558222199,0.0,0,20,3780
1256.0,9408.56558222199,0.0,0,20,3780
1257.0,9408.56558222199,0.0,0,20,3780
1258.0,9408.56558222199,0.0,0,20,3780
1259.0,9408.56558222199,0.0,0,20,3780
1260.0,9408.56558222199,0.0,0,20,3780
1261.0,9408.56558222199,0.0,0,20,3780
1262.0,9408.56558222199,0.0,0,20,3780
1263.0,9408.56558222199,0.0,0,20,3780
1264.0,9408.56558222199,0.0,0,20,3780
1265.0,9408.56558222199,0.0,0,20,3780
1266.0,9408.56558222199,0.0,0,20,3780
1267.0,9408.56558222199,0.0,0,20,3780
1268.0,9408.56558222199,0.0,0,20,3780
1269.0,9408.56558222199,0.0,0,20,3780
1270.0,9408.56558222199,0.0,0,20,3780
1271.0,9408.56558222199,0.0,0,20,3780
1272.0,9408.56558222199,0.0,0,20,3780
1273.0,9408.56558222199,0.0,0,20,3780
1274.0,9408.56558222199,0.0,0,20,3780
1275.0,9408.56558222199,0.0,0,20,3780
1276.0,9408.56558222199,0.0,0,20,3780
1277.0,9408.56558222199,0.0,0,20,3780
1278.0,9408.56558222199,0.0,0,20,3780
1279.0,9408.56558222199,0.0,0,20,3780
1280.0,9408.56558222199,0.0,0,20,3780
1281.0,9408.56558222199,0.0,0,20,3780
1282.0,9408.56558222199,0.0,0,20,3780
1283.0,9408.56558222199,0.0,0,20,3780
1284.0,9408.56558222199,0.0,0,20,3780
1285.0,9408.56558222199,0.0,0,20,3780
1286.0,9408.56558222199,0.0,0,20,3780
1287.0,9408.56558222199,0.0,0,20,3780
1288.0,9408.56558222199,0.0,0,20,3780
1289.0,9408.56558222199,0.0,0,20,3780
1290.0,9408.56558222199,0.0,0,20,3780
1291.0,9408.56558222199,0.0,0,20,3780
1292.0,9408.56558222199,0.0,0,20,3780
1293.0,9408.56558222199,0.0,0,20,3780
1294.0,9408.56558222199,0.0,0,20,3780
1295.0,9408.56558222199,0.0,0,20,3780
1296.0,9408.56558222199,0.0,0,20,3780
1297.0,9408.56558222199,0.0,0,20,3780
1298.0,9408.56558222199,0.0,0,20,3780
1299.0,9408.56558222199,0.0,0,20,3780
1300.0,9408.56558222199,0.0,0,20,3780
1301.0,9408.56558222199,0.0,0,20,3780
1302.0,9408.56558222199,0.0,0,20,3780
1303.0,9408.56558222199,0.0,0,20,3780
1304.0,9408.56558222199,0.0,0,20,3780
1305.0,9408.56558222199,0.0,0,20,3780
1306.0,9408.56558222199,0.0,0,20,3780
1307.0,9408.56558222199,0.0,0,20,3780
1308.0,9408.56558222199,0.0,0,20,3780
1309.0,9408.56558222199,0.0,0,20,3780
1310.0,9408.56558222199,0.0,0,20,3780
1311.0,9408.56558222199,0.0,0,20,3780
1312.0,9408.56558222199,0.0,0,20,3780
1313.0,9408.56558222199,0.0,0,20,3780
1314.0,9408.56558222199,0.0,0,20,3780
1315.0,9408.56558222199,0.0,0,20,3780
1316.0,9408.56558222199,0.0,0,20,3780
1317.0,9408.56558222199,0.0,0,20,3780
1318.0,9408.56558222199,0.0,0,20,3780
1319.0,9408.56558222199,0.0,0,20,3780
1320.0,9408.56558222199,0.0,0,20,3780
1321.0,9408.56558222199,0.0,0,20,3780
1322.0,9408.56558222199,0.0,0,20,3780
1323.0,9408.56558222199,0.0,0,20,3780
1324.0,9408.56558222199,0.0,0,20,3780
1325.0,9408.56558222199,0.0,0,20,3780
1326.0,9408.56558222199,0.0,0,20,3780
1327.0,9408.56558222199,0.0,0,20,3780
1328.0,9408.56558222199,0.0,0,20,3780
1329.0,9408.56558222199,0.0,0,20,3780
1330.0,9408.56558222199,0.0,0,20,3780
1331.0,9408.56558222199,0.0,0,20,3780
1332.0,9408.56558222199,0.0,0,20,3780
1333.0,9408.56558222199,0.0,0,20,3780
1334.0,9408.56558222199,0.0,0,20,3780
1335.0,9408.56558222199,0.0,0,20,3780
1336.0,9408.56558222199,0.0,0,20,3780
1337.0,9408.56558222199,0.0,0,20,3780
1338.0,9408.56558222199,0.0,0,20,3780
1339.0,9408.56558222199,0.0,0,20,3780
1340.0,9408.56558222199,0.0,0,20,3780
1341.0,9408.56558222199,0.0,0,20,3780
1342.0,9408.56558222199,0.0,0,20,3780
1343.0,9408.56558222199,0.0,0,20,3780
1344.0,9408.56558222199,0.0,0,20,3780
1345.0,9408.56558222199,0.0,0,20,3780
1346.0,9408.56558222199,0.0,0,20,3780
1347.0,9408.56558222199,0.0,0,20,3780
1348.0,9408.56558222199,0.0,0,20,3780
1349.0,9408.56558222199,0.0,0,20,3780
1350.0,9408.56558222199,0.0,0,20,3780
1351.0,9408.56558222199,0.0,0,20,3780
1352.0,9408.56558222199,0.0,0,20,3780
1353.0,9408.56558222199,0.0,0,20,3780
1354.0,9408.56558222199,0.0,0,20,3780
1355.0,9408.56558222199,0.0,0,20,3780
1356.0,9408.56558222199,0.0,0,20,3780
1357.0,9408.56558222199,0.0,0,20,3780
1358.0,9408.56558222199,0.0,0,20,3780
1359.0,9408.56558222199,0.0,0,20,3780
1360.0,9408.56558222199,0.0,0,20,3780
1361.0,9408.56558222199,0.0,0,20,3780
1362.0,9408.56558222199,0.0,0,20,3780
1363.0,9408.56558222199,0.0,0,20,3780
1364.0,9408.56558222199,0.0,0,20,3780
1365.0,9408.56558222199,0.0,0,20,3780
1366.0,9408.56558222199,0.0,0,20,3780
1367.0,9408.56558222199,0.0,0,20,3780
1368.0,9408.56558222199,0.0,0,20,3780
1369.0,9408.56558222199,0.0,0,20,3780
1370.0,9408.56558222199,0.0,0,20,3780
1371.0,9408.56558222199,0.0,0,20,3780
1372.0,9408.56558222199,0.0,0,20,3780
1373.0,9408.56558222199,0.0,0,20,3780
1374.0,9408.56558222199,0.0,0,20,3780
1375.0,9408.56558222199,0.0,0,20,3780
1376.0,9408.56558222199,0.0,0,20,3780
1377.0,9408.56558222199,0.0,0,20,3780
1378.0,9408.56558222199,0.0,0,20,3780
1379.0,9408.56558222199,0.0,0,20,3780
1380.0,9408.56558222199,0.0,0,20,3780
1381.0,9408.56558222199,0.0,0,20,3780
1382.0,9408.56558222199,0.0,0,20,3780
1383.0,9408.56558222199,0.0,0,20,3780
1384.0,9408.56558222199,0.0,0,20,3780
1385.0,9408.56558222199,0.0,0,20,3780
1386.0,9408.56558222199,0.0,0,20,3780
1387.0,9408.56558222199,0.0,0,20,3780
1388.0,9408.56558222199,0.0,0,20,3780
1389.0,9408.56558222199,0.0,0,20,3780
1390.0,9408.56558222199,0.0,0,20,3780
1391.0,9408.56558222199,0.0,0,20,3780
1392.0,9408.56558222199,0.0,0,20,3780
1393.0,9408.56558222199,0.0,0,20,3780
1394.0,9408.56558222199,0.0,0,20,3780
1395.0,9408.56558222199,0.0,0,20,3780
1396.0,9408.56558222199,0.0,0,20,3780
1397.0,9408.56558222199,0.0,0,20,3780
1398.0,9408.56558222199,0.0,0,20,3780
1399.0,9408.56558222199,0.0,0,20,3780
1400.0,9408.56558222199,0.0,0,20,3780
1401.0,9408.56558222199,0.0,0,20,3780
1402.0,9408.56558222199,0.0,0,20,3780
1403.0,9408.56558222199,0.0,0,20,3780
1404.0,9408.56558222199,0.0,0,20,3780
1405.0,9408.56558222199,0.0,0,20,3780
1406.0,9408.56558222199,0.0,0,20,3780
1407.0,9408.56558222199,0.0,0,20,3780
1408.0,9408.56558222199,0.0,0,20,3780
1409.0,9408.56558222199,0.0,0,20,3780
1410.0,9408.56558222199,0.0,0,20,3780
1411.0,9408.56558222199,0.0,0,20,3780
1412.0,9408.56558222199,0.0,0,20,3780
1413.0,9408.56558222199,0.0,0,20,3780
1414.0,9408.56558222199,0.0,0,20,3780
1415.0,9408.56558222199,0.0,0,20,3780
1416.0,9408.56558222199,0.0,0,20,3780
1417.0,9408.56558222199,0.0,0,20,3780
1418.0,9408.56558222199,0.0,0,20,3780
1419.0,9408.56558222199,0.0,0,20,3780
1420.0,9408.56558222199,0.0,0,20,3780
1421.0,9408.56558222199,0.0,0,20,3780
1422.0,9408.56558222199,0.0,0,20,3780
1423.0,9408.56558222199,0.0,0,20,3780
1424.0,9408.56558222199,0.0,0,20,3780
1425.0,9408.56558222199,0.0,0,20,3780
1426.0,9408.56558222199,0.0,0,20,3780
1427.0,9408.56558222199,0.0,0,20,3780
1428.0,9408.56558222199,0.0,0,20,3780
1429.0,9408.56558222199,0.0,0,20,3780
1430.0,9408.56558222199,0.0,0,20,3780
1431.0,9408.56558222199,0.0,0,20,3780
1432.0,9408.56558222199,0.0,0,20,3780
1433.0,9408.56558222199,0.0,0,20,3780
1434.0,9408.56558222199,0.0,0,20,3780
1435.0,9408.56558222199,0.0,0,20,3780
1436.0,9408.56558222199,0.0,0,20,3780
1437.0,9408.56558222199,0.0,0,20,3780
1438.0,9408.56558222199,0.0,0,20,3780
1439.0,9408.56558222199,0.0,0,20,3780
1440.0,9408.56558222199,0.0,0,20,3780
1441.0,9408.56558222199,0.0,0,20,3780
1442.0,9408.56558222199,0.0,0,20,3780
1443.0,9408.56558222199,0.0,0,20,3780
1444.0,9408.56558222199,0.0,0,20,3780
1445.0,9408.56558222199,0.0,0,20,3780
1446.0,9408.56558222199,0.0,0,20,3780
1447.0,9408.56558222199,0.0,0,20,3780
1448.0,9408.56558222199,0.0,0,20,3780
1449.0,9408.56558222199,0.0,0,20,3780
1450.0,9408.56558222199,0.0,0,20,3780
1451.0,9408.56558222199,0.0,0,20,3780
1452.0,9408.56558222199,0.0,0,20,3780
1453.0,9408.56558222199,0.0,0,20,3780
1454.0,9408.56558222199,0.0,0,20,3780
1455.0,9408.56558222199,0.0,0,20,3780
1456.0,9408.56558222199,0.0,0,20,3780
1457.0,9408.56558222199,0.0,0,20,3780
1458.0,9408.56558222199,0.0,0,20,3780
1459.0,9408.56558222199,0.0,0,20,3780
1460.0,9408.56558222199,0.0,0,20,3780
1461.0,9408.56558222199,0.0,0,20,3780
1462.0,9408.56558222199,0.0,0,20,3780
1463.0,9408.56558222199,0.0,0,20,3780
1464.0,9408.56558222199,0.0,0,20,3780
1465.0,9408.56558222199,0.0,0,20,3780
1466.0,9408.56558222199,0.0,0,20,3780
1467.0,9408.56558222199,0.0,0,20,3780
1468.0,9408.56558222199,0.0,0,20,3780
1469.0,9408.56558222199,0.0,0,20,3780
1470.0,9408.56558222199,0.0,0,20,3780
1471.0,9408.56558222199,0.0,0,20,3780
1472.0,9408.56558222199,0.0,0,20,3780
1473.0,9408.56558222199,0.0,0,20,3780
1474.0,9408.56558222199,0.0,0,20,3780
1475.0,9408.56558222199,0.0,0,20,3780
1476.0,9408.56558222199,0.0,0,20,3780
1477.0,9408.56558222199,0.0,0,20,3780
1478.0,9408.56558222199,0.0,0,20,3780
1479.0,9408.56558222199,0.0,0,20,3780
1480.0,9408.56558222199,0.0,0,20,3780
1481.0,9408.56558222199,0.0,0,20,3780
1482.0,9408.56558222199,0.0,0,20,3780
1483.0,9408.56558222199,0.0,0,20,3780
1484.0,9408.56558222199,0.0,0,20,3780
1485.0,9408.56558222199,0.0,0,20,3780
1486.0,9408.56558222199,0.0,0,20,3780
1487.0,9408.56558222199,0.0,0,20,3780
1488.0,9408.56558222199,0.0,0,20,3780
1489.0,9408.56558222199,0.0,0,20,3780
1490.0,9408.56558222199,0.0,0,20,3780
1491.0,9408.56558222199,0.0,0,20,3780
1492.0,9408.56558222199,0.0,0,20,3780
1493.0,9408.56558222199,0.0,0,20,3780
1494.0,9408.56558222199,0.0,0,20,3780
1495.0,9408.56558222199,0.0,0,20,3780
1496.0,9408.56558222199,0.0,0,20,3780
1497.0,9408.56558222199,0.0,0,20,3780
1498.0,9408.56558222199,0.0,0,20,3780
1499.0,9408.56558222199,0.0,0,20,3780
1500.0,9408.56558222199,0.0,0,20,3780
1501.0,9408.56558222199,0.0,0,20,3780
1502.0,9408.56558222199,0.0,0,20,3780
1503.0,9408.56558222199,0.0,0,20,3780
1504.0,9408.56558222199,0.0,0,20,3780
1505.0,9408.56558222199,0.0,0,20,3780
1506.0,9408.56558222199,0.0,0,20,3780
1507.0,9408.56558222199,0.0,0,20,3780
1508.0,9408.56558222199,0.0,0,20,3780
1509.0,9408.56558222199,0.0,0,20,3780
1510.0,9408.56558222199,0.0,0,20,3780
1511.0,9408.56558222199,0.0,0,20,3780
1512.0,9408.56558222199,0.0,0,20,3780
1513.0,9408.56558222199,0.0,0,20,3780
1514.0,9408.56558222199,0.0,0,20,3780
1515.0,9408.56558222199,0.0,0,20,3780
1516.0,9408.56558222199,0.0,0,20,3780
1517.0,9408.56558222199,0.0,0,20,3780
1518.0,9408.56558222199,0.0,0,20,3780
1519.0,9408.56558222199,0.0,0,20,3780
1520.0,9408.56558222199,0.0,0,20,3780
1521.0,9408.56558222199,0.0,0,20,3780
1522.0,9408.56558222199,0.0,0,20,3780
1523.0,9408.56558222199,0.0,0,20,3780
1524.0,9408.56558222199,0.0,0,20,3780
1525.0,9408.56558222199,0.0,0,20,3780
1526.0,9408.56558222199,0.0,0,20,3780
1527.0,9408.56558222199,0.0,0,20,3780
1528.0,9408.56558222199,0.0,0,20,3780
1529.0,9408.56558222199,0.0,0,20,3780
1530.0,9408.56558222199,0.0,0,20,3780
1531.0,9408.56558222199,0.0,0,20,3780
1532.0,9408.56558222199,0.0,0,20,3780
1533.0,9408.56558222199,0.0,0,20,3780
1534.0,9408.56558222199,0.0,0,20,3780
1535.0,9408.56558222199,0.0,0,20,3780
1536.0,9408.56558222199,0.0,0,20,3780
1537.0,9408.56558222199,0.0,0,20,3780
1538.0,9408.56558222199,0.0,0,20,3780
1539.0,9408.56558222199,0.0,0,20,3780
1540.0,9408.56558222199,0.0,0,20,3780
1541.0,9408.56558222199,0.0,0,20,3780
1542.0,9408.56558222199,0.0,0,20,3780
1543.0,9408.56558222199,0.0,0,20,3780
1544.0,9408.56558222199,0.0,0,20,3780
1545.0,9408.56558222199,0.0,0,20,3780
1546.0,9408.56558222199,0.0,0,20,3780
1547.0,9408.56558222199,0.0,0,20,3780
1548.0,9408.56558222199,0.0,0,20,3780
1549.0,9408.56558222199,0.0,0,20,3780
1550.0,9408.56558222199,0.0,0,20,3780
1551.0,9408.56558222199,0.0,0,20,3780
1552.0,9408.56558222199,0.0,0,20,3780
1553.0,9408.56558222199,0.0,0,20,3780
1554.0,9408.56558222199,0.0,0,20,3780
1555.0,9408.56558222199,0.0,0,20,3780
1556.0,9408.56558222199,0.0,0,20,3780
1557.0,9408.56558222199,0.0,0,20,3780
1558.0,9408.56558222199,0.0,0,20,3780
1559.0,9408.56558222199,0.0,0,20,3780
1560.0,9408.56558222199,0.0,0,20,3780
1561.0,9408.56558222199,0.0,0,20,3780
1562.0,9408.56558222199,0.0,0,20,3780
1563.0,9408.56558222199,0.0,0,20,3780
1564.0,9408.56558222199,0.0,0,20,3780
1565.0,9408.56558222199,0.0,0,20,3780
1566.0,9408.56558222199,0.0,0,20,3780
1567.0,9408.56558222199,0.0,0,20,3780
1568.0,9408.56558222199,0.0,0,20,3780
1569.0,9408.56558222199,0.0,0,20,3780
1570.0,9408.56558222199,0.0,0,20,3780
1571.0,9408.56558222199,0.0,0,20,3780
1572.0,9408.56558222199,0.0,0,20,3780
1573.0,9408.56558222199,0.0,0,20,3780
1574.0,9408.56558222199,0.0,0,20,3780
1575.0,9408.56558222199,0.0,0,20,3780
1576.0,9408.56558222199,0.0,0,20,3780
1577.0,9408.56558222199,0.0,0,20,3780
1578.0,9408.56558222199,0.0,0,20,3780
1579.0,9408.56558222199,0.0,0,20,3780
1580.0,9408.56558222199,0.0,0,20,3780
1581.0,9408.56558222199,0.0,0,20,3780
1582.0,9408.56558222199,0.0,0,20,3780
1583.0,9408.56558222199,0.0,0,20,3780
1584.0,9408.56558222199,0.0,0,20,3780
1585.0,9408.56558222199,0.0,0,20,3780
1586.0,9408.56558222199,0.0,0,20,3780
1587.0,9408.56558222199,0.0,0,20,3780
1588.0,9408.56558222199,0.0,0,20,3780
1589.0,9408.56558222199,0.0,0,20,3780
1590.0,9408.56558222199,0.0,0,20,3780
1591.0,9408.56558222199,0.0,0,20,3780
1592.0,9408.56558222199,0.0,0,20,3780
1593.0,9408.56558222199,0.0,0,20,3780
1594.0,9408.56558222199,0.0,0,20,3780
1595.0,9408.56558222199,0.0,0,20,3780
1596.0,9408.56558222199,0.0,0,20,3780
1597.0,9408.56558222199,0.0,0,20,3780
1598.0,9408.56558222199,0.0,0,20,3780
1599.0,9408.56558222199,0.0,0,20,3780
1600.0,9408.56558222199,0.0,0,20,3780
1601.0,9408.56558222199,0.0,0,20,3780
1602.0,9408.56558222199,0.0,0,20,3780
1603.0,9408.56558222199,0.0,0,20,3780
1604.0,9408.56558222199,0.0,0,20,3780
1605.0,9408.56558222199,0.0,0,20,3780
1606.0,9408.56558222199,0.0,0,20,3780
1607.0,9408.56558222199,0.0,0,20,3780
1608.0,9408.56558222199,0.0,0,20,3780
1609.0,9408.56558222199,0.0,0,20,3780
1610.0,9408.56558222199,0.0,0,20,3780
1611.0,9408.56558222199,0.0,0,20,3780
1612.0,9408.56558222199,0.0,0,20,3780
1613.0,9408.56558222199,0.0,0,20,3780
1614.0,9408.56558222199,0.0,0,20,3780
1615.0,9408.56558222199,0.0,0,20,3780
1616.0,9408.56558222199,0.0,0,20,3780
1617.0,9408.56558222199,0.0,0,20,3780
1618.0,9408.56558222199,0.0,0,20,3780
1619.0,9408.56558222199,0.0,0,20,3780
1620.0,9408.56558222199,0.0,0,20,3780
1621.0,9408.56558222199,0.0,0,20,3780
1622.0,9408.56558222199,0.0,0,20,3780
1623.0,9408.56558222199,0.0,0,20,3780
1624.0,9408.56558222199,0.0,0,20,3780
1625.0,9408.56558222199,0.0,0,20,3780
1626.0,9408.56558222199,0.0,0,20,3780
1627.0,9408.56558222199,0.0,0,20,3780
1628.0,9408.56558222199,0.0,0,20,3780
1629.0,9408.56558222199,0.0,0,20,3780
1630.0,9408.56558222199,0.0,0,20,3780
1631.0,9408.56558222199,0.0,0,20,3780
1632.0,9408.56558222199,0.0,0,20,3780
1633.0,9408.56558222199,0.0,0,20,3780
1634.0,9408.56558222199,0.0,0,20,3780
1635.0,9408.56558222199,0.0,0,20,3780
1636.0,9408.56558222199,0.0,0,20,3780
1637.0,9408.56558222199,0.0,0,20,3780
1638.0,9408.56558222199,0.0,0,20,3780
1639.0,9408.56558222199,0.0,0,20,3780
1640.0,9408.56558222199,0.0,0,20,3780
1641.0,9408.56558222199,0.0,0,20,3780
1642.0,9408.56558222199,0.0,0,20,3780
1643.0,9408.56558222199,0.0,0,20,3780
1644.0,9408.56558222199,0.0,0,20,3780
1645.0,9408.56558222199,0.0,0,20,3780
1646.0,9408.56558222199,0.0,0,20,3780
1647.0,9408.56558222199,0.0,0,20,3780
1648.0,9408.56558222199,0.0,0,20,3780
1649.0,9408.56558222199,0.0,0,20,3780
1650.0,9408.56558222199,0.0,0,20,3780
1651.0,9408.56558222199,0.0,0,20,3780
1652.0,9408.56558222199,0.0,0,20,3780
1653.0,9408.56558222199,0.0,0,20,3780
1654.0,9408.56558222199,0.0,0,20,3780
1655.0,9408.56558222199,0.0,0,20,3780
1656.0,9408.56558222199,0.0,0,20,3780
1657.0,9408.56558222199,0.0,0,20,3780
1658.0,9408.56558222199,0.0,0,20,3780
1659.0,9408.56558222199,0.0,0,20,3780
1660.0,9408.56558222199,0.0,0,20,3780
1661.0,9408.56558222199,0.0,0,20,3780
1662.0,9408.56558222199,0.0,0,20,3780
1663.0,9408.56558222199,0.0,0,20,3780
1664.0,9408.56558222199,0.0,0,20,3780
1665.0,9408.56558222199,0.0,0,20,3780
1666.0,9408.56558222199,0.0,0,20,3780
1667.0,9408.56558222199,0.0,0,20,3780
1668.0,9408.56558222199,0.0,0,20,3780
1669.0,9408.56558222199,0.0,0,20,3780
1670.0,9408.56558222199,0.0,0,20,3780
1671.0,9408.56558222199,0.0,0,20,3780
1672.0,9408.56558222199,0.0,0,20,3780
1673.0,9408.56558222199,0.0,0,20,3780
1674.0,9408.56558222199,0.0,0,20,3780
1675.0,9408.56558222199,0.0,0,20,3780
1676.0,9408.56558222199,0.0,0,20,3780
1677.0,9408.56558222199,0.0,0,20,3780
1678.0,9408.56558222199,0.0,0,20,3780
1679.0,9408.56558222199,0.0,0,20,3780
1680.0,9408.56558222199,0.0,0,20,3780
1681.0,9408.56558222199,0.0,0,20,3780
1682.0,9408.56558222199,0.0,0,20,3780
1683.0,9408.56558222199,0.0,0,20,3780
1684.0,9408.56558222199,0.0,0,20,3780
1685.0,9408.56558222199,0.0,0,20,3780
1686.0,9408.56558222199,0.0,0,20,3780
1687.0,9408.56558222199,0.0,0,20,3780
1688.0,9408.56558222199,0.0,0,20,3780
1689.0,9408.56558222199,0.0,0,20,3780
1690.0,9408.56558222199,0.0,0,20,3780
1691.0,9408.56558222199,0.0,0,20,3780
1692.0,9408.56558222199,0.0,0,20,3780
1693.0,9408.56558222199,0.0,0,20,3780
1694.0,9408.56558222199,0.0,0,20,3780
1695.0,9408.56558222199,0.0,0,20,3780
1696.0,9408.56558222199,0.0,0,20,3780
1697.0,9408.56558222199,0.0,0,20,3780
1698.0,9408.56558222199,0.0,0,20,3780
1699.0,9408.56558222199,0.0,0,20,3780
1700.0,9408.56558222199,0.0,0,20,3780
1701.0,9408.56558222199,0.0,0,20,3780
1702.0,9408.56558222199,0.0,0,20,3780
1703.0,9408.56558222199,0.0,0,20,3780
1704.0,9408.56558222199,0.0,0,20,3780
1705.0,9408.56558222199,0.0,0,20,3780
1706.0,9408.56558222199,0.0,0,20,3780
1707.0,9408.56558222199,0.0,0,20,3780
1708.0,9408.56558222199,0.0,0,20,3780
1709.0,9408.56558222199,0.0,0,20,3780
1710.0,9408.56558222199,0.0,0,20,3780
1711.0,9408.56558222199,0.0,0,20,3780
1712.0,9408.56558222199,0.0,0,20,3780
1713.0,9408.56558222199,0.0,0,20,3780
1714.0,9408.56558222199,0.0,0,20,3780
1715.0,9408.56558222199,0.0,0,20,3780
1716.0,9408.56558222199,0.0,0,20,3780
1717.0,9408.56558222199,0.0,0,20,3780
1718.0,9408.56558222199,0.0,0,20,3780
1719.0,9408.56558222199,0.0,0,20,3780
1720.0,9408.56558222199,0.0,0,20,3780
1721.0,9408.56558222199,0.0,0,20,3780
1722.0,9408.56558222199,0.0,0,20,3780
1723.0,9408.56558222199,0.0,0,20,3780
1724.0,9408.56558222199,0.0,0,20,3780
1725.0,9408.56558222199,0.0,0,20,3780
1726.0,9408.56558222199,0.0,0,20,3780
1727.0,9408.56558222199,0.0,0,20,3780
1728.0,9408.56558222199,0.0,0,20,3780
1729.0,9408.56558222199,0.0,0,20,3780
1730.0,9408.56558222199,0.0,0,20,3780
1731.0,9408.56558222199,0.0,0,20,3780
1732.0,9408.56558222199,0.0,0,20,3780
1733.0,9408.56558222199,0.0,0,20,3780
1734.0,9408.56558222199,0.0,0,20,3780
1735.0,9408.56558222199,0.0,0,20,3780
1736.0,9408.56558222199,0.0,0,20,3780
1737.0,9408.56558222199,0.0,0,20,3780
1738.0,9408.56558222199,0.0,0,20,3780
1739.0,9408.56558222199,0.0,0,20,3780
1740.0,9408.56558222199,0.0,0,20,3780
1741.0,9408.56558222199,0.0,0,20,3780
1742.0,9408.56558222199,0.0,0,20,3780
1743.0,9408.56558222199,0.0,0,20,3780
1744.0,9408.56558222199,0.0,0,20,3780
1745.0,9408.56558222199,0.0,0,20,3780
1746.0,9408.56558222199,0.0,0,20,3780
1747.0,9408.56558222199,0.0,0,20,3780
1748.0,9408.56558222199,0.0,0,20,3780
1749.0,9408.56558222199,0.0,0,20,3780
1750.0,9408.56558222199,0.0,0,20,3780
1751.0,9408.56558222199,0.0,0,20,3780
1752.0,9408.56558222199,0.0,0,20,3780
1753.0,9408.56558222199,0.0,0,20,3780
1754.0,9408.56558222199,0.0,0,20,3780
1755.0,9408.56558222199,0.0,0,20,3780
1756.0,9408.56558222199,0.0,0,20,3780
1757.0,9408.56558222199,0.0,0,20,3780
1758.0,9408.56558222199,0.0,0,20,3780
1759.0,9408.56558222199,0.0,0,20,3780
1760.0,9408.56558222199,0.0,0,20,3780
1761.0,9408.56558222199,0.0,0,20,3780
1762.0,9408.56558222199,0.0,0,20,3780
1763.0,9408.56558222199,0.0,0,20,3780
1764.0,9408.56558222199,0.0,0,20,3780
1765.0,9408.56558222199,0.0,0,20,3780
1766.0,9408.56558222199,0.0,0,20,3780
1767.0,9408.56558222199,0.0,0,20,3780
1768.0,9408.56558222199,0.0,0,20,3780
1769.0,9408.56558222199,0.0,0,20,3780
1770.0,9408.56558222199,0.0,0,20,3780
1771.0,9408.56558222199,0.0,0,20,3780
1772.0,9408.56558222199,0.0,0,20,3780
1773.0,9408.56558222199,0.0,0,20,3780
1774.0,9408.56558222199,0.0,0,20,3780
1775.0,9408.56558222199,0.0,0,20,3780
1776.0,9408.56558222199,0.0,0,20,3780
1777.0,9408.56558222199,0.0,0,20,3780
1778.0,9408.56558222199,0.0,0,20,3780
1779.0,9408.56558222199,0.0,0,20,3780
1780.0,9408.56558222199,0.0,0,20,3780
1781.0,9408.56558222199,0.0,0,20,3780
1782.0,9408.56558222199,0.0,0,20,3780
1783.0,9408.56558222199,0.0,0,20,3780
1784.0,9408.56558222199,0.0,0,20,3780
1785.0,9408.56558222199,0.0,0,20,3780
1786.0,9408.56558222199,0.0,0,20,3780
1787.0,9408.56558222199,0.0,0,20,3780
1788.0,9408.56558222199,0.0,0,20,3780
1789.0,9408.56558222199,0.0,0,20,3780
1790.0,9408.56558222199,0.0,0,20,3780
1791.0,9408.56558222199,0.0,0,20,3780
1792.0,9408.56558222199,0.0,0,20,3780
1793.0,9408.56558222199,0.0,0,20,3780
1794.0,9408.56558222199,0.0,0,20,3780
1795.0,9408.56558222199,0.0,0,20,3780
1796.0,9408.56558222199,0.0,0,20,3780
1797.0,9408.56558222199,0.0,0,20,3780
1798.0,9408.56558222199,0.0,0,20,3780
1799.0,9408.56558222199,0.0,0,20,3780
1800.0,9408.56558222199,0.0,0,20,3780
1801.0,9408.56558222199,0.0,0,20,3780
1802.0,9408.56558222199,0.0,0,20,3780
1803.0,9408.56558222199,0.0,0,20,3780
1804.0,9408.56558222199,0.0,0,20,3780
1805.0,9408.56558222199,0.0,0,20,3780
1806.0,9408.56558222199,0.0,0,20,3780
1807.0,9408.56558222199,0.0,0,20,3780
1808.0,9408.56558222199,0.0,0,20,3780
1809.0,9408.56558222199,0.0,0,20,3780
1810.0,9408.56558222199,0.0,0,20,3780
1811.0,9408.56558222199,0.0,0,20,3780
1812.0,9408.56558222199,0.0,0,20,3780
1813.0,9408.56558222199,0.0,0,20,3780
1814.0,9408.56558222199,0.0,0,20,3780
1815.0,9408.56558222199,0.0,0,20,3780
1816.0,9408.56558222199,0.0,0,20,3780
1817.0,9408.56558222199,0.0,0,20,3780
1818.0,9408.56558222199,0.0,0,20,3780
1819.0,9408.56558222199,0.0,0,20,3780
1820.0,9408.56558222199,0.0,0,20,3780
1821.0,9408.56558222199,0.0,0,20,3780
1822.0,9408.56558222199,0.0,0,20,3780
1823.0,9408.56558222199,0.0,0,20,3780
1824.0,9408.56558222199,0.0,0,20,3780
1825.0,9408.56558222199,0.0,0,20,3780
1826.0,9408.56558222199,0.0,0,20,3780
1827.0,9408.56558222199,0.0,0,20,3780
1828.0,9408.56558222199,0.0,0,20,3780
1829.0,9408.56558222199,0.0,0,20,3780
1830.0,9408.56558222199,0.0,0,20,3780
1831.0,9408.56558222199,0.0,0,20,3780
1832.0,9408.56558222199,0.0,0,20,3780
1833.0,9408.56558222199,0.0,0,20,3780
1834.0,9408.56558222199,0.0,0,20,3780
1835.0,9408.56558222199,0.0,0,20,3780
1836.0,9408.56558222199,0.0,0,20,3780
1837.0,9408.56558222199,0.0,0,20,3780
1838.0,9408.56558222199,0.0,0,20,3780
1839.0,9408.56558222199,0.0,0,20,3780
1840.0,9408.56558222199,0.0,0,20,3780
1841.0,9408.56558222199,0.0,0,20,3780
1842.0,9408.56558222199,0.0,0,20,3780
1843.0,9408.56558222199,0.0,0,20,3780
1844.0,9408.56558222199,0.0,0,20,3780
1845.0,9408.56558222199,0.0,0,20,3780
1846.0,9408.56558222199,0.0,0,20,3780
1847.0,9408.56558222199,0.0,0,20,3780
1848.0,9408.56558222199,0.0,0,20,3780
1849.0,9408.56558222199,0.0,0,20,3780
1850.0,9408.56558222199,0.0,0,20,3780
1851.0,9408.56558222199,0.0,0,20,3780
1852.0,9408.56558222199,0.0,0,20,3780
1853.0,9408.56558222199,0.0,0,20,3780
1854.0,9408.56558222199,0.0,0,20,3780
1855.0,9408.56558222199,0.0,0,20,3780
1856.0,9408.56558222199,0.0,0,20,3780
1857.0,9408.56558222199,0.0,0,20,3780
1858.0,9408.56558222199,0.0,0,20,3780
1859.0,9408.56558222199,0.0,0,20,3780
1860.0,9408.56558222199,0.0,0,20,3780
1861.0,9408.56558222199,0.0,0,20,3780
1862.0,9408.56558222199,0.0,0,20,3780
1863.0,9408.56558222199,0.0,0,20,3780
1864.0,9408.56558222199,0.0,0,20,3780
1865.0,9408.56558222199,0.0,0,20,3780
1866.0,9408.56558222199,0.0,0,20,3780
1867.0,9408.56558222199,0.0,0,20,3780
1868.0,9408.56558222199,0.0,0,20,3780
1869.0,9408.56558222199,0.0,0,20,3780
1870.0,9408.56558222199,0.0,0,20,3780
1871.0,9408.56558222199,0.0,0,20,3780
1872.0,9408.56558222199,0.0,0,20,3780
1873.0,9408.56558222199,0.0,0,20,3780
1874.0,9408.56558222199,0.0,0,20,3780
1875.0,9408.56558222199,0.0,0,20,3780
1876.0,9408.56558222199,0.0,0,20,3780
1877.0,9408.56558222199,0.0,0,20,3780
1878.0,9408.56558222199,0.0,0,20,3780
1879.0,9408.56558222199,0.0,0,20,3780
1880.0,9408.56558222199,0.0,0,20,3780
1881.0,9408.56558222199,0.0,0,20,3780
1882.0,9408.56558222199,0.0,0,20,3780
1883.0,9408.56558222199,0.0,0,20,3780
1884.0,9408.56558222199,0.0,0,20,3780
1885.0,9408.56558222199,0.0,0,20,3780
1886.0,9408.56558222199,0.0,0,20,3780
1887.0,9408.56558222199,0.0,0,20,3780
1888.0,9408.56558222199,0.0,0,20,3780
1889.0,9408.56558222199,0.0,0,20,3780
1890.0,9408.56558222199,0.0,0,20,3780
1891.0,9408.56558222199,0.0,0,20,3780
1892.0,9408.56558222199,0.0,0,20,3780
1893.0,9408.56558222199,0.0,0,20,3780
1894.0,9408.56558222199,0.0,0,20,3780
1895.0,9408.56558222199,0.0,0,20,3780
1896.0,9408.56558222199,0.0,0,20,3780
1897.0,9408.56558222199,0.0,0,20,3780
1898.0,9408.56558222199,0.0,0,20,3780
1899.0,9408.56558222199,0.0,0,20,3780
1900.0,9408.56558222199,0.0,0,20,3780
1901.0,9408.56558222199,0.0,0,20,3780
1902.0,9408.56558222199,0.0,0,20,3780
1903.0,9408.56558222199,0.0,0,20,3780
1904.0,9408.56558222199,0.0,0,20,3780
1905.0,9408.56558222199,0.0,0,20,3780
1906.0,9408.56558222199,0.0,0,20,3780
1907.0,9408.56558222199,0.0,0,20,3780
1908.0,9408.56558222199,0.0,0,20,3780
1909.0,9408.56558222199,0.0,0,20,3780
1910.0,9408.56558222199,0.0,0,20,3780
1911.0,9408.56558222199,0.0,0,20,3780
1912.0,9408.56558222199,0.0,0,20,3780
1913.0,9408.56558222199,0.0,0,20,3780
1914.0,9408.56558222199,0.0,0,20,3780
1915.0,9408.56558222199,0.0,0,20,3780
1916.0,9408.56558222199,0.0,0,20,3780
1917.0,9408.56558222199,0.0,0,20,3780
1918.0,9408.56558222199,0.0,0,20,3780
1919.0,9408.56558222199,0.0,0,20,3780
1920.0,9408.56558222199,0.0,0,20,3780
1921.0,9408.56558222199,0.0,0,20,3780
1922.0,9408.56558222199,0.0,0,20,3780
1923.0,9408.56558222199,0.0,0,20,3780
1924.0,9408.56558222199,0.0,0,20,3780
1925.0,9408.56558222199,0.0,0,20,3780
1926.0,9408.56558222199,0.0,0,20,3780
1927.0,9408.56558222199,0.0,0,20,3780
1928.0,9408.56558222199,0.0,0,20,3780
1929.0,9408.56558222199,0.0,0,20,3780
1930.0,9408.56558222199,0.0,0,20,3780
1931.0,9408.56558222199,0.0,0,20,3780
1932.0,9408.56558222199,0.0,0,20,3780
1933.0,9408.56558222199,0.0,0,20,3780
1934.0,9408.56558222199,0.0,0,20,3780
1935.0,9408.56558222199,0.0,0,20,3780
1936.0,9408.56558222199,0.0,0,20,3780
1937.0,9408.56558222199,0.0,0,20,3780
1938.0,9408.56558222199,0.0,0,20,3780
1939.0,9408.56558222199,0.0,0,20,3780
1940.0,9408.56558222199,0.0,0,20,3780
1941.0,9408.56558222199,0.0,0,20,3780
1942.0,9408.56558222199,0.0,0,20,3780
1943.0,9408.56558222199,0.0,0,20,3780
1944.0,9408.56558222199,0.0,0,20,3780
1945.0,9408.56558222199,0.0,0,20,3780
1946.0,9408.56558222199,0.0,0,20,3780
1947.0,9408.56558222199,0.0,0,20,3780
1948.0,9408.56558222199,0.0,0,20,3780
1949.0,9408.56558222199,0.0,0,20,3780
1950.0,9408.56558222199,0.0,0,20,3780
1951.0,9408.56558222199,0.0,0,20,3780
1952.0,9408.56558222199,0.0,0,20,3780
1953.0,9408.56558222199,0.0,0,20,3780
1954.0,9408.56558222199,0.0,0,20,3780
1955.0,9408.56558222199,0.0,0,20,3780
1956.0,9408.56558222199,0.0,0,20,3780
1957.0,9408.56558222199,0.0,0,20,3780
1958.0,9408.56558222199,0.0,0,20,3780
1959.0,9408.56558222199,0.0,0,20,3780
1960.0,9408.56558222199,0.0,0,20,3780
1961.0,9408.56558222199,0.0,0,20,3780
1962.0,9408.56558222199,0.0,0,20,3780
1963.0,9408.56558222199,0.0,0,20,3780
1964.0,9408.56558222199,0.0,0,20,3780
1965.0,9408.56558222199,0.0,0,20,3780
1966.0,9408.56558222199,0.0,0,20,3780
1967.0,9408.56558222199,0.0,0,20,3780
1968.0,9408.56558222199,0.0,0,20,3780
1969.0,9408.56558222199,0.0,0,20,3780
1970.0,9408.56558222199,0.0,0,20,3780
1971.0,9408.56558222199,0.0,0,20,3780
1972.0,9408.56558222199,0.0,0,20,3780
1973.0,9408.56558222199,0.0,0,20,3780
1974.0,9408.56558222199,0.0,0,20,3780
1975.0,9408.56558222199,0.0,0,20,3780
1976.0,9408.56558222199,0.0,0,20,3780
1977.0,9408.56558222199,0.0,0,20,3780
1978.0,9408.56558222199,0.0,0,20,3780
1979.0,9408.56558222199,0.0,0,20,3780
1980.0,9408.56558222199,0.0,0,20,3780
1981.0,9408.56558222199,0.0,0,20,3780
1982.0,9408.56558222199,0.0,0,20,3780
1983.0,9408.56558222199,0.0,0,20,3780
1984.0,9408.56558222199,0.0,0,20,3780
1985.0,9408.56558222199,0.0,0,20,3780
1986.0,9408.56558222199,0.0,0,20,3780
1987.0,9408.56558222199,0.0,0,20,3780
1988.0,9408.56558222199,0.0,0,20,3780
1989.0,9408.56558222199,0.0,0,20,3780
1990.0,9408.56558222199,0.0,0,20,3780
1991.0,9408.56558222199,0.0,0,20,3780
1992.0,9408.56558222199,0.0,0,20,3780
1993.0,9408.56558222199,0.0,0,20,3780
1994.0,9408.56558222199,0.0,0,20,3780
1995.0,9408.56558222199,0.0,0,20,3780
1996.0,9408.56558222199,0.0,0,20,3780
1997.0,9408.56558222199,0.0,0,20,3780
1998.0,9408.56558222199,0.0,0,20,3780
1999.0,9408.56558222199,0.0,0,20,3780
2000.0,9408.56558222199,0.0,0,20,3780
2001.0,9408.56558222199,0.0,0,20,3780
2002.0,9408.56558222199,0.0,0,20,3780
2003.0,9408.56558222199,0.0,0,20,3780
2004.0,9408.56558222199,0.0,0,20,3780
2005.0,9408.56558222199,0.0,0,20,3780
2006.0,9408.56558222199,0.0,0,20,3780
2007.0,9408.56558222199,0.0,0,20,3780
2008.0,9408.56558222199,0.0,0,20,3780
2009.0,9408.56558222199,0.0,0,20,3780
2010.0,9408.56558222199,0.0,0,20,3780
2011.0,9408.56558222199,0.0,0,20,3780
2012.0,9408.56558222199,0.0,0,20,3780
2013.0,9408.56558222199,0.0,0,20,3780
2014.0,9408.56558222199,0.0,0,20,3780
2015.0,9408.56558222199,0.0,0,20,3780
2016.0,9408.56558222199,0.0,0,20,3780
2017.0,9408.56558222199,0.0,0,20,3780
2018.0,9408.56558222199,0.0,0,20,3780
2019.0,9408.56558222199,0.0,0,20,3780
2020.0,9408.56558222199,0.0,0,20,3780
2021.0,9408.56558222199,0.0,0,20,3780
2022.0,9408.56558222199,0.0,0,20,3780
2023.0,9408.56558222199,0.0,0,20,3780
2024.0,9408.56558222199,0.0,0,20,3780
2025.0,9408.56558222199,0.0,0,20,3780
2026.0,9408.56558222199,0.0,0,20,3780
2027.0,9408.56558222199,0.0,0,20,3780
2028.0,9408.56558222199,0.0,0,20,3780
2029.0,9408.56558222199,0.0,0,20,3780
2030.0,9408.56558222199,0.0,0,20,3780
2031.0,9408.56558222199,0.0,0,20,3780
2032.0,9408.56558222199,0.0,0,20,3780
2033.0,9408.56558222199,0.0,0,20,3780
2034.0,9408.56558222199,0.0,0,20,3780
2035.0,9408.56558222199,0.0,0,20,3780
2036.0,9408.56558222199,0.0,0,20,3780
2037.0,9408.56558222199,0.0,0,20,3780
2038.0,9408.56558222199,0.0,0,20,3780
2039.0,9408.56558222199,0.0,0,20,3780
2040.0,9408.56558222199,0.0,0,20,3780
2041.0,9408.56558222199,0.0,0,20,3780
2042.0,9408.56558222199,0.0,0,20,3780
2043.0,9408.56558222199,0.0,0,20,3780
2044.0,9408.56558222199,0.0,0,20,3780
2045.0,9408.56558222199,0.0,0,20,3780
2046.0,9408.56558222199,0.0,0,20,3780
2047.0,9408.56558222199,0.0,0,20,3780
2048.0,9408.56558222199,0.0,0,20,3780
2049.0,9408.56558222199,0.0,0,20,3780
2050.0,9408.56558222199,0.0,0,20,3780
2051.0,9408.56558222199,0.0,0,20,3780
2052.0,9408.56558222199,0.0,0,20,3780
2053.0,9408.56558222199,0.0,0,20,3780
2054.0,9408.56558222199,0.0,0,20,3780
2055.0,9408.56558222199,0.0,0,20,3780
2056.0,9408.56558222199,0.0,0,20,3780
2057.0,9408.56558222199,0.0,0,20,3780
2058.0,9408.56558222199,0.0,0,20,3780
2059.0,9408.56558222199,0.0,0,20,3780
2060.0,9408.56558222199,0.0,0,20,3780
2061.0,9408.56558222199,0.0,0,20,3780
2062.0,9408.56558222199,0.0,0,20,3780
2063.0,9408.56558222199,0.0,0,20,3780
2064.0,9408.56558222199,0.0,0,20,3780
2065.0,9408.56558222199,0.0,0,20,3780
2066.0,9408.56558222199,0.0,0,20,3780
2067.0,9408.56558222199,0.0,0,20,3780
2068.0,9408.56558222199,0.0,0,20,3780
2069.0,9408.56558222199,0.0,0,20,3780
2070.0,9408.56558222199,0.0,0,20,3780
2071.0,9408.56558222199,0.0,0,20,3780
2072.0,9408.56558222199,0.0,0,20,3780
2073.0,9408.56558222199,0.0,0,20,3780
2074.0,9408.56558222199,0.0,0,20,3780
2075.0,9408.56558222199,0.0,0,20,3780
2076.0,9408.56558222199,0.0,0,20,3780
2077.0,9408.56558222199,0.0,0,20,3780
2078.0,9408.56558222199,0.0,0,20,3780
2079.0,9408.56558222199,0.0,0,20,3780
2080.0,9408.56558222199,0.0,0,20,3780
2081.0,9408.56558222199,0.0,0,20,3780
2082.0,9408.56558222199,0.0,0,20,3780
2083.0,9408.56558222199,0.0,0,20,3780
2084.0,9408.56558222199,0.0,0,20,3780
2085.0,9408.56558222199,0.0,0,20,3780
2086.0,9408.56558222199,0.0,0,20,3780
2087.0,9408.56558222199,0.0,0,20,3780
2088.0,9408.56558222199,0.0,0,20,3780
2089.0,9408.56558222199,0.0,0,20,3780
2090.0,9408.56558222199,0.0,0,20,3780
2091.0,9408.56558222199,0.0,0,20,3780
2092.0,9408.56558222199,0.0,0,20,3780
2093.0,9408.56558222199,0.0,0,20,3780
2094.0,9408.56558222199,0.0,0,20,3780
2095.0,9408.56558222199,0.0,0,20,3780
2096.0,9408.56558222199,0.0,0,20,3780
2097.0,9408.56558222199,0.0,0,20,3780
2098.0,9408.56558222199,0.0,0,20,3780
2099.0,9408.56558222199,0.0,0,20,3780
2100.0,9408.56558222199,0.0,0,20,3780
2101.0,9408.56558222199,0.0,0,20,3780
2102.0,9408.56558222199,0.0,0,20,3780
2103.0,9408.56558222199,0.0,0,20,3780
2104.0,9408.56558222199,0.0,0,20,3780
2105.0,9408.56558222199,0.0,0,20,3780
2106.0,9408.56558222199,0.0,0,20,3780
2107.0,9408.56558222199,0.0,0,20,3780
2108.0,9408.56558222199,0.0,0,20,3780
2109.0,9408.56558222199,0.0,0,20,3780
2110.0,9408.56558222199,0.0,0,20,3780
2111.0,9408.56558222199,0.0,0,20,3780
2112.0,9408.56558222199,0.0,0,20,3780
2113.0,9408.56558222199,0.0,0,20,3780
2114.0,9408.56558222199,0.0,0,20,3780
2115.0,9408.56558222199,0.0,0,20,3780
2116.0,9408.56558222199,0.0,0,20,3780
2117.0,9408.56558222199,0.0,0,20,3780
2118.0,9408.56558222199,0.0,0,20,3780
2119.0,9408.56558222199,0.0,0,20,3780
2120.0,9408.56558222199,0.0,0,20,3780
2121.0,9408.56558222199,0.0,0,20,3780
2122.0,9408.56558222199,0.0,0,20,3780
2123.0,9408.56558222199,0.0,0,20,3780
2124.0,9408.56558222199,0.0,0,20,3780
2125.0,9408.56558222199,0.0,0,20,3780
2126.0,9408.56558222199,0.0,0,20,3780
2127.0,9408.56558222199,0.0,0,20,3780
2128.0,9408.56558222199,0.0,0,20,3780
2129.0,9408.56558222199,0.0,0,20,3780
2130.0,9408.56558222199,0.0,0,20,3780
2131.0,9408.56558222199,0.0,0,20,3780
2132.0,9408.56558222199,0.0,0,20,3780
2133.0,9408.56558222199,0.0,0,20,3780
2134.0,9408.56558222199,0.0,0,20,3780
2135.0,9408.56558222199,0.0,0,20,3780
2136.0,9408.56558222199,0.0,0,20,3780
2137.0,9408.56558222199,0.0,0,20,3780
2138.0,9408.56558222199,0.0,0,20,3780
2139.0,9408.56558222199,0.0,0,20,3780
2140.0,9408.56558222199,0.0,0,20,3780
2141.0,9408.56558222199,0.0,0,20,3780
2142.0,9408.56558222199,0.0,0,20,3780
2143.0,9408.56558222199,0.0,0,20,3780
2144.0,9408.56558222199,0.0,0,20,3780
2145.0,9408.56558222199,0.0,0,20,3780
2146.0,9408.56558222199,0.0,0,20,3780
2147.0,9408.56558222199,0.0,0,20,3780
2148.0,9408.56558222199,0.0,0,20,3780
2149.0,9408.56558222199,0.0,0,20,3780
2150.0,9408.56558222199,0.0,0,20,3780
2151.0,9408.56558222199,0.0,0,20,3780
2152.0,9408.56558222199,0.0,0,20,3780
2153.0,9408.56558222199,0.0,0,20,3780
2154.0,9408.56558222199,0.0,0,20,3780
2155.0,9408.56558222199,0.0,0,20,3780
2156.0,9408.56558222199,0.0,0,20,3780
2157.0,9408.56558222199,0.0,0,20,3780
2158.0,9408.56558222199,0.0,0,20,3780
2159.0,9408.56558222199,0.0,0,20,3780
2160.0,9408.56558222199,0.0,0,20,3780
2161.0,9408.56558222199,0.0,0,20,3780
2162.0,9408.56558222199,0.0,0,20,3780
2163.0,9408.56558222199,0.0,0,20,3780
2164.0,9408.56558222199,0.0,0,20,3780
2165.0,9408.56558222199,0.0,0,20,3780
2166.0,9408.56558222199,0.0,0,20,3780
2167.0,9408.56558222199,0.0,0,20,3780
2168.0,9408.56558222199,0.0,0,20,3780
2169.0,9408.56558222199,0.0,0,20,3780
2170.0,9408.56558222199,0.0,0,20,3780
2171.0,9408.56558222199,0.0,0,20,3780
2172.0,9408.56558222199,0.0,0,20,3780
2173.0,9408.56558222199,0.0,0,20,3780
2174.0,9408.56558222199,0.0,0,20,3780
2175.0,9408.56558222199,0.0,0,20,3780
2176.0,9408.56558222199,0.0,0,20,3780
2177.0,9408.56558222199,0.0,0,20,3780
2178.0,9408.56558222199,0.0,0,20,3780
2179.0,9408.56558222199,0.0,0,20,3780
2180.0,9408.56558222199,0.0,0,20,3780
2181.0,9408.56558222199,0.0,0,20,3780
2182.0,9408.56558222199,0.0,0,20,3780
2183.0,9408.56558222199,0.0,0,20,3780
2184.0,9408.56558222199,0.0,0,20,3780
2185.0,9408.56558222199,0.0,0,20,3780
2186.0,9408.56558222199,0.0,0,20,3780
2187.0,9408.56558222199,0.0,0,20,3780
2188.0,9408.56558222199,0.0,0,20,3780
2189.0,9408.56558222199,0.0,0,20,3780
2190.0,9408.56558222199,0.0,0,20,3780
2191.0,9408.56558222199,0.0,0,20,3780
2192.0,9408.56558222199,0.0,0,20,3780
2193.0,9408.56558222199,0.0,0,20,3780
2194.0,9408.56558222199,0.0,0,20,3780
2195.0,9408.56558222199,0.0,0,20,3780
2196.0,9408.56558222199,0.0,0,20,3780
2197.0,9408.56558222199,0.0,0,20,3780
2198.0,9408.56558222199,0.0,0,20,3780
2199.0,9408.56558222199,0.0,0,20,3780
2200.0,9408.56558222199,0.0,0,20,3780
2201.0,9408.56558222199,0.0,0,20,3780
2202.0,9408.56558222199,0.0,0,20,3780
2203.0,9408.56558222199,0.0,0,20,3780
2204.0,9408.56558222199,0.0,0,20,3780
2205.0,9408.56558222199,0.0,0,20,3780
2206.0,9408.56558222199,0.0,0,20,3780
2207.0,9408.56558222199,0.0,0,20,3780
2208.0,9408.56558222199,0.0,0,20,3780
2209.0,9408.56558222199,0.0,0,20,3780
2210.0,9408.56558222199,0.0,0,20,3780
2211.0,9408.56558222199,0.0,0,20,3780
2212.0,9408.56558222199,0.0,0,20,3780
2213.0,9408.56558222199,0.0,0,20,3780
2214.0,9408.56558222199,0.0,0,20,3780
2215.0,9408.56558222199,0.0,0,20,3780
2216.0,9408.56558222199,0.0,0,20,3780
2217.0,9408.56558222199,0.0,0,20,3780
2218.0,9408.56558222199,0.0,0,20,3780
2219.0,9408.56558222199,0.0,0,20,3780
2220.0,9408.56558222199,0.0,0,20,3780
2221.0,9408.56558222199,0.0,0,20,3780
2222.0,9408.56558222199,0.0,0,20,3780
2223.0,9408.56558222199,0.0,0,20,3780
2224.0,9408.56558222199,0.0,0,20,3780
2225.0,9408.56558222199,0.0,0,20,3780
2226.0,9408.56558222199,0.0,0,20,3780
2227.0,9408.56558222199,0.0,0,20,3780
2228.0,9408.56558222199,0.0,0,20,3780
2229.0,9408.56558222199,0.0,0,20,3780
2230.0,9408.56558222199,0.0,0,20,3780
2231.0,9408.56558222199,0.0,0,20,3780
2232.0,9408.56558222199,0.0,0,20,3780
2233.0,9408.56558222199,0.0,0,20,3780
2234.0,9408.56558222199,0.0,0,20,3780
2235.0,9408.56558222199,0.0,0,20,3780
2236.0,9408.56558222199,0.0,0,20,3780
2237.0,9408.56558222199,0.0,0,20,3780
2238.0,9408.56558222199,0.0,0,20,3780
2239.0,9408.56558222199,0.0,0,20,3780
2240.0,9408.56558222199,0.0,0,20,3780
2241.0,9408.56558222199,0.0,0,20,3780
2242.0,9408.56558222199,0.0,0,20,3780
2243.0,9408.56558222199,0.0,0,20,3780
2244.0,9408.56558222199,0.0,0,20,3780
2245.0,9408.56558222199,0.0,0,20,3780
2246.0,9408.56558222199,0.0,0,20,3780
2247.0,9408.56558222199,0.0,0,20,3780
2248.0,9408.56558222199,0.0,0,20,3780
2249.0,9408.56558222199,0.0,0,20,3780
2250.0,9408.56558222199,0.0,0,20,3780
2251.0,9408.56558222199,0.0,0,20,3780
2252.0,9408.56558222199,0.0,0,20,3780
2253.0,9408.56558222199,0.0,0,20,3780
2254.0,9408.56558222199,0.0,0,20,3780
2255.0,9408.56558222199,0.0,0,20,3780
2256.0,9408.56558222199,0.0,0,20,3780
2257.0,9408.56558222199,0.0,0,20,3780
2258.0,9408.56558222199,0.0,0,20,3780
2259.0,9408.56558222199,0.0,0,20,3780
2260.0,9408.56558222199,0.0,0,20,3780
2261.0,9408.56558222199,0.0,0,20,3780
2262.0,9408.56558222199,0.0,0,20,3780
2263.0,9408.56558222199,0.0,0,20,3780
2264.0,9408.56558222199,0.0,0,20,3780
2265.0,9408.56558222199,0.0,0,20,3780
2266.0,9408.56558222199,0.0,0,20,3780
2267.0,9408.56558222199,0.0,0,20,3780
2268.0,9408.56558222199,0.0,0,20,3780
2269.0,9408.56558222199,0.0,0,20,3780
2270.0,9408.56558222199,0.0,0,20,3780
2271.0,9408.56558222199,0.0,0,20,3780
2272.0,9408.56558222199,0.0,0,20,3780
2273.0,9408.56558222199,0.0,0,20,3780
2274.0,9408.56558222199,0.0,0,20,3780
2275.0,9408.56558222199,0.0,0,20,3780
2276.0,9408.56558222199,0.0,0,20,3780
2277.0,9408.56558222199,0.0,0,20,3780
2278.0,9408.56558222199,0.0,0,20,3780
2279.0,9408.56558222199,0.0,0,20,3780
2280.0,9408.56558222199,0.0,0,20,3780
2281.0,9408.56558222199,0.0,0,20,3780
2282.0,9408.56558222199,0.0,0,20,3780
2283.0,9408.56558222199,0.0,0,20,3780
2284.0,9408.56558222199,0.0,0,20,3780
2285.0,9408.56558222199,0.0,0,20,3780
2286.0,9408.56558222199,0.0,0,20,3780
2287.0,9408.56558222199,0.0,0,20,3780
2288.0,9408.56558222199,0.0,0,20,3780
2289.0,9408.56558222199,0.0,0,20,3780
2290.0,9408.56558222199,0.0,0,20,3780
2291.0,9408.56558222199,0.0,0,20,3780
2292.0,9408.56558222199,0.0,0,20,3780
2293.0,9408.56558222199,0.0,0,20,3780
2294.0,9408.56558222199,0.0,0,20,3780
2295.0,9408.56558222199,0.0,0,20,3780
2296.0,9408.56558222199,0.0,0,20,3780
2297.0,9408.56558222199,0.0,0,20,3780
2298.0,9408.56558222199,0.0,0,20,3780
2299.0,9408.56558222199,0.0,0,20,3780
2300.0,9408.56558222199,0.0,0,20,3780
2301.0,9408.56558222199,0.0,0,20,3780
2302.0,9408.56558222199,0.0,0,20,3780
2303.0,9408.56558222199,0.0,0,20,3780
2304.0,9408.56558222199,0.0,0,20,3780
2305.0,9408.56558222199,0.0,0,20,3780
2306.0,9408.56558222199,0.0,0,20,3780
2307.0,9408.56558222199,0.0,0,20,3780
2308.0,9408.56558222199,0.0,0,20,3780
2309.0,9408.56558222199,0.0,0,20,3780
2310.0,9408.56558222199,0.0,0,20,3780
2311.0,9408.56558222199,0.0,0,20,3780
2312.0,9408.56558222199,0.0,0,20,3780
2313.0,9408.56558222199,0.0,0,20,3780
2314.0,9408.56558222199,0.0,0,20,3780
2315.0,9408.56558222199,0.0,0,20,3780
2316.0,9408.56558222199,0.0,0,20,3780
2317.0,9408.56558222199,0.0,0,20,3780
2318.0,9408.56558222199,0.0,0,20,3780
2319.0,9408.56558222199,0.0,0,20,3780
2320.0,9408.56558222199,0.0,0,20,3780
2321.0,9408.56558222199,0.0,0,20,3780
2322.0,9408.56558222199,0.0,0,20,3780
2323.0,9408.56558222199,0.0,0,20,3780
2324.0,9408.56558222199,0.0,0,20,3780
2325.0,9408.56558222199,0.0,0,20,3780
2326.0,9408.56558222199,0.0,0,20,3780
2327.0,9408.56558222199,0.0,0,20,3780
2328.0,9408.56558222199,0.0,0,20,3780
2329.0,9408.56558222199,0.0,0,20,3780
2330.0,9408.56558222199,0.0,0,20,3780
2331.0,9408.56558222199,0.0,0,20,3780
2332.0,9408.56558222199,0.0,0,20,3780
2333.0,9408.56558222199,0.0,0,20,3780
2334.0,9408.56558222199,0.0,0,20,3780
2335.0,9408.56558222199,0.0,0,20,3780
2336.0,9408.56558222199,0.0,0,20,3780
2337.0,9408.56558222199,0.0,0,20,3780
2338.0,9408.56558222199,0.0,0,20,3780
2339.0,9408.56558222199,0.0,0,20,3780
2340.0,9408.56558222199,0.0,0,20,3780
2341.0,9408.56558222199,0.0,0,20,3780
2342.0,9408.56558222199,0.0,0,20,3780
2343.0,9408.56558222199,0.0,0,20,3780
2344.0,9408.56558222199,0.0,0,20,3780
2345.0,9408.56558222199,0.0,0,20,3780
2346.0,9408.56558222199,0.0,0,20,3780
2347.0,9408.56558222199,0.0,0,20,3780
2348.0,9408.56558222199,0.0,0,20,3780
2349.0,9408.56558222199,0.0,0,20,3780
2350.0,9408.56558222199,0.0,0,20,3780
2351.0,9408.56558222199,0.0,0,20,3780
2352.0,9408.56558222199,0.0,0,20,3780
2353.0,9408.56558222199,0.0,0,20,3780
2354.0,9408.56558222199,0.0,0,20,3780
2355.0,9408.56558222199,0.0,0,20,3780
2356.0,9408.56558222199,0.0,0,20,3780
2357.0,9408.56558222199,0.0,0,20,3780
2358.0,9408.56558222199,0.0,0,20,3780
2359.0,9408.56558222199,0.0,0,20,3780
2360.0,9408.56558222199,0.0,0,20,3780
2361.0,9408.56558222199,0.0,0,20,3780
2362.0,9408.56558222199,0.0,0,20,3780
2363.0,9408.56558222199,0.0,0,20,3780
2364.0,9408.56558222199,0.0,0,20,3780
2365.0,9408.56558222199,0.0,0,20,3780
2366.0,9408.56558222199,0.0,0,20,3780
2367.0,9408.56558222199,0.0,0,20,3780
2368.0,9408.56558222199,0.0,0,20,3780
2369.0,9408.56558222199,0.0,0,20,3780
2370.0,9408.56558222199,0.0,0,20,3780
2371.0,9408.56558222199,0.0,0,20,3780
2372.0,9408.56558222199,0.0,0,20,3780
2373.0,9408.56558222199,0.0,0,20,3780
2374.0,9408.56558222199,0.0,0,20,3780
2375.0,9408.56558222199,0.0,0,20,3780
2376.0,9408.56558222199,0.0,0,20,3780
2377.0,9408.56558222199,0.0,0,20,3780
2378.0,9408.56558222199,0.0,0,20,3780
2379.0,9408.56558222199,0.0,0,20,3780
2380.0,9408.56558222199,0.0,0,20,3780
2381.0,9408.56558222199,0.0,0,20,3780
2382.0,9408.56558222199,0.0,0,20,3780
2383.0,9408.56558222199,0.0,0,20,3780
2384.0,9408.56558222199,0.0,0,20,3780
2385.0,9408.56558222199,0.0,0,20,3780
2386.0,9408.56558222199,0.0,0,20,3780
2387.0,9408.56558222199,0.0,0,20,3780
2388.0,9408.56558222199,0.0,0,20,3780
2389.0,9408.56558222199,0.0,0,20,3780
2390.0,9408.56558222199,0.0,0,20,3780
2391.0,9408.56558222199,0.0,0,20,3780
2392.0,9408.56558222199,0.0,0,20,3780
2393.0,9408.56558222199,0.0,0,20,3780
2394.0,9408.56558222199,0.0,0,20,3780
2395.0,9408.56558222199,0.0,0,20,3780
2396.0,9408.56558222199,0.0,0,20,3780
2397.0,9408.56558222199,0.0,0,20,3780
2398.0,9408.56558222199,0.0,0,20,3780
2399.0,9408.56558222199,0.0,0,20,3780
2400.0,9408.56558222199,0.0,0,20,3780
2401.0,9408.56558222199,0.0,0,20,3780
2402.0,9408.56558222199,0.0,0,20,3780
2403.0,9408.56558222199,0.0,0,20,3780
2404.0,9408.56558222199,0.0,0,20,3780
2405.0,9408.56558222199,0.0,0,20,3780
2406.0,9408.56558222199,0.0,0,20,3780
2407.0,9408.56558222199,0.0,0,20,3780
2408.0,9408.56558222199,0.0,0,20,3780
2409.0,9408.56558222199,0.0,0,20,3780
2410.0,9408.56558222199,0.0,0,20,3780
2411.0,9408.56558222199,0.0,0,20,3780
2412.0,9408.56558222199,0.0,0,20,3780
2413.0,9408.56558222199,0.0,0,20,3780
2414.0,9408.56558222199,0.0,0,20,3780
2415.0,9408.56558222199,0.0,0,20,3780
2416.0,9408.56558222199,0.0,0,20,3780
2417.0,9408.56558222199,0.0,0,20,3780
2418.0,9408.56558222199,0.0,0,20,3780
2419.0,9408.56558222199,0.0,0,20,3780
2420.0,9408.56558222199,0.0,0,20,3780
2421.0,9408.56558222199,0.0,0,20,3780
2422.0,9408.56558222199,0.0,0,20,3780
2423.0,9408.56558222199,0.0,0,20,3780
2424.0,9408.56558222199,0.0,0,20,3780
2425.0,9408.56558222199,0.0,0,20,3780
2426.0,9408.56558222199,0.0,0,20,3780
2427.0,9408.56558222199,0.0,0,20,3780
2428.0,9408.56558222199,0.0,0,20,3780
2429.0,9408.56558222199,0.0,0,20,3780
2430.0,9408.56558222199,0.0,0,20,3780
2431.0,9408.56558222199,0.0,0,20,3780
2432.0,9408.56558222199,0.0,0,20,3780
2433.0,9408.56558222199,0.0,0,20,3780
2434.0,9408.56558222199,0.0,0,20,3780
2435.0,9408.56558222199,0.0,0,20,3780
2436.0,9408.56558222199,0.0,0,20,3780
2437.0,9408.56558222199,0.0,0,20,3780
2438.0,9408.56558222199,0.0,0,20,3780
2439.0,9408.56558222199,0.0,0,20,3780
2440.0,9408.56558222199,0.0,0,20,3780
2441.0,9408.56558222199,0.0,0,20,3780
2442.0,9408.56558222199,0.0,0,20,3780
2443.0,9408.56558222199,0.0,0,20,3780
2444.0,9408.56558222199,0.0,0,20,3780
2445.0,9408.56558222199,0.0,0,20,3780
2446.0,9408.56558222199,0.0,0,20,3780
2447.0,9408.56558222199,0.0,0,20,3780
2448.0,9408.56558222199,0.0,0,20,3780
2449.0,9408.56558222199,0.0,0,20,3780
2450.0,9408.56558222199,0.0,0,20,3780
2451.0,9408.56558222199,0.0,0,20,3780
2452.0,9408.56558222199,0.0,0,20,3780
2453.0,9408.56558222199,0.0,0,20,3780
2454.0,9408.56558222199,0.0,0,20,3780
2455.0,9408.56558222199,0.0,0,20,3780
2456.0,9408.56558222199,0.0,0,20,3780
2457.0,9408.56558222199,0.0,0,20,3780
2458.0,9408.56558222199,0.0,0,20,3780
2459.0,9408.56558222199,0.0,0,20,3780
2460.0,9408.56558222199,0.0,0,20,3780
2461.0,9408.56558222199,0.0,0,20,3780
2462.0,9408.56558222199,0.0,0,20,3780
2463.0,9408.56558222199,0.0,0,20,3780
2464.0,9408.56558222199,0.0,0,20,3780
2465.0,9408.56558222199,0.0,0,20,3780
2466.0,9408.56558222199,0.0,0,20,3780
2467.0,9408.56558222199,0.0,0,20,3780
2468.0,9408.56558222199,0.0,0,20,3780
2469.0,9408.56558222199,0.0,0,20,3780
2470.0,9408.56558222199,0.0,0,20,3780
2471.0,9408.56558222199,0.0,0,20,3780
2472.0,9408.56558222199,0.0,0,20,3780
2473.0,9408.56558222199,0.0,0,20,3780
2474.0,9408.56558222199,0.0,0,20,3780
2475.0,9408.56558222199,0.0,0,20,3780
2476.0,9408.56558222199,0.0,0,20,3780
2477.0,9408.56558222199,0.0,0,20,3780
2478.0,9408.56558222199,0.0,0,20,3780
2479.0,9408.56558222199,0.0,0,20,3780
2480.0,9408.56558222199,0.0,0,20,3780
2481.0,9408.56558222199,0.0,0,20,3780
2482.0,9408.56558222199,0.0,0,20,3780
2483.0,9408.56558222199,0.0,0,20,3780
2484.0,9408.56558222199,0.0,0,20,3780
2485.0,9408.56558222199,0.0,0,20,3780
2486.0,9408.56558222199,0.0,0,20,3780
2487.0,9408.56558222199,0.0,0,20,3780
2488.0,9408.56558222199,0.0,0,20,3780
2489.0,9408.56558222199,0.0,0,20,3780
2490.0,9408.56558222199,0.0,0,20,3780
2491.0,9408.56558222199,0.0,0,20,3780
2492.0,9408.56558222199,0.0,0,20,3780
2493.0,9408.56558222199,0.0,0,20,3780
2494.0,9408.56558222199,0.0,0,20,3780
2495.0,9408.56558222199,0.0,0,20,3780
2496.0,9408.56558222199,0.0,0,20,3780
2497.0,9408.56558222199,0.0,0,20,3780
2498.0,9408.56558222199,0.0,0,20,3780
2499.0,9408.56558222199,0.0,0,20,3780
2500.0,9408.56558222199,0.0,0,20,3780
2501.0,9408.56558222199,0.0,0,20,3780
2502.0,9408.56558222199,0.0,0,20,3780
2503.0,9408.56558222199,0.0,0,20,3780
2504.0,9408.56558222199,0.0,0,20,3780
2505.0,9408.56558222199,0.0,0,20,3780
2506.0,9408.56558222199,0.0,0,20,3780
2507.0,9408.56558222199,0.0,0,20,3780
2508.0,9408.56558222199,0.0,0,20,3780
2509.0,9408.56558222199,0.0,0,20,3780
2510.0,9408.56558222199,0.0,0,20,3780
2511.0,9408.56558222199,0.0,0,20,3780
2512.0,9408.56558222199,0.0,0,20,3780
2513.0,9408.56558222199,0.0,0,20,3780
2514.0,9408.56558222199,0.0,0,20,3780
2515.0,9408.56558222199,0.0,0,20,3780
2516.0,9408.56558222199,0.0,0,20,3780
2517.0,9408.56558222199,0.0,0,20,3780
2518.0,9408.56558222199,0.0,0,20,3780
2519.0,9408.56558222199,0.0,0,20,3780
2520.0,9408.56558222199,0.0,0,20,3780
2521.0,9408.56558222199,0.0,0,20,3780
2522.0,9408.56558222199,0.0,0,20,3780
2523.0,9408.56558222199,0.0,0,20,3780
2524.0,9408.56558222199,0.0,0,20,3780
2525.0,9408.56558222199,0.0,0,20,3780
2526.0,9408.56558222199,0.0,0,20,3780
2527.0,9408.56558222199,0.0,0,20,3780
2528.0,9408.56558222199,0.0,0,20,3780
2529.0,9408.56558222199,0.0,0,20,3780
2530.0,9408.56558222199,0.0,0,20,3780
2531.0,9408.56558222199,0.0,0,20,3780
2532.0,9408.56558222199,0.0,0,20,3780
2533.0,9408.56558222199,0.0,0,20,3780
2534.0,9408.56558222199,0.0,0,20,3780
2535.0,9408.56558222199,0.0,0,20,3780
2536.0,9408.56558222199,0.0,0,20,3780
2537.0,9408.56558222199,0.0,0,20,3780
2538.0,9408.56558222199,0.0,0,20,3780
2539.0,9408.56558222199,0.0,0,20,3780
2540.0,9408.56558222199,0.0,0,20,3780
2541.0,9408.56558222199,0.0,0,20,3780
2542.0,9408.56558222199,0.0,0,20,3780
2543.0,9408.56558222199,0.0,0,20,3780
2544.0,9408.56558222199,0.0,0,20,3780
2545.0,9408.56558222199,0.0,0,20,3780
2546.0,9408.56558222199,0.0,0,20,3780
2547.0,9408.56558222199,0.0,0,20,3780
2548.0,9408.56558222199,0.0,0,20,3780
2549.0,9408.56558222199,0.0,0,20,3780
2550.0,9408.56558222199,0.0,0,20,3780
2551.0,9408.56558222199,0.0,0,20,3780
2552.0,9408.56558222199,0.0,0,20,3780
2553.0,9408.56558222199,0.0,0,20,3780
2554.0,9408.56558222199,0.0,0,20,3780
2555.0,9408.56558222199,0.0,0,20,3780
2556.0,9408.56558222199,0.0,0,20,3780
2557.0,9408.56558222199,0.0,0,20,3780
2558.0,9408.56558222199,0.0,0,20,3780
2559.0,9408.56558222199,0.0,0,20,3780
2560.0,9408.56558222199,0.0,0,20,3780
2561.0,9408.56558222199,0.0,0,20,3780
2562.0,9408.56558222199,0.0,0,20,3780
2563.0,9408.56558222199,0.0,0,20,3780
2564.0,9408.56558222199,0.0,0,20,3780
2565.0,9408.56558222199,0.0,0,20,3780
2566.0,9408.56558222199,0.0,0,20,3780
2567.0,9408.56558222199,0.0,0,20,3780
2568.0,9408.56558222199,0.0,0,20,3780
2569.0,9408.56558222199,0.0,0,20,3780
2570.0,9408.56558222199,0.0,0,20,3780
2571.0,9408.56558222199,0.0,0,20,3780
2572.0,9408.56558222199,0.0,0,20,3780
2573.0,9408.56558222199,0.0,0,20,3780
2574.0,9408.56558222199,0.0,0,20,3780
2575.0,9408.56558222199,0.0,0,20,3780
2576.0,9408.56558222199,0.0,0,20,3780
2577.0,9408.56558222199,0.0,0,20,3780
2578.0,9408.56558222199,0.0,0,20,3780
2579.0,9408.56558222199,0.0,0,20,3780
2580.0,9408.56558222199,0.0,0,20,3780
2581.0,9408.56558222199,0.0,0,20,3780
2582.0,9408.56558222199,0.0,0,20,3780
2583.0,9408.56558222199,0.0,0,20,3780
2584.0,9408.56558222199,0.0,0,20,3780
2585.0,9408.56558222199,0.0,0,20,3780
2586.0,9408.56558222199,0.0,0,20,3780
2587.0,9408.56558222199,0.0,0,20,3780
2588.0,9408.56558222199,0.0,0,20,3780
2589.0,9408.56558222199,0.0,0,20,3780
2590.0,9408.56558222199,0.0,0,20,3780
2591.0,9408.56558222199,0.0,0,20,3780
2592.0,9408.56558222199,0.0,0,20,3780
2593.0,9408.56558222199,0.0,0,20,3780
2594.0,9408.56558222199,0.0,0,20,3780
2595.0,9408.56558222199,0.0,0,20,3780
2596.0,9408.56558222199,0.0,0,20,3780
2597.0,9408.56558222199,0.0,0,20,3780
2598.0,9408.56558222199,0.0,0,20,3780
2599.0,9408.56558222199,0.0,0,20,3780
2600.0,9408.56558222199,0.0,0,20,3780
2601.0,9408.56558222199,0.0,0,20,3780
2602.0,9408.56558222199,0.0,0,20,3780
2603.0,9408.56558222199,0.0,0,20,3780
2604.0,9408.56558222199,0.0,0,20,3780
2605.0,9408.56558222199,0.0,0,20,3780
2606.0,9408.56558222199,0.0,0,20,3780
2607.0,9408.56558222199,0.0,0,20,3780
2608.0,9408.56558222199,0.0,0,20,3780
2609.0,9408.56558222199,0.0,0,20,3780
2610.0,9408.56558222199,0.0,0,20,3780
2611.0,9408.56558222199,0.0,0,20,3780
2612.0,9408.56558222199,0.0,0,20,3780
2613.0,9408.56558222199,0.0,0,20,3780
2614.0,9408.56558222199,0.0,0,20,3780
2615.0,9408.56558222199,0.0,0,20,3780
2616.0,9408.56558222199,0.0,0,20,3780
2617.0,9408.56558222199,0.0,0,20,3780
2618.0,9408.56558222199,0.0,0,20,3780
2619.0,9408.56558222199,0.0,0,20,3780
2620.0,9408.56558222199,0.0,0,20,3780
2621.0,9408.56558222199,0.0,0,20,3780
2622.0,9408.56558222199,0.0,0,20,3780
2623.0,9408.56558222199,0.0,0,20,3780
2624.0,9408.56558222199,0.0,0,20,3780
2625.0,9408.56558222199,0.0,0,20,3780
2626.0,9408.56558222199,0.0,0,20,3780
2627.0,9408.56558222199,0.0,0,20,3780
2628.0,9408.56558222199,0.0,0,20,3780
2629.0,9408.56558222199,0.0,0,20,3780
2630.0,9408.56558222199,0.0,0,20,3780
2631.0,9408.56558222199,0.0,0,20,3780
2632.0,9408.56558222199,0.0,0,20,3780
2633.0,9408.56558222199,0.0,0,20,3780
2634.0,9408.56558222199,0.0,0,20,3780
2635.0,9408.56558222199,0.0,0,20,3780
2636.0,9408.56558222199,0.0,0,20,3780
2637.0,9408.56558222199,0.0,0,20,3780
2638.0,9408.56558222199,0.0,0,20,3780
2639.0,9408.56558222199,0.0,0,20,3780
2640.0,9408.56558222199,0.0,0,20,3780
2641.0,9408.56558222199,0.0,0,20,3780
2642.0,9408.56558222199,0.0,0,20,3780
2643.0,9408.56558222199,0.0,0,20,3780
2644.0,9408.56558222199,0.0,0,20,3780
2645.0,9408.56558222199,0.0,0,20,3780
2646.0,9408.56558222199,0.0,0,20,3780
2647.0,9408.56558222199,0.0,0,20,3780
2648.0,9408.56558222199,0.0,0,20,3780
2649.0,9408.56558222199,0.0,0,20,3780
2650.0,9408.56558222199,0.0,0,20,3780
2651.0,9408.56558222199,0.0,0,20,3780
2652.0,9408.56558222199,0.0,0,20,3780
2653.0,9408.56558222199,0.0,0,20,3780
2654.0,9408.56558222199,0.0,0,20,3780
2655.0,9408.56558222199,0.0,0,20,3780
2656.0,9408.56558222199,0.0,0,20,3780
2657.0,9408.56558222199,0.0,0,20,3780
2658.0,9408.56558222199,0.0,0,20,3780
2659.0,9408.56558222199,0.0,0,20,3780
2660.0,9408.56558222199,0.0,0,20,3780
2661.0,9408.56558222199,0.0,0,20,3780
2662.0,9408.56558222199,0.0,0,20,3780
2663.0,9408.56558222199,0.0,0,20,3780
2664.0,9408.56558222199,0.0,0,20,3780
2665.0,9408.56558222199,0.0,0,20,3780
2666.0,9408.56558222199,0.0,0,20,3780
2667.0,9408.56558222199,0.0,0,20,3780
2668.0,9408.56558222199,0.0,0,20,3780
2669.0,9408.56558222199,0.0,0,20,3780
2670.0,9408.56558222199,0.0,0,20,3780
2671.0,9408.56558222199,0.0,0,20,3780
2672.0,9408.56558222199,0.0,0,20,3780
2673.0,9408.56558222199,0.0,0,20,3780
2674.0,9408.56558222199,0.0,0,20,3780
2675.0,9408.56558222199,0.0,0,20,3780
2676.0,9408.56558222199,0.0,0,20,3780
2677.0,9408.56558222199,0.0,0,20,3780
2678.0,9408.56558222199,0.0,0,20,3780
2679.0,9408.56558222199,0.0,0,20,3780
2680.0,9408.56558222199,0.0,0,20,3780
2681.0,9408.56558222199,0.0,0,20,3780
2682.0,9408.56558222199,0.0,0,20,3780
2683.0,9408.56558222199,0.0,0,20,3780
2684.0,9408.56558222199,0.0,0,20,3780
2685.0,9408.56558222199,0.0,0,20,3780
2686.0,9408.56558222199,0.0,0,20,3780
2687.0,9408.56558222199,0.0,0,20,3780
2688.0,9408.56558222199,0.0,0,20,3780
2689.0,9408.56558222199,0.0,0,20,3780
2690.0,9408.56558222199,0.0,0,20,3780
2691.0,9408.56558222199,0.0,0,20,3780
2692.0,9408.56558222199,0.0,0,20,3780
2693.0,9408.56558222199,0.0,0,20,3780
2694.0,9408.56558222199,0.0,0,20,3780
2695.0,9408.56558222199,0.0,0,20,3780
2696.0,9408.56558222199,0.0,0,20,3780
2697.0,9408.56558222199,0.0,0,20,3780
2698.0,9408.56558222199,0.0,0,20,3780
2699.0,9408.56558222199,0.0,0,20,3780
2700.0,9408.56558222199,0.0,0,20,3780
2701.0,9408.56558222199,0.0,0,20,3780
2702.0,9408.56558222199,0.0,0,20,3780
2703.0,9408.56558222199,0.0,0,20,3780
2704.0,9408.56558222199,0.0,0,20,3780
2705.0,9408.56558222199,0.0,0,20,3780
2706.0,9408.56558222199,0.0,0,20,3780
2707.0,9408.56558222199,0.0,0,20,3780
2708.0,9408.56558222199,0.0,0,20,3780
2709.0,9408.56558222199,0.0,0,20,3780
2710.0,9408.56558222199,0.0,0,20,3780
2711.0,9408.56558222199,0.0,0,20,3780
2712.0,9408.56558222199,0.0,0,20,3780
2713.0,9408.56558222199,0.0,0,20,3780
2714.0,9408.56558222199,0.0,0,20,3780
2715.0,9408.56558222199,0.0,0,20,3780
2716.0,9408.56558222199,0.0,0,20,3780
2717.0,9408.56558222199,0.0,0,20,3780
2718.0,9408.56558222199,0.0,0,20,3780
2719.0,9408.56558222199,0.0,0,20,3780
2720.0,9408.56558222199,0.0,0,20,3780
2721.0,9408.56558222199,0.0,0,20,3780
2722.0,9408.56558222199,0.0,0,20,3780
2723.0,9408.56558222199,0.0,0,20,3780
2724.0,9408.56558222199,0.0,0,20,3780
2725.0,9408.56558222199,0.0,0,20,3780
2726.0,9408.56558222199,0.0,0,20,3780
2727.0,9408.56558222199,0.0,0,20,3780
2728.0,9408.56558222199,0.0,0,20,3780
2729.0,9408.56558222199,0.0,0,20,3780
2730.0,9408.56558222199,0.0,0,20,3780
2731.0,9408.56558222199,0.0,0,20,3780
2732.0,9408.56558222199,0.0,0,20,3780
2733.0,9408.56558222199,0.0,0,20,3780
2734.0,9408.56558222199,0.0,0,20,3780
2735.0,9408.56558222199,0.0,0,20,3780
2736.0,9408.56558222199,0.0,0,20,3780
2737.0,9408.56558222199,0.0,0,20,3780
2738.0,9408.56558222199,0.0,0,20,3780
2739.0,9408.56558222199,0.0,0,20,3780
2740.0,9408.56558222199,0.0,0,20,3780
2741.0,9408.56558222199,0.0,0,20,3780
2742.0,9408.56558222199,0.0,0,20,3780
2743.0,9408.56558222199,0.0,0,20,3780
2744.0,9408.56558222199,0.0,0,20,3780
2745.0,9408.56558222199,0.0,0,20,3780
2746.0,9408.56558222199,0.0,0,20,3780
2747.0,9408.56558222199,0.0,0,20,3780
2748.0,9408.56558222199,0.0,0,20,3780
2749.0,9408.56558222199,0.0,0,20,3780
2750.0,9408.56558222199,0.0,0,20,3780
2751.0,9408.56558222199,0.0,0,20,3780
2752.0,9408.56558222199,0.0,0,20,3780
2753.0,9408.56558222199,0.0,0,20,3780
2754.0,9408.56558222199,0.0,0,20,3780
2755.0,9408.56558222199,0.0,0,20,3780
2756.0,9408.56558222199,0.0,0,20,3780
2757.0,9408.56558222199,0.0,0,20,3780
2758.0,9408.56558222199,0.0,0,20,3780
2759.0,9408.56558222199,0.0,0,20,3780
2760.0,9408.56558222199,0.0,0,20,3780
2761.0,9408.56558222199,0.0,0,20,3780
2762.0,9408.56558222199,0.0,0,20,3780
2763.0,9408.56558222199,0.0,0,20,3780
2764.0,9408.56558222199,0.0,0,20,3780
2765.0,9408.56558222199,0.0,0,20,3780
2766.0,9408.56558222199,0.0,0,20,3780
2767.0,9408.56558222199,0.0,0,20,3780
2768.0,9408.56558222199,0.0,0,20,3780
2769.0,9408.56558222199,0.0,0,20,3780
2770.0,9408.56558222199,0.0,0,20,3780
2771.0,9408.56558222199,0.0,0,20,3780
2772.0,9408.56558222199,0.0,0,20,3780
2773.0,9408.56558222199,0.0,0,20,3780
2774.0,9408.56558222199,0.0,0,20,3780
2775.0,9408.56558222199,0.0,0,20,3780
2776.0,9408.56558222199,0.0,0,20,3780
2777.0,9408.56558222199,0.0,0,20,3780
2778.0,9408.56558222199,0.0,0,20,3780
2779.0,9408.56558222199,0.0,0,20,3780
2780.0,9408.56558222199,0.0,0,20,3780
2781.0,9408.56558222199,0.0,0,20,3780
2782.0,9408.56558222199,0.0,0,20,3780
2783.0,9408.56558222199,0.0,0,20,3780
2784.0,9408.56558222199,0.0,0,20,3780
2785.0,9408.56558222199,0.0,0,20,3780
2786.0,9408.56558222199,0.0,0,20,3780
2787.0,9408.56558222199,0.0,0,20,3780
2788.0,9408.56558222199,0.0,0,20,3780
2789.0,9408.56558222199,0.0,0,20,3780
2790.0,9408.56558222199,0.0,0,20,3780
2791.0,9408.56558222199,0.0,0,20,3780
2792.0,9408.56558222199,0.0,0,20,3780
2793.0,9408.56558222199,0.0,0,20,3780
2794.0,9408.56558222199,0.0,0,20,3780
2795.0,9408.56558222199,0.0,0,20,3780
2796.0,9408.56558222199,0.0,0,20,3780
2797.0,9408.56558222199,0.0,0,20,3780
2798.0,9408.56558222199,0.0,0,20,3780
2799.0,9408.56558222199,0.0,0,20,3780
2800.0,9408.56558222199,0.0,0,20,3780
2801.0,9408.56558222199,0.0,0,20,3780
2802.0,9408.56558222199,0.0,0,20,3780
2803.0,9408.56558222199,0.0,0,20,3780
2804.0,9408.56558222199,0.0,0,20,3780
2805.0,9408.56558222199,0.0,0,20,3780
2806.0,9408.56558222199,0.0,0,20,3780
2807.0,9408.56558222199,0.0,0,20,3780
2808.0,9408.56558222199,0.0,0,20,3780
2809.0,9408.56558222199,0.0,0,20,3780
2810.0,9408.56558222199,0.0,0,20,3780
2811.0,9408.56558222199,0.0,0,20,3780
2812.0,9408.56558222199,0.0,0,20,3780
2813.0,9408.56558222199,0.0,0,20,3780
2814.0,9408.56558222199,0.0,0,20,3780
2815.0,9408.56558222199,0.0,0,20,3780
2816.0,9408.56558222199,0.0,0,20,3780
2817.0,9408.56558222199,0.0,0,20,3780
2818.0,9408.56558222199,0.0,0,20,3780
2819.0,9408.56558222199,0.0,0,20,3780
2820.0,9408.56558222199,0.0,0,20,3780
2821.0,9408.56558222199,0.0,0,20,3780
2822.0,9408.56558222199,0.0,0,20,3780
2823.0,9408.56558222199,0.0,0,20,3780
2824.0,9408.56558222199,0.0,0,20,3780
2825.0,9408.56558222199,0.0,0,20,3780
2826.0,9408.56558222199,0.0,0,20,3780
2827.0,9408.56558222199,0.0,0,20,3780
2828.0,9408.56558222199,0.0,0,20,3780
2829.0,9408.56558222199,0.0,0,20,3780
2830.0,9408.56558222199,0.0,0,20,3780
2831.0,9408.56558222199,0.0,0,20,3780
2832.0,9408.56558222199,0.0,0,20,3780
2833.0,9408.56558222199,0.0,0,20,3780
2834.0,9408.56558222199,0.0,0,20,3780
2835.0,9408.56558222199,0.0,0,20,3780
2836.0,9408.56558222199,0.0,0,20,3780
2837.0,9408.56558222199,0.0,0,20,3780
2838.0,9408.56558222199,0.0,0,20,3780
2839.0,9408.56558222199,0.0,0,20,3780
2840.0,9408.56558222199,0.0,0,20,3780
2841.0,9408.56558222199,0.0,0,20,3780
2842.0,9408.56558222199,0.0,0,20,3780
2843.0,9408.56558222199,0.0,0,20,3780
2844.0,9408.56558222199,0.0,0,20,3780
2845.0,9408.56558222199,0.0,0,20,3780
2846.0,9408.56558222199,0.0,0,20,3780
2847.0,9408.56558222199,0.0,0,20,3780
2848.0,9408.56558222199,0.0,0,20,3780
2849.0,9408.56558222199,0.0,0,20,3780
2850.0,9408.56558222199,0.0,0,20,3780
2851.0,9408.56558222199,0.0,0,20,3780
2852.0,9408.56558222199,0.0,0,20,3780
2853.0,9408.56558222199,0.0,0,20,3780
2854.0,9408.56558222199,0.0,0,20,3780
2855.0,9408.56558222199,0.0,0,20,3780
2856.0,9408.56558222199,0.0,0,20,3780
2857.0,9408.56558222199,0.0,0,20,3780
2858.0,9408.56558222199,0.0,0,20,3780
2859.0,9408.56558222199,0.0,0,20,3780
2860.0,9408.56558222199,0.0,0,20,3780
2861.0,9408.56558222199,0.0,0,20,3780
2862.0,9408.56558222199,0.0,0,20,3780
2863.0,9408.56558222199,0.0,0,20,3780
2864.0,9408.56558222199,0.0,0,20,3780
2865.0,9408.56558222199,0.0,0,20,3780
2866.0,9408.56558222199,0.0,0,20,3780
2867.0,9408.56558222199,0.0,0,20,3780
2868.0,9408.56558222199,0.0,0,20,3780
2869.0,9408.56558222199,0.0,0,20,3780
2870.0,9408.56558222199,0.0,0,20,3780
2871.0,9408.56558222199,0.0,0,20,3780
2872.0,9408.56558222199,0.0,0,20,3780
2873.0,9408.56558222199,0.0,0,20,3780
2874.0,9408.56558222199,0.0,0,20,3780
2875.0,9408.56558222199,0.0,0,20,3780
2876.0,9408.56558222199,0.0,0,20,3780
2877.0,9408.56558222199,0.0,0,20,3780
2878.0,9408.56558222199,0.0,0,20,3780
2879.0,9408.56558222199,0.0,0,20,3780
2880.0,9408.56558222199,0.0,0,20,3780
2881.0,9408.56558222199,0.0,0,20,3780
2882.0,9408.56558222199,0.0,0,20,3780
2883.0,9408.56558222199,0.0,0,20,3780
2884.0,9408.56558222199,0.0,0,20,3780
2885.0,9408.56558222199,0.0,0,20,3780
2886.0,9408.56558222199,0.0,0,20,3780
2887.0,9408.56558222199,0.0,0,20,3780
2888.0,9408.56558222199,0.0,0,20,3780
2889.0,9408.56558222199,0.0,0,20,3780
2890.0,9408.56558222199,0.0,0,20,3780
2891.0,9408.56558222199,0.0,0,20,3780
2892.0,9408.56558222199,0.0,0,20,3780
2893.0,9408.56558222199,0.0,0,20,3780
2894.0,9408.56558222199,0.0,0,20,3780
2895.0,9408.56558222199,0.0,0,20,3780
2896.0,9408.56558222199,0.0,0,20,3780
2897.0,9408.56558222199,0.0,0,20,3780
2898.0,9408.56558222199,0.0,0,20,3780
2899.0,9408.56558222199,0.0,0,20,3780
2900.0,9408.56558222199,0.0,0,20,3780
2901.0,9408.56558222199,0.0,0,20,3780
2902.0,9408.56558222199,0.0,0,20,3780
2903.0,9408.56558222199,0.0,0,20,3780
2904.0,9408.56558222199,0.0,0,20,3780
2905.0,9408.56558222199,0.0,0,20,3780
2906.0,9408.56558222199,0.0,0,20,3780
2907.0,9408.56558222199,0.0,0,20,3780
2908.0,9408.56558222199,0.0,0,20,3780
2909.0,9408.56558222199,0.0,0,20,3780
2910.0,9408.56558222199,0.0,0,20,3780
2911.0,9408.56558222199,0.0,0,20,3780
2912.0,9408.56558222199,0.0,0,20,3780
2913.0,9408.56558222199,0.0,0,20,3780
2914.0,9408.56558222199,0.0,0,20,3780
2915.0,9408.56558222199,0.0,0,20,3780
2916.0,9408.56558222199,0.0,0,20,3780
2917.0,9408.56558222199,0.0,0,20,3780
2918.0,9408.56558222199,0.0,0,20,3780
2919.0,9408.56558222199,0.0,0,20,3780
2920.0,9408.56558222199,0.0,0,20,3780
2921.0,9408.56558222199,0.0,0,20,3780
2922.0,9408.56558222199,0.0,0,20,3780
2923.0,9408.56558222199,0.0,0,20,3780
2924.0,9408.56558222199,0.0,0,20,3780
2925.0,9408.56558222199,0.0,0,20,3780
2926.0,9408.56558222199,0.0,0,20,3780
2927.0,9408.56558222199,0.0,0,20,3780
2928.0,9408.56558222199,0.0,0,20,3780
2929.0,9408.56558222199,0.0,0,20,3780
2930.0,9408.56558222199,0.0,0,20,3780
2931.0,9408.56558222199,0.0,0,20,3780
2932.0,9408.56558222199,0.0,0,20,3780
2933.0,9408.56558222199,0.0,0,20,3780
2934.0,9408.56558222199,0.0,0,20,3780
2935.0,9408.56558222199,0.0,0,20,3780
2936.0,9408.56558222199,0.0,0,20,3780
2937.0,9408.56558222199,0.0,0,20,3780
2938.0,9408.56558222199,0.0,0,20,3780
2939.0,9408.56558222199,0.0,0,20,3780
2940.0,9408.56558222199,0.0,0,20,3780
2941.0,9408.56558222199,0.0,0,20,3780
2942.0,9408.56558222199,0.0,0,20,3780
2943.0,9408.56558222199,0.0,0,20,3780
2944.0,9408.56558222199,0.0,0,20,3780
2945.0,9408.56558222199,0.0,0,20,3780
2946.0,9408.56558222199,0.0,0,20,3780
2947.0,9408.56558222199,0.0,0,20,3780
2948.0,9408.56558222199,0.0,0,20,3780
2949.0,9408.56558222199,0.0,0,20,3780
2950.0,9408.56558222199,0.0,0,20,3780
2951.0,9408.56558222199,0.0,0,20,3780
2952.0,9408.56558222199,0.0,0,20,3780
2953.0,9408.56558222199,0.0,0,20,3780
2954.0,9408.56558222199,0.0,0,20,3780
2955.0,9408.56558222199,0.0,0,20,3780
2956.0,9408.56558222199,0.0,0,20,3780
2957.0,9408.56558222199,0.0,0,20,3780
2958.0,9408.56558222199,0.0,0,20,3780
2959.0,9408.56558222199,0.0,0,20,3780
2960.0,9408.56558222199,0.0,0,20,3780
2961.0,9408.56558222199,0.0,0,20,3780
2962.0,9408.56558222199,0.0,0,20,3780
2963.0,9408.56558222199,0.0,0,20,3780
2964.0,9408.56558222199,0.0,0,20,3780
2965.0,9408.56558222199,0.0,0,20,3780
2966.0,9408.56558222199,0.0,0,20,3780
2967.0,9408.56558222199,0.0,0,20,3780
2968.0,9408.56558222199,0.0,0,20,3780
2969.0,9408.56558222199,0.0,0,20,3780
2970.0,9408.56558222199,0.0,0,20,3780
2971.0,9408.56558222199,0.0,0,20,3780
2972.0,9408.56558222199,0.0,0,20,3780
2973.0,9408.56558222199,0.0,0,20,3780
2974.0,9408.56558222199,0.0,0,20,3780
2975.0,9408.56558222199,0.0,0,20,3780
2976.0,9408.56558222199,0.0,0,20,3780
2977.0,9408.56558222199,0.0,0,20,3780
2978.0,9408.56558222199,0.0,0,20,3780
2979.0,9408.56558222199,0.0,0,20,3780
2980.0,9408.56558222199,0.0,0,20,3780
2981.0,9408.56558222199,0.0,0,20,3780
2982.0,9408.56558222199,0.0,0,20,3780
2983.0,9408.56558222199,0.0,0,20,3780
2984.0,9408.56558222199,0.0,0,20,3780
2985.0,9408.56558222199,0.0,0,20,3780
2986.0,9408.56558222199,0.0,0,20,3780
2987.0,9408.56558222199,0.0,0,20,3780
2988.0,9408.56558222199,0.0,0,20,3780
2989.0,9408.56558222199,0.0,0,20,3780
2990.0,9408.56558222199,0.0,0,20,3780
2991.0,9408.56558222199,0.0,0,20,3780
2992.0,9408.56558222199,0.0,0,20,3780
2993.0,9408.56558222199,0.0,0,20,3780
2994.0,9408.56558222199,0.0,0,20,3780
2995.0,9408.56558222199,0.0,0,20,3780
2996.0,9408.56558222199,0.0,0,20,3780
2997.0,9408.56558222199,0.0,0,20,3780
2998.0,9408.56558222199,0.0,0,20,3780
2999.0,9408.56558222199,0.0,0,20,3780
3000.0,9408.56558222199,0.0,0,20,3780
3001.0,9408.56558222199,0.0,0,20,3780
3002.0,9408.56558222199,0.0,0,20,3780
3003.0,9408.56558222199,0.0,0,20,3780
3004.0,9408.56558222199,0.0,0,20,3780
3005.0,9408.56558222199,0.0,0,20,3780
3006.0,9408.56558222199,0.0,0,20,3780
3007.0,9408.56558222199,0.0,0,20,3780
3008.0,9408.56558222199,0.0,0,20,3780
3009.0,9408.56558222199,0.0,0,20,3780
3010.0,9408.56558222199,0.0,0,20,3780
3011.0,9408.56558222199,0.0,0,20,3780
3012.0,9408.56558222199,0.0,0,20,3780
3013.0,9408.56558222199,0.0,0,20,3780
3014.0,9408.56558222199,0.0,0,20,3780
3015.0,9408.56558222199,0.0,0,20,3780
3016.0,9408.56558222199,0.0,0,20,3780
3017.0,9408.56558222199,0.0,0,20,3780
3018.0,9408.56558222199,0.0,0,20,3780
3019.0,9408.56558222199,0.0,0,20,3780
3020.0,9408.56558222199,0.0,0,20,3780
3021.0,9408.56558222199,0.0,0,20,3780
3022.0,9408.56558222199,0.0,0,20,3780
3023.0,9408.56558222199,0.0,0,20,3780
3024.0,9408.56558222199,0.0,0,20,3780
3025.0,9408.56558222199,0.0,0,20,3780
3026.0,9408.56558222199,0.0,0,20,3780
3027.0,9408.56558222199,0.0,0,20,3780
3028.0,9408.56558222199,0.0,0,20,3780
3029.0,9408.56558222199,0.0,0,20,3780
3030.0,9408.56558222199,0.0,0,20,3780
3031.0,9408.56558222199,0.0,0,20,3780
3032.0,9408.56558222199,0.0,0,20,3780
3033.0,9408.56558222199,0.0,0,20,3780
3034.0,9408.56558222199,0.0,0,20,3780
3035.0,9408.56558222199,0.0,0,20,3780
3036.0,9408.56558222199,0.0,0,20,3780
3037.0,9408.56558222199,0.0,0,20,3780
3038.0,9408.56558222199,0.0,0,20,3780
3039.0,9408.56558222199,0.0,0,20,3780
3040.0,9408.56558222199,0.0,0,20,3780
3041.0,9408.56558222199,0.0,0,20,3780
3042.0,9408.56558222199,0.0,0,20,3780
3043.0,9408.56558222199,0.0,0,20,3780
3044.0,9408.56558222199,0.0,0,20,3780
3045.0,9408.56558222199,0.0,0,20,3780
3046.0,9408.56558222199,0.0,0,20,3780
3047.0,9408.56558222199,0.0,0,20,3780
3048.0,9408.56558222199,0.0,0,20,3780
3049.0,9408.56558222199,0.0,0,20,3780
3050.0,9408.56558222199,0.0,0,20,3780
3051.0,9408.56558222199,0.0,0,20,3780
3052.0,9408.56558222199,0.0,0,20,3780
3053.0,9408.56558222199,0.0,0,20,3780
3054.0,9408.56558222199,0.0,0,20,3780
3055.0,9408.56558222199,0.0,0,20,3780
3056.0,9408.56558222199,0.0,0,20,3780
3057.0,9408.56558222199,0.0,0,20,3780
3058.0,9408.56558222199,0.0,0,20,3780
3059.0,9408.56558222199,0.0,0,20,3780
3060.0,9408.56558222199,0.0,0,20,3780
3061.0,9408.56558222199,0.0,0,20,3780
3062.0,9408.56558222199,0.0,0,20,3780
3063.0,9408.56558222199,0.0,0,20,3780
3064.0,9408.56558222199,0.0,0,20,3780
3065.0,9408.56558222199,0.0,0,20,3780
3066.0,9408.56558222199,0.0,0,20,3780
3067.0,9408.56558222199,0.0,0,20,3780
3068.0,9408.56558222199,0.0,0,20,3780
3069.0,9408.56558222199,0.0,0,20,3780
3070.0,9408.56558222199,0.0,0,20,3780
3071.0,9408.56558222199,0.0,0,20,3780
3072.0,9408.56558222199,0.0,0,20,3780
3073.0,9408.56558222199,0.0,0,20,3780
3074.0,9408.56558222199,0.0,0,20,3780
3075.0,9408.56558222199,0.0,0,20,3780
3076.0,9408.56558222199,0.0,0,20,3780
3077.0,9408.56558222199,0.0,0,20,3780
3078.0,9408.56558222199,0.0,0,20,3780
3079.0,9408.56558222199,0.0,0,20,3780
3080.0,9408.56558222199,0.0,0,20,3780
3081.0,9408.56558222199,0.0,0,20,3780
3082.0,9408.56558222199,0.0,0,20,3780
3083.0,9408.56558222199,0.0,0,20,3780
3084.0,9408.56558222199,0.0,0,20,3780
3085.0,9408.56558222199,0.0,0,20,3780
3086.0,9408.56558222199,0.0,0,20,3780
3087.0,9408.56558222199,0.0,0,20,3780
3088.0,9408.56558222199,0.0,0,20,3780
3089.0,9408.56558222199,0.0,0,20,3780
3090.0,9408.56558222199,0.0,0,20,3780
3091.0,9408.56558222199,0.0,0,20,3780
3092.0,9408.56558222199,0.0,0,20,3780
3093.0,9408.56558222199,0.0,0,20,3780
3094.0,9408.56558222199,0.0,0,20,3780
3095.0,9408.56558222199,0.0,0,20,3780
3096.0,9408.56558222199,0.0,0,20,3780
3097.0,9408.56558222199,0.0,0,20,3780
3098.0,9408.56558222199,0.0,0,20,3780
3099.0,9408.56558222199,0.0,0,20,3780
3100.0,9408.56558222199,0.0,0,20,3780
3101.0,9408.56558222199,0.0,0,20,3780
3102.0,9408.56558222199,0.0,0,20,3780
3103.0,9408.56558222199,0.0,0,20,3780
3104.0,9408.56558222199,0.0,0,20,3780
3105.0,9408.56558222199,0.0,0,20,3780
3106.0,9408.56558222199,0.0,0,20,3780
3107.0,9408.56558222199,0.0,0,20,3780
3108.0,9408.56558222199,0.0,0,20,3780
3109.0,9408.56558222199,0.0,0,20,3780
3110.0,9408.56558222199,0.0,0,20,3780
3111.0,9408.56558222199,0.0,0,20,3780
3112.0,9408.56558222199,0.0,0,20,3780
3113.0,9408.56558222199,0.0,0,20,3780
3114.0,9408.56558222199,0.0,0,20,3780
3115.0,9408.56558222199,0.0,0,20,3780
3116.0,9408.56558222199,0.0,0,20,3780
3117.0,9408.56558222199,0.0,0,20,3780
3118.0,9408.56558222199,0.0,0,20,3780
3119.0,9408.56558222199,0.0,0,20,3780
3120.0,9408.56558222199,0.0,0,20,3780
3121.0,9408.56558222199,0.0,0,20,3780
3122.0,9408.56558222199,0.0,0,20,3780
3123.0,9408.56558222199,0.0,0,20,3780
3124.0,9408.56558222199,0.0,0,20,3780
3125.0,9408.56558222199,0.0,0,20,3780
3126.0,9408.56558222199,0.0,0,20,3780
3127.0,9408.56558222199,0.0,0,20,3780
3128.0,9408.56558222199,0.0,0,20,3780
3129.0,9408.56558222199,0.0,0,20,3780
3130.0,9408.56558222199,0.0,0,20,3780
3131.0,9408.56558222199,0.0,0,20,3780
3132.0,9408.56558222199,0.0,0,20,3780
3133.0,9408.56558222199,0.0,0,20,3780
3134.0,9408.56558222199,0.0,0,20,3780
3135.0,9408.56558222199,0.0,0,20,3780
3136.0,9408.56558222199,0.0,0,20,3780
3137.0,9408.56558222199,0.0,0,20,3780
3138.0,9408.56558222199,0.0,0,20,3780
3139.0,9408.56558222199,0.0,0,20,3780
3140.0,9408.56558222199,0.0,0,20,3780
3141.0,9408.56558222199,0.0,0,20,3780
3142.0,9408.56558222199,0.0,0,20,3780
3143.0,9408.56558222199,0.0,0,20,3780
3144.0,9408.56558222199,0.0,0,20,3780
3145.0,9408.56558222199,0.0,0,20,3780
3146.0,9408.56558222199,0.0,0,20,3780
3147.0,9408.56558222199,0.0,0,20,3780
3148.0,9408.56558222199,0.0,0,20,3780
3149.0,9408.56558222199,0.0,0,20,3780
3150.0,9408.56558222199,0.0,0,20,3780
3151.0,9408.56558222199,0.0,0,20,3780
3152.0,9408.56558222199,0.0,0,20,3780
3153.0,9408.56558222199,0.0,0,20,3780
3154.0,9408.56558222199,0.0,0,20,3780
3155.0,9408.56558222199,0.0,0,20,3780
3156.0,9408.56558222199,0.0,0,20,3780
3157.0,9408.56558222199,0.0,0,20,3780
3158.0,9408.56558222199,0.0,0,20,3780
3159.0,9408.56558222199,0.0,0,20,3780
3160.0,9408.56558222199,0.0,0,20,3780
3161.0,9408.56558222199,0.0,0,20,3780
3162.0,9408.56558222199,0.0,0,20,3780
3163.0,9408.56558222199,0.0,0,20,3780
3164.0,9408.56558222199,0.0,0,20,3780
3165.0,9408.56558222199,0.0,0,20,3780
3166.0,9408.56558222199,0.0,0,20,3780
3167.0,9408.56558222199,0.0,0,20,3780
3168.0,9408.56558222199,0.0,0,20,3780
3169.0,9408.56558222199,0.0,0,20,3780
3170.0,9408.56558222199,0.0,0,20,3780
3171.0,9408.56558222199,0.0,0,20,3780
3172.0,9408.56558222199,0.0,0,20,3780
3173.0,9408.56558222199,0.0,0,20,3780
3174.0,9408.56558222199,0.0,0,20,3780
3175.0,9408.56558222199,0.0,0,20,3780
3176.0,9408.56558222199,0.0,0,20,3780
3177.0,9408.56558222199,0.0,0,20,3780
3178.0,9408.56558222199,0.0,0,20,3780
3179.0,9408.56558222199,0.0,0,20,3780
3180.0,9408.56558222199,0.0,0,20,3780
3181.0,9408.56558222199,0.0,0,20,3780
3182.0,9408.56558222199,0.0,0,20,3780
3183.0,9408.56558222199,0.0,0,20,3780
3184.0,9408.56558222199,0.0,0,20,3780
3185.0,9408.56558222199,0.0,0,20,3780
3186.0,9408.56558222199,0.0,0,20,3780
3187.0,9408.56558222199,0.0,0,20,3780
3188.0,9408.56558222199,0.0,0,20,3780
3189.0,9408.56558222199,0.0,0,20,3780
3190.0,9408.56558222199,0.0,0,20,3780
3191.0,9408.56558222199,0.0,0,20,3780
3192.0,9408.56558222199,0.0,0,20,3780
3193.0,9408.56558222199,0.0,0,20,3780
3194.0,9408.56558222199,0.0,0,20,3780
3195.0,9408.56558222199,0.0,0,20,3780
3196.0,9408.56558222199,0.0,0,20,3780
3197.0,9408.56558222199,0.0,0,20,3780
3198.0,9408.56558222199,0.0,0,20,3780
3199.0,9408.56558222199,0.0,0,20,3780
3200.0,9408.56558222199,0.0,0,20,3780
3201.0,9408.56558222199,0.0,0,20,3780
3202.0,9408.56558222199,0.0,0,20,3780
3203.0,9408.56558222199,0.0,0,20,3780
3204.0,9408.56558222199,0.0,0,20,3780
3205.0,9408.56558222199,0.0,0,20,3780
3206.0,9408.56558222199,0.0,0,20,3780
3207.0,9408.56558222199,0.0,0,20,3780
3208.0,9408.56558222199,0.0,0,20,3780
3209.0,9408.56558222199,0.0,0,20,3780
3210.0,9408.56558222199,0.0,0,20,3780
3211.0,9408.56558222199,0.0,0,20,3780
3212.0,9408.56558222199,0.0,0,20,3780
3213.0,9408.56558222199,0.0,0,20,3780
3214.0,9408.56558222199,0.0,0,20,3780
3215.0,9408.56558222199,0.0,0,20,3780
3216.0,9408.56558222199,0.0,0,20,3780
3217.0,9408.56558222199,0.0,0,20,3780
3218.0,9408.56558222199,0.0,0,20,3780
3219.0,9408.56558222199,0.0,0,20,3780
3220.0,9408.56558222199,0.0,0,20,3780
3221.0,9408.56558222199,0.0,0,20,3780
3222.0,9408.56558222199,0.0,0,20,3780
3223.0,9408.56558222199,0.0,0,20,3780
3224.0,9408.56558222199,0.0,0,20,3780
3225.0,9408.56558222199,0.0,0,20,3780
3226.0,9408.56558222199,0.0,0,20,3780
3227.0,9408.56558222199,0.0,0,20,3780
3228.0,9408.56558222199,0.0,0,20,3780
3229.0,9408.56558222199,0.0,0,20,3780
3230.0,9408.56558222199,0.0,0,20,3780
3231.0,9408.56558222199,0.0,0,20,3780
3232.0,9408.56558222199,0.0,0,20,3780
3233.0,9408.56558222199,0.0,0,20,3780
3234.0,9408.56558222199,0.0,0,20,3780
3235.0,9408.56558222199,0.0,0,20,3780
3236.0,9408.56558222199,0.0,0,20,3780
3237.0,9408.56558222199,0.0,0,20,3780
3238.0,9408.56558222199,0.0,0,20,3780
3239.0,9408.56558222199,0.0,0,20,3780
3240.0,9408.56558222199,0.0,0,20,3780
3241.0,9408.56558222199,0.0,0,20,3780
3242.0,9408.56558222199,0.0,0,20,3780
3243.0,9408.56558222199,0.0,0,20,3780
3244.0,9408.56558222199,0.0,0,20,3780
3245.0,9408.56558222199,0.0,0,20,3780
3246.0,9408.56558222199,0.0,0,20,3780
3247.0,9408.56558222199,0.0,0,20,3780
3248.0,9408.56558222199,0.0,0,20,3780
3249.0,9408.56558222199,0.0,0,20,3780
3250.0,9408.56558222199,0.0,0,20,3780
3251.0,9408.56558222199,0.0,0,20,3780
3252.0,9408.56558222199,0.0,0,20,3780
3253.0,9408.56558222199,0.0,0,20,3780
3254.0,9408.56558222199,0.0,0,20,3780
3255.0,9408.56558222199,0.0,0,20,3780
3256.0,9408.56558222199,0.0,0,20,3780
3257.0,9408.56558222199,0.0,0,20,3780
3258.0,9408.56558222199,0.0,0,20,3780
3259.0,9408.56558222199,0.0,0,20,3780
3260.0,9408.56558222199,0.0,0,20,3780
3261.0,9408.56558222199,0.0,0,20,3780
3262.0,9408.56558222199,0.0,0,20,3780
3263.0,9408.56558222199,0.0,0,20,3780
3264.0,9408.56558222199,0.0,0,20,3780
3265.0,9408.56558222199,0.0,0,20,3780
3266.0,9408.56558222199,0.0,0,20,3780
3267.0,9408.56558222199,0.0,0,20,3780
3268.0,9408.56558222199,0.0,0,20,3780
3269.0,9408.56558222199,0.0,0,20,3780
3270.0,9408.56558222199,0.0,0,20,3780
3271.0,9408.56558222199,0.0,0,20,3780
3272.0,9408.56558222199,0.0,0,20,3780
3273.0,9408.56558222199,0.0,0,20,3780
3274.0,9408.56558222199,0.0,0,20,3780
3275.0,9408.56558222199,0.0,0,20,3780
3276.0,9408.56558222199,0.0,0,20,3780
3277.0,9408.56558222199,0.0,0,20,3780
3278.0,9408.56558222199,0.0,0,20,3780
3279.0,9408.56558222199,0.0,0,20,3780
3280.0,9408.56558222199,0.0,0,20,3780
3281.0,9408.56558222199,0.0,0,20,3780
3282.0,9408.56558222199,0.0,0,20,3780
3283.0,9408.56558222199,0.0,0,20,3780
3284.0,9408.56558222199,0.0,0,20,3780
3285.0,9408.56558222199,0.0,0,20,3780
3286.0,9408.56558222199,0.0,0,20,3780
3287.0,9408.56558222199,0.0,0,20,3780
3288.0,9408.56558222199,0.0,0,20,3780
3289.0,9408.56558222199,0.0,0,20,3780
3290.0,9408.56558222199,0.0,0,20,3780
3291.0,9408.56558222199,0.0,0,20,3780
3292.0,9408.56558222199,0.0,0,20,3780
3293.0,9408.56558222199,0.0,0,20,3780
3294.0,9408.56558222199,0.0,0,20,3780
3295.0,9408.56558222199,0.0,0,20,3780
3296.0,9408.56558222199,0.0,0,20,3780
3297.0,9408.56558222199,0.0,0,20,3780
3298.0,9408.56558222199,0.0,0,20,3780
3299.0,9408.56558222199,0.0,0,20,3780
3300.0,9408.56558222199,0.0,0,20,3780
3301.0,9408.56558222199,0.0,0,20,3780
3302.0,9408.56558222199,0.0,0,20,3780
3303.0,9408.56558222199,0.0,0,20,3780
3304.0,9408.56558222199,0.0,0,20,3780
3305.0,9408.56558222199,0.0,0,20,3780
3306.0,9408.56558222199,0.0,0,20,3780
3307.0,9408.56558222199,0.0,0,20,3780
3308.0,9408.56558222199,0.0,0,20,3780
3309.0,9408.56558222199,0.0,0,20,3780
3310.0,9408.56558222199,0.0,0,20,3780
3311.0,9408.56558222199,0.0,0,20,3780
3312.0,9408.56558222199,0.0,0,20,3780
3313.0,9408.56558222199,0.0,0,20,3780
3314.0,9408.56558222199,0.0,0,20,3780
3315.0,9408.56558222199,0.0,0,20,3780
3316.0,9408.56558222199,0.0,0,20,3780
3317.0,9408.56558222199,0.0,0,20,3780
3318.0,9408.56558222199,0.0,0,20,3780
3319.0,9408.56558222199,0.0,0,20,3780
3320.0,9408.56558222199,0.0,0,20,3780
3321.0,9408.56558222199,0.0,0,20,3780
3322.0,9408.56558222199,0.0,0,20,3780
3323.0,9408.56558222199,0.0,0,20,3780
3324.0,9408.56558222199,0.0,0,20,3780
3325.0,9408.56558222199,0.0,0,20,3780
3326.0,9408.56558222199,0.0,0,20,3780
3327.0,9408.56558222199,0.0,0,20,3780
3328.0,9408.56558222199,0.0,0,20,3780
3329.0,9408.56558222199,0.0,0,20,3780
3330.0,9408.56558222199,0.0,0,20,3780
3331.0,9408.56558222199,0.0,0,20,3780
3332.0,9408.56558222199,0.0,0,20,3780
3333.0,9408.56558222199,0.0,0,20,3780
3334.0,9408.56558222199,0.0,0,20,3780
3335.0,9408.56558222199,0.0,0,20,3780
3336.0,9408.56558222199,0.0,0,20,3780
3337.0,9408.56558222199,0.0,0,20,3780
3338.0,9408.56558222199,0.0,0,20,3780
3339.0,9408.56558222199,0.0,0,20,3780
3340.0,9408.56558222199,0.0,0,20,3780
3341.0,9408.56558222199,0.0,0,20,3780
3342.0,9408.56558222199,0.0,0,20,3780
3343.0,9408.56558222199,0.0,0,20,3780
3344.0,9408.56558222199,0.0,0,20,3780
3345.0,9408.56558222199,0.0,0,20,3780
3346.0,9408.56558222199,0.0,0,20,3780
3347.0,9408.56558222199,0.0,0,20,3780
3348.0,9408.56558222199,0.0,0,20,3780
3349.0,9408.56558222199,0.0,0,20,3780
3350.0,9408.56558222199,0.0,0,20,3780
3351.0,9408.56558222199,0.0,0,20,3780
3352.0,9408.56558222199,0.0,0,20,3780
3353.0,9408.56558222199,0.0,0,20,3780
3354.0,9408.56558222199,0.0,0,20,3780
3355.0,9408.56558222199,0.0,0,20,3780
3356.0,9408.56558222199,0.0,0,20,3780
3357.0,9408.56558222199,0.0,0,20,3780
3358.0,9408.56558222199,0.0,0,20,3780
3359.0,9408.56558222199,0.0,0,20,3780
3360.0,9408.56558222199,0.0,0,20,3780
3361.0,9408.56558222199,0.0,0,20,3780
3362.0,9408.56558222199,0.0,0,20,3780
3363.0,9408.56558222199,0.0,0,20,3780
3364.0,9408.56558222199,0.0,0,20,3780
3365.0,9408.56558222199,0.0,0,20,3780
3366.0,9408.56558222199,0.0,0,20,3780
3367.0,9408.56558222199,0.0,0,20,3780
3368.0,9408.56558222199,0.0,0,20,3780
3369.0,9408.56558222199,0.0,0,20,3780
3370.0,9408.56558222199,0.0,0,20,3780
3371.0,9408.56558222199,0.0,0,20,3780
3372.0,9408.56558222199,0.0,0,20,3780
3373.0,9408.56558222199,0.0,0,20,3780
3374.0,9408.56558222199,0.0,0,20,3780
3375.0,9408.56558222199,0.0,0,20,3780
3376.0,9408.56558222199,0.0,0,20,3780
3377.0,9408.56558222199,0.0,0,20,3780
3378.0,9408.56558222199,0.0,0,20,3780
3379.0,9408.56558222199,0.0,0,20,3780
3380.0,9408.56558222199,0.0,0,20,3780
3381.0,9408.56558222199,0.0,0,20,3780
3382.0,9408.56558222199,0.0,0,20,3780
3383.0,9408.56558222199,0.0,0,20,3780
3384.0,9408.56558222199,0.0,0,20,3780
3385.0,9408.56558222199,0.0,0,20,3780
3386.0,9408.56558222199,0.0,0,20,3780
3387.0,9408.56558222199,0.0,0,20,3780
3388.0,9408.56558222199,0.0,0,20,3780
3389.0,9408.56558222199,0.0,0,20,3780
3390.0,9408.56558222199,0.0,0,20,3780
3391.0,9408.56558222199,0.0,0,20,3780
3392.0,9408.56558222199,0.0,0,20,3780
3393.0,9408.56558222199,0.0,0,20,3780
3394.0,9408.56558222199,0.0,0,20,3780
3395.0,9408.56558222199,0.0,0,20,3780
3396.0,9408.56558222199,0.0,0,20,3780
3397.0,9408.56558222199,0.0,0,20,3780
3398.0,9408.56558222199,0.0,0,20,3780
3399.0,9408.56558222199,0.0,0,20,3780
3400.0,9408.56558222199,0.0,0,20,3780
3401.0,9408.56558222199,0.0,0,20,3780
3402.0,9408.56558222199,0.0,0,20,3780
3403.0,9408.56558222199,0.0,0,20,3780
3404.0,9408.56558222199,0.0,0,20,3780
3405.0,9408.56558222199,0.0,0,20,3780
3406.0,9408.56558222199,0.0,0,20,3780
3407.0,9408.56558222199,0.0,0,20,3780
3408.0,9408.56558222199,0.0,0,20,3780
3409.0,9408.56558222199,0.0,0,20,3780
3410.0,9408.56558222199,0.0,0,20,3780
3411.0,9408.56558222199,0.0,0,20,3780
3412.0,9408.56558222199,0.0,0,20,3780
3413.0,9408.56558222199,0.0,0,20,3780
3414.0,9408.56558222199,0.0,0,20,3780
3415.0,9408.56558222199,0.0,0,20,3780
3416.0,9408.56558222199,0.0,0,20,3780
3417.0,9408.56558222199,0.0,0,20,3780
3418.0,9408.56558222199,0.0,0,20,3780
3419.0,9408.56558222199,0.0,0,20,3780
3420.0,9408.56558222199,0.0,0,20,3780
3421.0,9408.56558222199,0.0,0,20,3780
3422.0,9408.56558222199,0.0,0,20,3780
3423.0,9408.56558222199,0.0,0,20,3780
3424.0,9408.56558222199,0.0,0,20,3780
3425.0,9408.56558222199,0.0,0,20,3780
3426.0,9408.56558222199,0.0,0,20,3780
3427.0,9408.56558222199,0.0,0,20,3780
3428.0,9408.56558222199,0.0,0,20,3780
3429.0,9408.56558222199,0.0,0,20,3780
3430.0,9408.56558222199,0.0,0,20,3780
3431.0,9408.56558222199,0.0,0,20,3780
3432.0,9408.56558222199,0.0,0,20,3780
3433.0,9408.56558222199,0.0,0,20,3780
3434.0,9408.56558222199,0.0,0,20,3780
3435.0,9408.56558222199,0.0,0,20,3780
3436.0,9408.56558222199,0.0,0,20,3780
3437.0,9408.56558222199,0.0,0,20,3780
3438.0,9408.56558222199,0.0,0,20,3780
3439.0,9408.56558222199,0.0,0,20,3780
3440.0,9408.56558222199,0.0,0,20,3780
3441.0,9408.56558222199,0.0,0,20,3780
3442.0,9408.56558222199,0.0,0,20,3780
3443.0,9408.56558222199,0.0,0,20,3780
3444.0,9408.56558222199,0.0,0,20,3780
3445.0,9408.56558222199,0.0,0,20,3780
3446.0,9408.56558222199,0.0,0,20,3780
3447.0,9408.56558222199,0.0,0,20,3780
3448.0,9408.56558222199,0.0,0,20,3780
3449.0,9408.56558222199,0.0,0,20,3780
3450.0,9408.56558222199,0.0,0,20,3780
3451.0,9408.56558222199,0.0,0,20,3780
3452.0,9408.56558222199,0.0,0,20,3780
3453.0,9408.56558222199,0.0,0,20,3780
3454.0,9408.56558222199,0.0,0,20,3780
3455.0,9408.56558222199,0.0,0,20,3780
3456.0,9408.56558222199,0.0,0,20,3780
3457.0,9408.56558222199,0.0,0,20,3780
3458.0,9408.56558222199,0.0,0,20,3780
3459.0,9408.56558222199,0.0,0,20,3780
3460.0,9408.56558222199,0.0,0,20,3780
3461.0,9408.56558222199,0.0,0,20,3780
3462.0,9408.56558222199,0.0,0,20,3780
3463.0,9408.56558222199,0.0,0,20,3780
3464.0,9408.56558222199,0.0,0,20,3780
3465.0,9408.56558222199,0.0,0,20,3780
3466.0,9408.56558222199,0.0,0,20,3780
3467.0,9408.56558222199,0.0,0,20,3780
3468.0,9408.56558222199,0.0,0,20,3780
3469.0,9408.56558222199,0.0,0,20,3780
3470.0,9408.56558222199,0.0,0,20,3780
3471.0,9408.56558222199,0.0,0,20,3780
3472.0,9408.56558222199,0.0,0,20,3780
3473.0,9408.56558222199,0.0,0,20,3780
3474.0,9408.56558222199,0.0,0,20,3780
3475.0,9408.56558222199,0.0,0,20,3780
3476.0,9408.56558222199,0.0,0,20,3780
3477.0,9408.56558222199,0.0,0,20,3780
3478.0,9408.56558222199,0.0,0,20,3780
3479.0,9408.56558222199,0.0,0,20,3780
3480.0,9408.56558222199,0.0,0,20,3780
3481.0,9408.56558222199,0.0,0,20,3780
3482.0,9408.56558222199,0.0,0,20,3780
3483.0,9408.56558222199,0.0,0,20,3780
3484.0,9408.56558222199,0.0,0,20,3780
3485.0,9408.56558222199,0.0,0,20,3780
3486.0,9408.56558222199,0.0,0,20,3780
3487.0,9408.56558222199,0.0,0,20,3780
3488.0,9408.56558222199,0.0,0,20,3780
3489.0,9408.56558222199,0.0,0,20,3780
3490.0,9408.56558222199,0.0,0,20,3780
3491.0,9408.56558222199,0.0,0,20,3780
3492.0,9408.56558222199,0.0,0,20,3780
3493.0,9408.56558222199,0.0,0,20,3780
3494.0,9408.56558222199,0.0,0,20,3780
3495.0,9408.56558222199,0.0,0,20,3780
3496.0,9408.56558222199,0.0,0,20,3780
3497.0,9408.56558222199,0.0,0,20,3780
3498.0,9408.56558222199,0.0,0,20,3780
3499.0,9408.56558222199,0.0,0,20,3780
3500.0,9408.56558222199,0.0,0,20,3780
3501.0,9408.56558222199,0.0,0,20,3780
3502.0,9408.56558222199,0.0,0,20,3780
3503.0,9408.56558222199,0.0,0,20,3780
3504.0,9408.56558222199,0.0,0,20,3780
3505.0,9408.56558222199,0.0,0,20,3780
3506.0,9408.56558222199,0.0,0,20,3780
3507.0,9408.56558222199,0.0,0,20,3780
3508.0,9408.56558222199,0.0,0,20,3780
3509.0,9408.56558222199,0.0,0,20,3780
3510.0,9408.56558222199,0.0,0,20,3780
3511.0,9408.56558222199,0.0,0,20,3780
3512.0,9408.56558222199,0.0,0,20,3780
3513.0,9408.56558222199,0.0,0,20,3780
3514.0,9408.56558222199,0.0,0,20,3780
3515.0,9408.56558222199,0.0,0,20,3780
3516.0,9408.56558222199,0.0,0,20,3780
3517.0,9408.56558222199,0.0,0,20,3780
3518.0,9408.56558222199,0.0,0,20,3780
3519.0,9408.56558222199,0.0,0,20,3780
3520.0,9408.56558222199,0.0,0,20,3780
3521.0,9408.56558222199,0.0,0,20,3780
3522.0,9408.56558222199,0.0,0,20,3780
3523.0,9408.56558222199,0.0,0,20,3780
3524.0,9408.56558222199,0.0,0,20,3780
3525.0,9408.56558222199,0.0,0,20,3780
3526.0,9408.56558222199,0.0,0,20,3780
3527.0,9408.56558222199,0.0,0,20,3780
3528.0,9408.56558222199,0.0,0,20,3780
3529.0,9408.56558222199,0.0,0,20,3780
3530.0,9408.56558222199,0.0,0,20,3780
3531.0,9408.56558222199,0.0,0,20,3780
3532.0,9408.56558222199,0.0,0,20,3780
3533.0,9408.56558222199,0.0,0,20,3780
3534.0,9408.56558222199,0.0,0,20,3780
3535.0,9408.56558222199,0.0,0,20,3780
3536.0,9408.56558222199,0.0,0,20,3780
3537.0,9408.56558222199,0.0,0,20,3780
3538.0,9408.56558222199,0.0,0,20,3780
3539.0,9408.56558222199,0.0,0,20,3780
3540.0,9408.56558222199,0.0,0,20,3780
3541.0,9408.56558222199,0.0,0,20,3780
3542.0,9408.56558222199,0.0,0,20,3780
3543.0,9408.56558222199,0.0,0,20,3780
3544.0,9408.56558222199,0.0,0,20,3780
3545.0,9408.56558222199,0.0,0,20,3780
3546.0,9408.56558222199,0.0,0,20,3780
3547.0,9408.56558222199,0.0,0,20,3780
3548.0,9408.56558222199,0.0,0,20,3780
3549.0,9408.56558222199,0.0,0,20,3780
3550.0,9408.56558222199,0.0,0,20,3780
3551.0,9408.56558222199,0.0,0,20,3780
3552.0,9408.56558222199,0.0,0,20,3780
3553.0,9408.56558222199,0.0,0,20,3780
3554.0,9408.56558222199,0.0,0,20,3780
3555.0,9408.56558222199,0.0,0,20,3780
3556.0,9408.56558222199,0.0,0,20,3780
3557.0,9408.56558222199,0.0,0,20,3780
3558.0,9408.56558222199,0.0,0,20,3780
3559.0,9408.56558222199,0.0,0,20,3780
3560.0,9408.56558222199,0.0,0,20,3780
3561.0,9408.56558222199,0.0,0,20,3780
3562.0,9408.56558222199,0.0,0,20,3780
3563.0,9408.56558222199,0.0,0,20,3780
3564.0,9408.56558222199,0.0,0,20,3780
3565.0,9408.56558222199,0.0,0,20,3780
3566.0,9408.56558222199,0.0,0,20,3780
3567.0,9408.56558222199,0.0,0,20,3780
3568.0,9408.56558222199,0.0,0,20,3780
3569.0,9408.56558222199,0.0,0,20,3780
3570.0,9408.56558222199,0.0,0,20,3780
3571.0,9408.56558222199,0.0,0,20,3780
3572.0,9408.56558222199,0.0,0,20,3780
3573.0,9408.56558222199,0.0,0,20,3780
3574.0,9408.56558222199,0.0,0,20,3780
3575.0,9408.56558222199,0.0,0,20,3780
3576.0,9408.56558222199,0.0,0,20,3780
3577.0,9408.56558222199,0.0,0,20,3780
3578.0,9408.56558222199,0.0,0,20,3780
3579.0,9408.56558222199,0.0,0,20,3780
3580.0,9408.56558222199,0.0,0,20,3780
3581.0,9408.56558222199,0.0,0,20,3780
3582.0,9408.56558222199,0.0,0,20,3780
3583.0,9408.56558222199,0.0,0,20,3780
3584.0,9408.56558222199,0.0,0,20,3780
3585.0,9408.56558222199,0.0,0,20,3780
3586.0,9408.56558222199,0.0,0,20,3780
3587.0,9408.56558222199,0.0,0,20,3780
3588.0,9408.56558222199,0.0,0,20,3780
3589.0,9408.56558222199,0.0,0,20,3780
3590.0,9408.56558222199,0.0,0,20,3780
3591.0,9408.56558222199,0.0,0,20,3780
3592.0,9408.56558222199,0.0,0,20,3780
3593.0,9408.56558222199,0.0,0,20,3780
3594.0,9408.56558222199,0.0,0,20,3780
3595.0,9408.56558222199,0.0,0,20,3780
3596.0,9408.56558222199,0.0,0,20,3780
3597.0,9408.56558222199,0.0,0,20,3780
3598.0,9408.56558222199,0.0,0,20,3780
3599.0,9408.56558222199,0.0,0,20,3780
3600.0,9408.56558222199,0.0,0,20,3780
3601.0,9408.56558222199,0.0,0,20,3780
3602.0,9408.56558222199,0.0,0,20,3780
3603.0,9408.56558222199,0.0,0,20,3780
3604.0,9408.56558222199,0.0,0,20,3780
3605.0,9408.56558222199,0.0,0,20,3780
3606.0,9408.56558222199,0.0,0,20,3780
3607.0,9408.56558222199,0.0,0,20,3780
3608.0,9408.56558222199,0.0,0,20,3780
3609.0,9408.56558222199,0.0,0,20,3780
3610.0,9408.56558222199,0.0,0,20,3780
3611.0,9408.56558222199,0.0,0,20,3780
3612.0,9408.56558222199,0.0,0,20,3780
3613.0,9408.56558222199,0.0,0,20,3780
3614.0,9408.56558222199,0.0,0,20,3780
3615.0,9408.56558222199,0.0,0,20,3780
3616.0,9408.56558222199,0.0,0,20,3780
3617.0,9408.56558222199,0.0,0,20,3780
3618.0,9408.56558222199,0.0,0,20,3780
3619.0,9408.56558222199,0.0,0,20,3780
3620.0,9408.56558222199,0.0,0,20,3780
3621.0,9408.56558222199,0.0,0,20,3780
3622.0,9408.56558222199,0.0,0,20,3780
3623.0,9408.56558222199,0.0,0,20,3780
3624.0,9408.56558222199,0.0,0,20,3780
3625.0,9408.56558222199,0.0,0,20,3780
3626.0,9408.56558222199,0.0,0,20,3780
3627.0,9408.56558222199,0.0,0,20,3780
3628.0,9408.56558222199,0.0,0,20,3780
3629.0,9408.56558222199,0.0,0,20,3780
3630.0,9408.56558222199,0.0,0,20,3780
3631.0,9408.56558222199,0.0,0,20,3780
3632.0,9408.56558222199,0.0,0,20,3780
3633.0,9408.56558222199,0.0,0,20,3780
3634.0,9408.56558222199,0.0,0,20,3780
3635.0,9408.56558222199,0.0,0,20,3780
3636.0,9408.56558222199,0.0,0,20,3780
3637.0,9408.56558222199,0.0,0,20,3780
3638.0,9408.56558222199,0.0,0,20,3780
3639.0,9408.56558222199,0.0,0,20,3780
3640.0,9408.56558222199,0.0,0,20,3780
3641.0,9408.56558222199,0.0,0,20,3780
3642.0,9408.56558222199,0.0,0,20,3780
3643.0,9408.56558222199,0.0,0,20,3780
3644.0,9408.56558222199,0.0,0,20,3780
3645.0,9408.56558222199,0.0,0,20,3780
3646.0,9408.56558222199,0.0,0,20,3780
3647.0,9408.56558222199,0.0,0,20,3780
3648.0,9408.56558222199,0.0,0,20,3780
3649.0,9408.56558222199,0.0,0,20,3780
3650.0,9408.56558222199,0.0,0,20,3780
3651.0,9408.56558222199,0.0,0,20,3780
3652.0,9408.56558222199,0.0,0,20,3780
3653.0,9408.56558222199,0.0,0,20,3780
3654.0,9408.56558222199,0.0,0,20,3780
3655.0,9408.56558222199,0.0,0,20,3780
3656.0,9408.56558222199,0.0,0,20,3780
3657.0,9408.56558222199,0.0,0,20,3780
3658.0,9408.56558222199,0.0,0,20,3780
3659.0,9408.56558222199,0.0,0,20,3780
3660.0,9408.56558222199,0.0,0,20,3780
3661.0,9408.56558222199,0.0,0,20,3780
3662.0,9408.56558222199,0.0,0,20,3780
3663.0,9408.56558222199,0.0,0,20,3780
3664.0,9408.56558222199,0.0,0,20,3780
3665.0,9408.56558222199,0.0,0,20,3780
3666.0,9408.56558222199,0.0,0,20,3780
3667.0,9408.56558222199,0.0,0,20,3780
3668.0,9408.56558222199,0.0,0,20,3780
3669.0,9408.56558222199,0.0,0,20,3780
3670.0,9408.56558222199,0.0,0,20,3780
3671.0,9408.56558222199,0.0,0,20,3780
3672.0,9408.56558222199,0.0,0,20,3780
3673.0,9408.56558222199,0.0,0,20,3780
3674.0,9408.56558222199,0.0,0,20,3780
3675.0,9408.56558222199,0.0,0,20,3780
3676.0,9408.56558222199,0.0,0,20,3780
3677.0,9408.56558222199,0.0,0,20,3780
3678.0,9408.56558222199,0.0,0,20,3780
3679.0,9408.56558222199,0.0,0,20,3780
3680.0,9408.56558222199,0.0,0,20,3780
3681.0,9408.56558222199,0.0,0,20,3780
3682.0,9408.56558222199,0.0,0,20,3780
3683.0,9408.56558222199,0.0,0,20,3780
3684.0,9408.56558222199,0.0,0,20,3780
3685.0,9408.56558222199,0.0,0,20,3780
3686.0,9408.56558222199,0.0,0,20,3780
3687.0,9408.56558222199,0.0,0,20,3780
3688.0,9408.56558222199,0.0,0,20,3780
3689.0,9408.56558222199,0.0,0,20,3780
3690.0,9408.56558222199,0.0,0,20,3780
3691.0,9408.56558222199,0.0,0,20,3780
3692.0,9408.56558222199,0.0,0,20,3780
3693.0,9408.56558222199,0.0,0,20,3780
3694.0,9408.56558222199,0.0,0,20,3780
3695.0,9408.56558222199,0.0,0,20,3780
3696.0,9408.56558222199,0.0,0,20,3780
3697.0,9408.56558222199,0.0,0,20,3780
3698.0,9408.56558222199,0.0,0,20,3780
3699.0,9408.56558222199,0.0,0,20,3780
3700.0,9408.56558222199,0.0,0,20,3780
3701.0,9408.56558222199,0.0,0,20,3780
3702.0,9408.56558222199,0.0,0,20,3780
3703.0,9408.56558222199,0.0,0,20,3780
3704.0,9408.56558222199,0.0,0,20,3780
3705.0,9408.56558222199,0.0,0,20,3780
3706.0,9408.56558222199,0.0,0,20,3780
3707.0,9408.56558222199,0.0,0,20,3780
3708.0,9408.56558222199,0.0,0,20,3780
3709.0,9408.56558222199,0.0,0,20,3780
3710.0,9408.56558222199,0.0,0,20,3780
3711.0,9408.56558222199,0.0,0,20,3780
3712.0,9408.56558222199,0.0,0,20,3780
3713.0,9408.56558222199,0.0,0,20,3780
3714.0,9408.56558222199,0.0,0,20,3780
3715.0,9408.56558222199,0.0,0,20,3780
3716.0,9408.56558222199,0.0,0,20,3780
3717.0,9408.56558222199,0.0,0,20,3780
3718.0,9408.56558222199,0.0,0,20,3780
3719.0,9408.56558222199,0.0,0,20,3780
3720.0,9408.56558222199,0.0,0,20,3780
3721.0,9408.56558222199,0.0,0,20,3780
3722.0,9408.56558222199,0.0,0,20,3780
3723.0,9408.56558222199,0.0,0,20,3780
3724.0,9408.56558222199,0.0,0,20,3780
3725.0,9408.56558222199,0.0,0,20,3780
3726.0,9408.56558222199,0.0,0,20,3780
3727.0,9408.56558222199,0.0,0,20,3780
3728.0,9408.56558222199,0.0,0,20,3780
3729.0,9408.56558222199,0.0,0,20,3780
3730.0,9408.56558222199,0.0,0,20,3780
3731.0,9408.56558222199,0.0,0,20,3780
3732.0,9408.56558222199,0.0,0,20,3780
3733.0,9408.56558222199,0.0,0,20,3780
3734.0,9408.56558222199,0.0,0,20,3780
3735.0,9408.56558222199,0.0,0,20,3780
3736.0,9408.56558222199,0.0,0,20,3780
3737.0,9408.56558222199,0.0,0,20,3780
3738.0,9408.56558222199,0.0,0,20,3780
3739.0,9408.56558222199,0.0,0,20,3780
3740.0,9408.56558222199,0.0,0,20,3780
3741.0,9408.56558222199,0.0,0,20,3780
3742.0,9408.56558222199,0.0,0,20,3780
3743.0,9408.56558222199,0.0,0,20,3780
3744.0,9408.56558222199,0.0,0,20,3780
3745.0,9408.56558222199,0.0,0,20,3780
3746.0,9408.56558222199,0.0,0,20,3780
3747.0,9408.56558222199,0.0,0,20,3780
3748.0,9408.56558222199,0.0,0,20,3780
3749.0,9408.56558222199,0.0,0,20,3780
3750.0,9408.56558222199,0.0,0,20,3780
3751.0,9408.56558222199,0.0,0,20,3780
3752.0,9408.56558222199,0.0,0,20,3780
3753.0,9408.56558222199,0.0,0,20,3780
3754.0,9408.56558222199,0.0,0,20,3780
3755.0,9408.56558222199,0.0,0,20,3780
3756.0,9408.56558222199,0.0,0,20,3780
3757.0,9408.56558222199,0.0,0,20,3780
3758.0,9408.56558222199,0.0,0,20,3780
3759.0,9408.56558222199,0.0,0,20,3780
3760.0,9408.56558222199,0.0,0,20,3780
3761.0,9408.56558222199,0.0,0,20,3780
3762.0,9408.56558222199,0.0,0,20,3780
3763.0,9408.56558222199,0.0,0,20,3780
3764.0,9408.56558222199,0.0,0,20,3780
3765.0,9408.56558222199,0.0,0,20,3780
3766.0,9408.56558222199,0.0,0,20,3780
3767.0,9408.56558222199,0.0,0,20,3780
3768.0,9408.56558222199,0.0,0,20,3780
3769.0,9408.56558222199,0.0,0,20,3780
3770.0,9408.56558222199,0.0,0,20,3780
3771.0,9408.56558222199,0.0,0,20,3780
3772.0,9408.56558222199,0.0,0,20,3780
3773.0,9408.56558222199,0.0,0,20,3780
3774.0,9408.56558222199,0.0,0,20,3780
3775.0,9408.56558222199,0.0,0,20,3780
3776.0,9408.56558222199,0.0,0,20,3780
3777.0,9408.56558222199,0.0,0,20,3780
3778.0,9408.56558222199,0.0,0,20,3780
3779.0,9408.56558222199,0.0,0,20,3780
3780.0,9408.56558222199,0.0,0,20,3780
3781.0,9408.56558222199,0.0,0,20,3780
3782.0,9408.56558222199,0.0,0,20,3780
3783.0,9408.56558222199,0.0,0,20,3780
3784.0,9408.56558222199,0.0,0,20,3780
3785.0,9408.56558222199,0.0,0,20,3780
3786.0,9408.56558222199,0.0,0,20,3780
3787.0,9408.56558222199,0.0,0,20,3780
3788.0,9408.56558222199,0.0,0,20,3780
3789.0,9408.56558222199,0.0,0,20,3780
3790.0,9408.56558222199,0.0,0,20,3780
3791.0,9408.56558222199,0.0,0,20,3780
3792.0,9408.56558222199,0.0,0,20,3780
3793.0,9408.56558222199,0.0,0,20,3780
3794.0,9408.56558222199,0.0,0,20,3780
3795.0,9408.56558222199,0.0,0,20,3780
3796.0,9408.56558222199,0.0,0,20,3780
3797.0,9408.56558222199,0.0,0,20,3780
3798.0,9408.56558222199,0.0,0,20,3780
3799.0,9408.56558222199,0.0,0,20,3780
3800.0,9408.56558222199,0.0,0,20,3780
3801.0,9408.56558222199,0.0,0,20,3780
3802.0,9408.56558222199,0.0,0,20,3780
3803.0,9408.56558222199,0.0,0,20,3780
3804.0,9408.56558222199,0.0,0,20,3780
3805.0,9408.56558222199,0.0,0,20,3780
3806.0,9408.56558222199,0.0,0,20,3780
3807.0,9408.56558222199,0.0,0,20,3780
3808.0,9408.56558222199,0.0,0,20,3780
3809.0,9408.56558222199,0.0,0,20,3780
3810.0,9408.56558222199,0.0,0,20,3780
3811.0,9408.56558222199,0.0,0,20,3780
3812.0,9408.56558222199,0.0,0,20,3780
3813.0,9408.56558222199,0.0,0,20,3780
3814.0,9408.56558222199,0.0,0,20,3780
3815.0,9408.56558222199,0.0,0,20,3780
3816.0,9408.56558222199,0.0,0,20,3780
3817.0,9408.56558222199,0.0,0,20,3780
3818.0,9408.56558222199,0.0,0,20,3780
3819.0,9408.56558222199,0.0,0,20,3780
3820.0,9408.56558222199,0.0,0,20,3780
3821.0,9408.56558222199,0.0,0,20,3780
3822.0,9408.56558222199,0.0,0,20,3780
3823.0,9408.56558222199,0.0,0,20,3780
3824.0,9408.56558222199,0.0,0,20,3780
3825.0,9408.56558222199,0.0,0,20,3780
3826.0,9408.56558222199,0.0,0,20,3780
3827.0,9408.56558222199,0.0,0,20,3780
3828.0,9408.56558222199,0.0,0,20,3780
3829.0,9408.56558222199,0.0,0,20,3780
3830.0,9408.56558222199,0.0,0,20,3780
3831.0,9408.56558222199,0.0,0,20,3780
3832.0,9408.56558222199,0.0,0,20,3780
3833.0,9408.56558222199,0.0,0,20,3780
3834.0,9408.56558222199,0.0,0,20,3780
3835.0,9408.56558222199,0.0,0,20,3780
3836.0,9408.56558222199,0.0,0,20,3780
3837.0,9408.56558222199,0.0,0,20,3780
3838.0,9408.56558222199,0.0,0,20,3780
3839.0,9408.56558222199,0.0,0,20,3780
3840.0,9408.56558222199,0.0,0,20,3780
3841.0,9408.56558222199,0.0,0,20,3780
3842.0,9408.56558222199,0.0,0,20,3780
3843.0,9408.56558222199,0.0,0,20,3780
3844.0,9408.56558222199,0.0,0,20,3780
3845.0,9408.56558222199,0.0,0,20,3780
3846.0,9408.56558222199,0.0,0,20,3780
3847.0,9408.56558222199,0.0,0,20,3780
3848.0,9408.56558222199,0.0,0,20,3780
3849.0,9408.56558222199,0.0,0,20,3780
3850.0,9408.56558222199,0.0,0,20,3780
3851.0,9408.56558222199,0.0,0,20,3780
3852.0,9408.56558222199,0.0,0,20,3780
3853.0,9408.56558222199,0.0,0,20,3780
3854.0,9408.56558222199,0.0,0,20,3780
3855.0,9408.56558222199,0.0,0,20,3780
3856.0,9408.56558222199,0.0,0,20,3780
3857.0,9408.56558222199,0.0,0,20,3780
3858.0,9408.56558222199,0.0,0,20,3780
3859.0,9408.56558222199,0.0,0,20,3780
3860.0,9408.56558222199,0.0,0,20,3780
3861.0,9408.56558222199,0.0,0,20,3780
3862.0,9408.56558222199,0.0,0,20,3780
3863.0,9408.56558222199,0.0,0,20,3780
3864.0,9408.56558222199,0.0,0,20,3780
3865.0,9408.56558222199,0.0,0,20,3780
3866.0,9408.56558222199,0.0,0,20,3780
3867.0,9408.56558222199,0.0,0,20,3780
3868.0,9408.56558222199,0.0,0,20,3780
3869.0,9408.56558222199,0.0,0,20,3780
3870.0,9408.56558222199,0.0,0,20,3780
3871.0,9408.56558222199,0.0,0,20,3780
3872.0,9408.56558222199,0.0,0,20,3780
3873.0,9408.56558222199,0.0,0,20,3780
3874.0,9408.56558222199,0.0,0,20,3780
3875.0,9408.56558222199,0.0,0,20,3780
3876.0,9408.56558222199,0.0,0,20,3780
3877.0,9408.56558222199,0.0,0,20,3780
3878.0,9408.56558222199,0.0,0,20,3780
3879.0,9408.56558222199,0.0,0,20,3780
3880.0,9408.56558222199,0.0,0,20,3780
3881.0,9408.56558222199,0.0,0,20,3780
3882.0,9408.56558222199,0.0,0,20,3780
3883.0,9408.56558222199,0.0,0,20,3780
3884.0,9408.56558222199,0.0,0,20,3780
3885.0,9408.56558222199,0.0,0,20,3780
3886.0,9408.56558222199,0.0,0,20,3780
3887.0,9408.56558222199,0.0,0,20,3780
3888.0,9408.56558222199,0.0,0,20,3780
3889.0,9408.56558222199,0.0,0,20,3780
3890.0,9408.56558222199,0.0,0,20,3780
3891.0,9408.56558222199,0.0,0,20,3780
3892.0,9408.56558222199,0.0,0,20,3780
3893.0,9408.56558222199,0.0,0,20,3780
3894.0,9408.56558222199,0.0,0,20,3780
3895.0,9408.56558222199,0.0,0,20,3780
3896.0,9408.56558222199,0.0,0,20,3780
3897.0,9408.56558222199,0.0,0,20,3780
3898.0,9408.56558222199,0.0,0,20,3780
3899.0,9408.56558222199,0.0,0,20,3780
3900.0,9408.56558222199,0.0,0,20,3780
3901.0,9408.56558222199,0.0,0,20,3780
3902.0,9408.56558222199,0.0,0,20,3780
3903.0,9408.56558222199,0.0,0,20,3780
3904.0,9408.56558222199,0.0,0,20,3780
3905.0,9408.56558222199,0.0,0,20,3780
3906.0,9408.56558222199,0.0,0,20,3780
3907.0,9408.56558222199,0.0,0,20,3780
3908.0,9408.56558222199,0.0,0,20,3780
3909.0,9408.56558222199,0.0,0,20,3780
3910.0,9408.56558222199,0.0,0,20,3780
3911.0,9408.56558222199,0.0,0,20,3780
3912.0,9408.56558222199,0.0,0,20,3780
3913.0,9408.56558222199,0.0,0,20,3780
3914.0,9408.56558222199,0.0,0,20,3780
3915.0,9408.56558222199,0.0,0,20,3780
3916.0,9408.56558222199,0.0,0,20,3780
3917.0,9408.56558222199,0.0,0,20,3780
3918.0,9408.56558222199,0.0,0,20,3780
3919.0,9408.56558222199,0.0,0,20,3780
3920.0,9408.56558222199,0.0,0,20,3780
3921.0,9408.56558222199,0.0,0,20,3780
3922.0,9408.56558222199,0.0,0,20,3780
3923.0,9408.56558222199,0.0,0,20,3780
3924.0,9408.56558222199,0.0,0,20,3780
3925.0,9408.56558222199,0.0,0,20,3780
3926.0,9408.56558222199,0.0,0,20,3780
3927.0,9408.56558222199,0.0,0,20,3780
3928.0,9408.56558222199,0.0,0,20,3780
3929.0,9408.56558222199,0.0,0,20,3780
3930.0,9408.56558222199,0.0,0,20,3780
3931.0,9408.56558222199,0.0,0,20,3780
3932.0,9408.56558222199,0.0,0,20,3780
3933.0,9408.56558222199,0.0,0,20,3780
3934.0,9408.56558222199,0.0,0,20,3780
3935.0,9408.56558222199,0.0,0,20,3780
3936.0,9408.56558222199,0.0,0,20,3780
3937.0,9408.56558222199,0.0,0,20,3780
3938.0,9408.56558222199,0.0,0,20,3780
3939.0,9408.56558222199,0.0,0,20,3780
3940.0,9408.56558222199,0.0,0,20,3780
3941.0,9408.56558222199,0.0,0,20,3780
3942.0,9408.56558222199,0.0,0,20,3780
3943.0,9408.56558222199,0.0,0,20,3780
3944.0,9408.56558222199,0.0,0,20,3780
3945.0,9408.56558222199,0.0,0,20,3780
3946.0,9408.56558222199,0.0,0,20,3780
3947.0,9408.56558222199,0.0,0,20,3780
3948.0,9408.56558222199,0.0,0,20,3780
3949.0,9408.56558222199,0.0,0,20,3780
3950.0,9408.56558222199,0.0,0,20,3780
3951.0,9408.56558222199,0.0,0,20,3780
3952.0,9408.56558222199,0.0,0,20,3780
3953.0,9408.56558222199,0.0,0,20,3780
3954.0,9408.56558222199,0.0,0,20,3780
3955.0,9408.56558222199,0.0,0,20,3780
3956.0,9408.56558222199,0.0,0,20,3780
3957.0,9408.56558222199,0.0,0,20,3780
3958.0,9408.56558222199,0.0,0,20,3780
3959.0,9408.56558222199,0.0,0,20,3780
3960.0,9408.56558222199,0.0,0,20,3780
3961.0,9408.56558222199,0.0,0,20,3780
3962.0,9408.56558222199,0.0,0,20,3780
3963.0,9408.56558222199,0.0,0,20,3780
3964.0,9408.56558222199,0.0,0,20,3780
3965.0,9408.56558222199,0.0,0,20,3780
3966.0,9408.56558222199,0.0,0,20,3780
3967.0,9408.56558222199,0.0,0,20,3780
3968.0,9408.56558222199,0.0,0,20,3780
3969.0,9408.56558222199,0.0,0,20,3780
3970.0,9408.56558222199,0.0,0,20,3780
3971.0,9408.56558222199,0.0,0,20,3780
3972.0,9408.56558222199,0.0,0,20,3780
3973.0,9408.56558222199,0.0,0,20,3780
3974.0,9408.56558222199,0.0,0,20,3780
3975.0,9408.56558222199,0.0,0,20,3780
3976.0,9408.56558222199,0.0,0,20,3780
3977.0,9408.56558222199,0.0,0,20,3780
3978.0,9408.56558222199,0.0,0,20,3780
3979.0,9408.56558222199,0.0,0,20,3780
3980.0,9408.56558222199,0.0,0,20,3780
3981.0,9408.56558222199,0.0,0,20,3780
3982.0,9408.56558222199,0.0,0,20,3780
3983.0,9408.56558222199,0.0,0,20,3780
3984.0,9408.56558222199,0.0,0,20,3780
3985.0,9408.56558222199,0.0,0,20,3780
3986.0,9408.56558222199,0.0,0,20,3780
3987.0,9408.56558222199,0.0,0,20,3780
3988.0,9408.56558222199,0.0,0,20,3780
3989.0,9408.56558222199,0.0,0,20,3780
3990.0,9408.56558222199,0.0,0,20,3780
3991.0,9408.56558222199,0.0,0,20,3780
3992.0,9408.56558222199,0.0,0,20,3780
3993.0,9408.56558222199,0.0,0,20,3780
3994.0,9408.56558222199,0.0,0,20,3780
3995.0,9408.56558222199,0.0,0,20,3780
3996.0,9408.56558222199,0.0,0,20,3780
3997.0,9408.56558222199,0.0,0,20,3780
3998.0,9408.56558222199,0.0,0,20,3780
3999.0,9408.56558222199,0.0,0,20,3780
4000.0,9408.56558222199,0.0,0,20,3780
4001.0,9408.56558222199,0.0,0,20,3780
4002.0,9408.56558222199,0.0,0,20,3780
4003.0,9408.56558222199,0.0,0,20,3780
4004.0,9408.56558222199,0.0,0,20,3780
4005.0,9408.56558222199,0.0,0,20,3780
4006.0,9408.56558222199,0.0,0,20,3780
4007.0,9408.56558222199,0.0,0,20,3780
4008.0,9408.56558222199,0.0,0,20,3780
4009.0,9408.56558222199,0.0,0,20,3780
4010.0,9408.56558222199,0.0,0,20,3780
4011.0,9408.56558222199,0.0,0,20,3780
4012.0,9408.56558222199,0.0,0,20,3780
4013.0,9408.56558222199,0.0,0,20,3780
4014.0,9408.56558222199,0.0,0,20,3780
4015.0,9408.56558222199,0.0,0,20,3780
4016.0,9408.56558222199,0.0,0,20,3780
4017.0,9408.56558222199,0.0,0,20,3780
4018.0,9408.56558222199,0.0,0,20,3780
4019.0,9408.56558222199,0.0,0,20,3780
4020.0,9408.56558222199,0.0,0,20,3780
4021.0,9408.56558222199,0.0,0,20,3780
4022.0,9408.56558222199,0.0,0,20,3780
4023.0,9408.56558222199,0.0,0,20,3780
4024.0,9408.56558222199,0.0,0,20,3780
4025.0,9408.56558222199,0.0,0,20,3780
4026.0,9408.56558222199,0.0,0,20,3780
4027.0,9408.56558222199,0.0,0,20,3780
4028.0,9408.56558222199,0.0,0,20,3780
4029.0,9408.56558222199,0.0,0,20,3780
4030.0,9408.56558222199,0.0,0,20,3780
4031.0,9408.56558222199,0.0,0,20,3780
4032.0,9408.56558222199,0.0,0,20,3780
4033.0,9408.56558222199,0.0,0,20,3780
4034.0,9408.56558222199,0.0,0,20,3780
4035.0,9408.56558222199,0.0,0,20,3780
4036.0,9408.56558222199,0.0,0,20,3780
4037.0,9408.56558222199,0.0,0,20,3780
4038.0,9408.56558222199,0.0,0,20,3780
4039.0,9408.56558222199,0.0,0,20,3780
4040.0,9408.56558222199,0.0,0,20,3780
4041.0,9408.56558222199,0.0,0,20,3780
4042.0,9408.56558222199,0.0,0,20,3780
4043.0,9408.56558222199,0.0,0,20,3780
4044.0,9408.56558222199,0.0,0,20,3780
4045.0,9408.56558222199,0.0,0,20,3780
4046.0,9408.56558222199,0.0,0,20,3780
4047.0,9408.56558222199,0.0,0,20,3780
4048.0,9408.56558222199,0.0,0,20,3780
4049.0,9408.56558222199,0.0,0,20,3780
4050.0,9408.56558222199,0.0,0,20,3780
4051.0,9408.56558222199,0.0,0,20,3780
4052.0,9408.56558222199,0.0,0,20,3780
4053.0,9408.56558222199,0.0,0,20,3780
4054.0,9408.56558222199,0.0,0,20,3780
4055.0,9408.56558222199,0.0,0,20,3780
4056.0,9408.56558222199,0.0,0,20,3780
4057.0,9408.56558222199,0.0,0,20,3780
4058.0,9408.56558222199,0.0,0,20,3780
4059.0,9408.56558222199,0.0,0,20,3780
4060.0,9408.56558222199,0.0,0,20,3780
4061.0,9408.56558222199,0.0,0,20,3780
4062.0,9408.56558222199,0.0,0,20,3780
4063.0,9408.56558222199,0.0,0,20,3780
4064.0,9408.56558222199,0.0,0,20,3780
4065.0,9408.56558222199,0.0,0,20,3780
4066.0,9408.56558222199,0.0,0,20,3780
4067.0,9408.56558222199,0.0,0,20,3780
4068.0,9408.56558222199,0.0,0,20,3780
4069.0,9408.56558222199,0.0,0,20,3780
4070.0,9408.56558222199,0.0,0,20,3780
4071.0,9408.56558222199,0.0,0,20,3780
4072.0,9408.56558222199,0.0,0,20,3780
4073.0,9408.56558222199,0.0,0,20,3780
4074.0,9408.56558222199,0.0,0,20,3780
4075.0,9408.56558222199,0.0,0,20,3780
4076.0,9408.56558222199,0.0,0,20,3780
4077.0,9408.56558222199,0.0,0,20,3780
4078.0,9408.56558222199,0.0,0,20,3780
4079.0,9408.56558222199,0.0,0,20,3780
4080.0,9408.56558222199,0.0,0,20,3780
4081.0,9408.56558222199,0.0,0,20,3780
4082.0,9408.56558222199,0.0,0,20,3780
4083.0,9408.56558222199,0.0,0,20,3780
4084.0,9408.56558222199,0.0,0,20,3780
4085.0,9408.56558222199,0.0,0,20,3780
4086.0,9408.56558222199,0.0,0,20,3780
4087.0,9408.56558222199,0.0,0,20,3780
4088.0,9408.56558222199,0.0,0,20,3780
4089.0,9408.56558222199,0.0,0,20,3780
4090.0,9408.56558222199,0.0,0,20,3780
4091.0,9408.56558222199,0.0,0,20,3780
4092.0,9408.56558222199,0.0,0,20,3780
4093.0,9408.56558222199,0.0,0,20,3780
4094.0,9408.56558222199,0.0,0,20,3780
4095.0,9408.56558222199,0.0,0,20,3780
4096.0,9408.56558222199,0.0,0,20,3780
4097.0,9408.56558222199,0.0,0,20,3780
4098.0,9408.56558222199,0.0,0,20,3780
4099.0,9408.56558222199,0.0,0,20,3780
4100.0,9408.56558222199,0.0,0,20,3780
4101.0,9408.56558222199,0.0,0,20,3780
4102.0,9408.56558222199,0.0,0,20,3780
4103.0,9408.56558222199,0.0,0,20,3780
4104.0,9408.56558222199,0.0,0,20,3780
4105.0,9408.56558222199,0.0,0,20,3780
4106.0,9408.56558222199,0.0,0,20,3780
4107.0,9408.56558222199,0.0,0,20,3780
4108.0,9408.56558222199,0.0,0,20,3780
4109.0,9408.56558222199,0.0,0,20,3780
4110.0,9408.56558222199,0.0,0,20,3780
4111.0,9408.56558222199,0.0,0,20,3780
4112.0,9408.56558222199,0.0,0,20,3780
4113.0,9408.56558222199,0.0,0,20,3780
4114.0,9408.56558222199,0.0,0,20,3780
4115.0,9408.56558222199,0.0,0,20,3780
4116.0,9408.56558222199,0.0,0,20,3780
4117.0,9408.56558222199,0.0,0,20,3780
4118.0,9408.56558222199,0.0,0,20,3780
4119.0,9408.56558222199,0.0,0,20,3780
4120.0,9408.56558222199,0.0,0,20,3780
4121.0,9408.56558222199,0.0,0,20,3780
4122.0,9408.56558222199,0.0,0,20,3780
4123.0,9408.56558222199,0.0,0,20,3780
4124.0,9408.56558222199,0.0,0,20,3780
4125.0,9408.56558222199,0.0,0,20,3780
4126.0,9408.56558222199,0.0,0,20,3780
4127.0,9408.56558222199,0.0,0,20,3780
4128.0,9408.56558222199,0.0,0,20,3780
4129.0,9408.56558222199,0.0,0,20,3780
4130.0,9408.56558222199,0.0,0,20,3780
4131.0,9408.56558222199,0.0,0,20,3780
4132.0,9408.56558222199,0.0,0,20,3780
4133.0,9408.56558222199,0.0,0,20,3780
4134.0,9408.56558222199,0.0,0,20,3780
4135.0,9408.56558222199,0.0,0,20,3780
4136.0,9408.56558222199,0.0,0,20,3780
4137.0,9408.56558222199,0.0,0,20,3780
4138.0,9408.56558222199,0.0,0,20,3780
4139.0,9408.56558222199,0.0,0,20,3780
4140.0,9408.56558222199,0.0,0,20,3780
4141.0,9408.56558222199,0.0,0,20,3780
4142.0,9408.56558222199,0.0,0,20,3780
4143.0,9408.56558222199,0.0,0,20,3780
4144.0,9408.56558222199,0.0,0,20,3780
4145.0,9408.56558222199,0.0,0,20,3780
4146.0,9408.56558222199,0.0,0,20,3780
4147.0,9408.56558222199,0.0,0,20,3780
4148.0,9408.56558222199,0.0,0,20,3780
4149.0,9408.56558222199,0.0,0,20,3780
4150.0,9408.56558222199,0.0,0,20,3780
4151.0,9408.56558222199,0.0,0,20,3780
4152.0,9408.56558222199,0.0,0,20,3780
4153.0,9408.56558222199,0.0,0,20,3780
4154.0,9408.56558222199,0.0,0,20,3780
4155.0,9408.56558222199,0.0,0,20,3780
4156.0,9408.56558222199,0.0,0,20,3780
4157.0,9408.56558222199,0.0,0,20,3780
4158.0,9408.56558222199,0.0,0,20,3780
4159.0,9408.56558222199,0.0,0,20,3780
4160.0,9408.56558222199,0.0,0,20,3780
4161.0,9408.56558222199,0.0,0,20,3780
4162.0,9408.56558222199,0.0,0,20,3780
4163.0,9408.56558222199,0.0,0,20,3780
4164.0,9408.56558222199,0.0,0,20,3780
4165.0,9408.56558222199,0.0,0,20,3780
4166.0,9408.56558222199,0.0,0,20,3780
4167.0,9408.56558222199,0.0,0,20,3780
4168.0,9408.56558222199,0.0,0,20,3780
4169.0,9408.56558222199,0.0,0,20,3780
4170.0,9408.56558222199,0.0,0,20,3780
4171.0,9408.56558222199,0.0,0,20,3780
4172.0,9408.56558222199,0.0,0,20,3780
4173.0,9408.56558222199,0.0,0,20,3780
4174.0,9408.56558222199,0.0,0,20,3780
4175.0,9408.56558222199,0.0,0,20,3780
4176.0,9408.56558222199,0.0,0,20,3780
4177.0,9408.56558222199,0.0,0,20,3780
4178.0,9408.56558222199,0.0,0,20,3780
4179.0,9408.56558222199,0.0,0,20,3780
4180.0,9408.56558222199,0.0,0,20,3780
4181.0,9408.56558222199,0.0,0,20,3780
4182.0,9408.56558222199,0.0,0,20,3780
4183.0,9408.56558222199,0.0,0,20,3780
4184.0,9408.56558222199,0.0,0,20,3780
4185.0,9408.56558222199,0.0,0,20,3780
4186.0,9408.56558222199,0.0,0,20,3780
4187.0,9408.56558222199,0.0,0,20,3780
4188.0,9408.56558222199,0.0,0,20,3780
4189.0,9408.56558222199,0.0,0,20,3780
4190.0,9408.56558222199,0.0,0,20,3780
4191.0,9408.56558222199,0.0,0,20,3780
4192.0,9408.56558222199,0.0,0,20,3780
4193.0,9408.56558222199,0.0,0,20,3780
4194.0,9408.56558222199,0.0,0,20,3780
4195.0,9408.56558222199,0.0,0,20,3780
4196.0,9408.56558222199,0.0,0,20,3780
4197.0,9408.56558222199,0.0,0,20,3780
4198.0,9408.56558222199,0.0,0,20,3780
4199.0,9408.56558222199,0.0,0,20,3780
4200.0,9408.56558222199,0.0,0,20,3780
4201.0,9408.56558222199,0.0,0,20,3780
4202.0,9408.56558222199,0.0,0,20,3780
4203.0,9408.56558222199,0.0,0,20,3780
4204.0,9408.56558222199,0.0,0,20,3780
4205.0,9408.56558222199,0.0,0,20,3780
4206.0,9408.56558222199,0.0,0,20,3780
4207.0,9408.56558222199,0.0,0,20,3780
4208.0,9408.56558222199,0.0,0,20,3780
4209.0,9408.56558222199,0.0,0,20,3780
4210.0,9408.56558222199,0.0,0,20,3780
4211.0,9408.56558222199,0.0,0,20,3780
4212.0,9408.56558222199,0.0,0,20,3780
4213.0,9408.56558222199,0.0,0,20,3780
4214.0,9408.56558222199,0.0,0,20,3780
4215.0,9408.56558222199,0.0,0,20,3780
4216.0,9408.56558222199,0.0,0,20,3780
4217.0,9408.56558222199,0.0,0,20,3780
4218.0,9408.56558222199,0.0,0,20,3780
4219.0,9408.56558222199,0.0,0,20,3780
4220.0,9408.56558222199,0.0,0,20,3780
4221.0,9408.56558222199,0.0,0,20,3780
4222.0,9408.56558222199,0.0,0,20,3780
4223.0,9408.56558222199,0.0,0,20,3780
4224.0,9408.56558222199,0.0,0,20,3780
4225.0,9408.56558222199,0.0,0,20,3780
4226.0,9408.56558222199,0.0,0,20,3780
4227.0,9408.56558222199,0.0,0,20,3780
4228.0,9408.56558222199,0.0,0,20,3780
4229.0,9408.56558222199,0.0,0,20,3780
4230.0,9408.56558222199,0.0,0,20,3780
4231.0,9408.56558222199,0.0,0,20,3780
4232.0,9408.56558222199,0.0,0,20,3780
4233.0,9408.56558222199,0.0,0,20,3780
4234.0,9408.56558222199,0.0,0,20,3780
4235.0,9408.56558222199,0.0,0,20,3780
4236.0,9408.56558222199,0.0,0,20,3780
4237.0,9408.56558222199,0.0,0,20,3780
4238.0,9408.56558222199,0.0,0,20,3780
4239.0,9408.56558222199,0.0,0,20,3780
4240.0,9408.56558222199,0.0,0,20,3780
4241.0,9408.56558222199,0.0,0,20,3780
4242.0,9408.56558222199,0.0,0,20,3780
4243.0,9408.56558222199,0.0,0,20,3780
4244.0,9408.56558222199,0.0,0,20,3780
4245.0,9408.56558222199,0.0,0,20,3780
4246.0,9408.56558222199,0.0,0,20,3780
4247.0,9408.56558222199,0.0,0,20,3780
4248.0,9408.56558222199,0.0,0,20,3780
4249.0,9408.56558222199,0.0,0,20,3780
4250.0,9408.56558222199,0.0,0,20,3780
4251.0,9408.56558222199,0.0,0,20,3780
4252.0,9408.56558222199,0.0,0,20,3780
4253.0,9408.56558222199,0.0,0,20,3780
4254.0,9408.56558222199,0.0,0,20,3780
4255.0,9408.56558222199,0.0,0,20,3780
4256.0,9408.56558222199,0.0,0,20,3780
4257.0,9408.56558222199,0.0,0,20,3780
4258.0,9408.56558222199,0.0,0,20,3780
4259.0,9408.56558222199,0.0,0,20,3780
4260.0,9408.56558222199,0.0,0,20,3780
4261.0,9408.56558222199,0.0,0,20,3780
4262.0,9408.56558222199,0.0,0,20,3780
4263.0,9408.56558222199,0.0,0,20,3780
4264.0,9408.56558222199,0.0,0,20,3780
4265.0,9408.56558222199,0.0,0,20,3780
4266.0,9408.56558222199,0.0,0,20,3780
4267.0,9408.56558222199,0.0,0,20,3780
4268.0,9408.56558222199,0.0,0,20,3780
4269.0,9408.56558222199,0.0,0,20,3780
4270.0,9408.56558222199,0.0,0,20,3780
4271.0,9408.56558222199,0.0,0,20,3780
4272.0,9408.56558222199,0.0,0,20,3780
4273.0,9408.56558222199,0.0,0,20,3780
4274.0,9408.56558222199,0.0,0,20,3780
4275.0,9408.56558222199,0.0,0,20,3780
4276.0,9408.56558222199,0.0,0,20,3780
4277.0,9408.56558222199,0.0,0,20,3780
4278.0,9408.56558222199,0.0,0,20,3780
4279.0,9408.56558222199,0.0,0,20,3780
4280.0,9408.56558222199,0.0,0,20,3780
4281.0,9408.56558222199,0.0,0,20,3780
4282.0,9408.56558222199,0.0,0,20,3780
4283.0,9408.56558222199,0.0,0,20,3780
4284.0,9408.56558222199,0.0,0,20,3780
4285.0,9408.56558222199,0.0,0,20,3780
4286.0,9408.56558222199,0.0,0,20,3780
4287.0,9408.56558222199,0.0,0,20,3780
4288.0,9408.56558222199,0.0,0,20,3780
4289.0,9408.56558222199,0.0,0,20,3780
4290.0,9408.56558222199,0.0,0,20,3780
4291.0,9408.56558222199,0.0,0,20,3780
4292.0,9408.56558222199,0.0,0,20,3780
4293.0,9408.56558222199,0.0,0,20,3780
4294.0,9408.56558222199,0.0,0,20,3780
4295.0,9408.56558222199,0.0,0,20,3780
4296.0,9408.56558222199,0.0,0,20,3780
4297.0,9408.56558222199,0.0,0,20,3780
4298.0,9408.56558222199,0.0,0,20,3780
4299.0,9408.56558222199,0.0,0,20,3780
4300.0,9408.56558222199,0.0,0,20,3780
4301.0,9408.56558222199,0.0,0,20,3780
4302.0,9408.56558222199,0.0,0,20,3780
4303.0,9408.56558222199,0.0,0,20,3780
4304.0,9408.56558222199,0.0,0,20,3780
4305.0,9408.56558222199,0.0,0,20,3780
4306.0,9408.56558222199,0.0,0,20,3780
4307.0,9408.56558222199,0.0,0,20,3780
4308.0,9408.56558222199,0.0,0,20,3780
4309.0,9408.56558222199,0.0,0,20,3780
4310.0,9408.56558222199,0.0,0,20,3780
4311.0,9408.56558222199,0.0,0,20,3780
4312.0,9408.56558222199,0.0,0,20,3780
4313.0,9408.56558222199,0.0,0,20,3780
4314.0,9408.56558222199,0.0,0,20,3780
4315.0,9408.56558222199,0.0,0,20,3780
4316.0,9408.56558222199,0.0,0,20,3780
4317.0,9408.56558222199,0.0,0,20,3780
4318.0,9408.56558222199,0.0,0,20,3780
4319.0,9408.56558222199,0.0,0,20,3780
4320.0,9408.56558222199,0.0,0,20,3780
4321.0,9408.56558222199,0.0,0,20,3780
4322.0,9408.56558222199,0.0,0,20,3780
4323.0,9408.56558222199,0.0,0,20,3780
4324.0,9408.56558222199,0.0,0,20,3780
4325.0,9408.56558222199,0.0,0,20,3780
4326.0,9408.56558222199,0.0,0,20,3780
4327.0,9408.56558222199,0.0,0,20,3780
4328.0,9408.56558222199,0.0,0,20,3780
4329.0,9408.56558222199,0.0,0,20,3780
4330.0,9408.56558222199,0.0,0,20,3780
4331.0,9408.56558222199,0.0,0,20,3780
4332.0,9408.56558222199,0.0,0,20,3780
4333.0,9408.56558222199,0.0,0,20,3780
4334.0,9408.56558222199,0.0,0,20,3780
4335.0,9408.56558222199,0.0,0,20,3780
4336.0,9408.56558222199,0.0,0,20,3780
4337.0,9408.56558222199,0.0,0,20,3780
4338.0,9408.56558222199,0.0,0,20,3780
4339.0,9408.56558222199,0.0,0,20,3780
4340.0,9408.56558222199,0.0,0,20,3780
4341.0,9408.56558222199,0.0,0,20,3780
4342.0,9408.56558222199,0.0,0,20,3780
4343.0,9408.56558222199,0.0,0,20,3780
4344.0,9408.56558222199,0.0,0,20,3780
4345.0,9408.56558222199,0.0,0,20,3780
4346.0,9408.56558222199,0.0,0,20,3780
4347.0,9408.56558222199,0.0,0,20,3780
4348.0,9408.56558222199,0.0,0,20,3780
4349.0,9408.56558222199,0.0,0,20,3780
4350.0,9408.56558222199,0.0,0,20,3780
4351.0,9408.56558222199,0.0,0,20,3780
4352.0,9408.56558222199,0.0,0,20,3780
4353.0,9408.56558222199,0.0,0,20,3780
4354.0,9408.56558222199,0.0,0,20,3780
4355.0,9408.56558222199,0.0,0,20,3780
4356.0,9408.56558222199,0.0,0,20,3780
4357.0,9408.56558222199,0.0,0,20,3780
4358.0,9408.56558222199,0.0,0,20,3780
4359.0,9408.56558222199,0.0,0,20,3780
4360.0,9408.56558222199,0.0,0,20,3780
4361.0,9408.56558222199,0.0,0,20,3780
4362.0,9408.56558222199,0.0,0,20,3780
4363.0,9408.56558222199,0.0,0,20,3780
4364.0,9408.56558222199,0.0,0,20,3780
4365.0,9408.56558222199,0.0,0,20,3780
4366.0,9408.56558222199,0.0,0,20,3780
4367.0,9408.56558222199,0.0,0,20,3780
4368.0,9408.56558222199,0.0,0,20,3780
4369.0,9408.56558222199,0.0,0,20,3780
4370.0,9408.56558222199,0.0,0,20,3780
4371.0,9408.56558222199,0.0,0,20,3780
4372.0,9408.56558222199,0.0,0,20,3780
4373.0,9408.56558222199,0.0,0,20,3780
4374.0,9408.56558222199,0.0,0,20,3780
4375.0,9408.56558222199,0.0,0,20,3780
4376.0,9408.56558222199,0.0,0,20,3780
4377.0,9408.56558222199,0.0,0,20,3780
4378.0,9408.56558222199,0.0,0,20,3780
4379.0,9408.56558222199,0.0,0,20,3780
4380.0,9408.56558222199,0.0,0,20,3780
4381.0,9408.56558222199,0.0,0,20,3780
4382.0,9408.56558222199,0.0,0,20,3780
4383.0,9408.56558222199,0.0,0,20,3780
4384.0,9408.56558222199,0.0,0,20,3780
4385.0,9408.56558222199,0.0,0,20,3780
4386.0,9408.56558222199,0.0,0,20,3780
4387.0,9408.56558222199,0.0,0,20,3780
4388.0,9408.56558222199,0.0,0,20,3780
4389.0,9408.56558222199,0.0,0,20,3780
4390.0,9408.56558222199,0.0,0,20,3780
4391.0,9408.56558222199,0.0,0,20,3780
4392.0,9408.56558222199,0.0,0,20,3780
4393.0,9408.56558222199,0.0,0,20,3780
4394.0,9408.56558222199,0.0,0,20,3780
4395.0,9408.56558222199,0.0,0,20,3780
4396.0,9408.56558222199,0.0,0,20,3780
4397.0,9408.56558222199,0.0,0,20,3780
4398.0,9408.56558222199,0.0,0,20,3780
4399.0,9408.56558222199,0.0,0,20,3780
4400.0,9408.56558222199,0.0,0,20,3780
4401.0,9408.56558222199,0.0,0,20,3780
4402.0,9408.56558222199,0.0,0,20,3780
4403.0,9408.56558222199,0.0,0,20,3780
4404.0,9408.56558222199,0.0,0,20,3780
4405.0,9408.56558222199,0.0,0,20,3780
4406.0,9408.56558222199,0.0,0,20,3780
4407.0,9408.56558222199,0.0,0,20,3780
4408.0,9408.56558222199,0.0,0,20,3780
4409.0,9408.56558222199,0.0,0,20,3780
4410.0,9408.56558222199,0.0,0,20,3780
4411.0,9408.56558222199,0.0,0,20,3780
4412.0,9408.56558222199,0.0,0,20,3780
4413.0,9408.56558222199,0.0,0,20,3780
4414.0,9408.56558222199,0.0,0,20,3780
4415.0,9408.56558222199,0.0,0,20,3780
4416.0,9408.56558222199,0.0,0,20,3780
4417.0,9408.56558222199,0.0,0,20,3780
4418.0,9408.56558222199,0.0,0,20,3780
4419.0,9408.56558222199,0.0,0,20,3780
4420.0,9408.56558222199,0.0,0,20,3780
4421.0,9408.56558222199,0.0,0,20,3780
4422.0,9408.56558222199,0.0,0,20,3780
4423.0,9408.56558222199,0.0,0,20,3780
4424.0,9408.56558222199,0.0,0,20,3780
4425.0,9408.56558222199,0.0,0,20,3780
4426.0,9408.56558222199,0.0,0,20,3780
4427.0,9408.56558222199,0.0,0,20,3780
4428.0,9408.56558222199,0.0,0,20,3780
4429.0,9408.56558222199,0.0,0,20,3780
4430.0,9408.56558222199,0.0,0,20,3780
4431.0,9408.56558222199,0.0,0,20,3780
4432.0,9408.56558222199,0.0,0,20,3780
4433.0,9408.56558222199,0.0,0,20,3780
4434.0,9408.56558222199,0.0,0,20,3780
4435.0,9408.56558222199,0.0,0,20,3780
4436.0,9408.56558222199,0.0,0,20,3780
4437.0,9408.56558222199,0.0,0,20,3780
4438.0,9408.56558222199,0.0,0,20,3780
4439.0,9408.56558222199,0.0,0,20,3780
4440.0,9408.56558222199,0.0,0,20,3780
4441.0,9408.56558222199,0.0,0,20,3780
4442.0,9408.56558222199,0.0,0,20,3780
4443.0,9408.56558222199,0.0,0,20,3780
4444.0,9408.56558222199,0.0,0,20,3780
4445.0,9408.56558222199,0.0,0,20,3780
4446.0,9408.56558222199,0.0,0,20,3780
4447.0,9408.56558222199,0.0,0,20,3780
4448.0,9408.56558222199,0.0,0,20,3780
4449.0,9408.56558222199,0.0,0,20,3780
4450.0,9408.56558222199,0.0,0,20,3780
4451.0,9408.56558222199,0.0,0,20,3780
4452.0,9408.56558222199,0.0,0,20,3780
4453.0,9408.56558222199,0.0,0,20,3780
4454.0,9408.56558222199,0.0,0,20,3780
4455.0,9408.56558222199,0.0,0,20,3780
4456.0,9408.56558222199,0.0,0,20,3780
4457.0,9408.56558222199,0.0,0,20,3780
4458.0,9408.56558222199,0.0,0,20,3780
4459.0,9408.56558222199,0.0,0,20,3780
4460.0,9408.56558222199,0.0,0,20,3780
4461.0,9408.56558222199,0.0,0,20,3780
4462.0,9408.56558222199,0.0,0,20,3780
4463.0,9408.56558222199,0.0,0,20,3780
4464.0,9408.56558222199,0.0,0,20,3780
4465.0,9408.56558222199,0.0,0,20,3780
4466.0,9408.56558222199,0.0,0,20,3780
4467.0,9408.56558222199,0.0,0,20,3780
4468.0,9408.56558222199,0.0,0,20,3780
4469.0,9408.56558222199,0.0,0,20,3780
4470.0,9408.56558222199,0.0,0,20,3780
4471.0,9408.56558222199,0.0,0,20,3780
4472.0,9408.56558222199,0.0,0,20,3780
4473.0,9408.56558222199,0.0,0,20,3780
4474.0,9408.56558222199,0.0,0,20,3780
4475.0,9408.56558222199,0.0,0,20,3780
4476.0,9408.56558222199,0.0,0,20,3780
4477.0,9408.56558222199,0.0,0,20,3780
4478.0,9408.56558222199,0.0,0,20,3780
4479.0,9408.56558222199,0.0,0,20,3780
4480.0,9408.56558222199,0.0,0,20,3780
4481.0,9408.56558222199,0.0,0,20,3780
4482.0,9408.56558222199,0.0,0,20,3780
4483.0,9408.56558222199,0.0,0,20,3780
4484.0,9408.56558222199,0.0,0,20,3780
4485.0,9408.56558222199,0.0,0,20,3780
4486.0,9408.56558222199,0.0,0,20,3780
4487.0,9408.56558222199,0.0,0,20,3780
4488.0,9408.56558222199,0.0,0,20,3780
4489.0,9408.56558222199,0.0,0,20,3780
4490.0,9408.56558222199,0.0,0,20,3780
4491.0,9408.56558222199,0.0,0,20,3780
4492.0,9408.56558222199,0.0,0,20,3780
4493.0,9408.56558222199,0.0,0,20,3780
4494.0,9408.56558222199,0.0,0,20,3780
4495.0,9408.56558222199,0.0,0,20,3780
4496.0,9408.56558222199,0.0,0,20,3780
4497.0,9408.56558222199,0.0,0,20,3780
4498.0,9408.56558222199,0.0,0,20,3780
4499.0,9408.56558222199,0.0,0,20,3780
4500.0,9408.56558222199,0.0,0,20,3780
4501.0,9408.56558222199,0.0,0,20,3780
4502.0,9408.56558222199,0.0,0,20,3780
4503.0,9408.56558222199,0.0,0,20,3780
4504.0,9408.56558222199,0.0,0,20,3780
4505.0,9408.56558222199,0.0,0,20,3780
4506.0,9408.56558222199,0.0,0,20,3780
4507.0,9408.56558222199,0.0,0,20,3780
4508.0,9408.56558222199,0.0,0,20,3780
4509.0,9408.56558222199,0.0,0,20,3780
4510.0,9408.56558222199,0.0,0,20,3780
4511.0,9408.56558222199,0.0,0,20,3780
4512.0,9408.56558222199,0.0,0,20,3780
4513.0,9408.56558222199,0.0,0,20,3780
4514.0,9408.56558222199,0.0,0,20,3780
4515.0,9408.56558222199,0.0,0,20,3780
4516.0,9408.56558222199,0.0,0,20,3780
4517.0,9408.56558222199,0.0,0,20,3780
4518.0,9408.56558222199,0.0,0,20,3780
4519.0,9408.56558222199,0.0,0,20,3780
4520.0,9408.56558222199,0.0,0,20,3780
4521.0,9408.56558222199,0.0,0,20,3780
4522.0,9408.56558222199,0.0,0,20,3780
4523.0,9408.56558222199,0.0,0,20,3780
4524.0,9408.56558222199,0.0,0,20,3780
4525.0,9408.56558222199,0.0,0,20,3780
4526.0,9408.56558222199,0.0,0,20,3780
4527.0,9408.56558222199,0.0,0,20,3780
4528.0,9408.56558222199,0.0,0,20,3780
4529.0,9408.56558222199,0.0,0,20,3780
4530.0,9408.56558222199,0.0,0,20,3780
4531.0,9408.56558222199,0.0,0,20,3780
4532.0,9408.56558222199,0.0,0,20,3780
4533.0,9408.56558222199,0.0,0,20,3780
4534.0,9408.56558222199,0.0,0,20,3780
4535.0,9408.56558222199,0.0,0,20,3780
4536.0,9408.56558222199,0.0,0,20,3780
4537.0,9408.56558222199,0.0,0,20,3780
4538.0,9408.56558222199,0.0,0,20,3780
4539.0,9408.56558222199,0.0,0,20,3780
4540.0,9408.56558222199,0.0,0,20,3780
4541.0,9408.56558222199,0.0,0,20,3780
4542.0,9408.56558222199,0.0,0,20,3780
4543.0,9408.56558222199,0.0,0,20,3780
4544.0,9408.56558222199,0.0,0,20,3780
4545.0,9408.56558222199,0.0,0,20,3780
4546.0,9408.56558222199,0.0,0,20,3780
4547.0,9408.56558222199,0.0,0,20,3780
4548.0,9408.56558222199,0.0,0,20,3780
4549.0,9408.56558222199,0.0,0,20,3780
4550.0,9408.56558222199,0.0,0,20,3780
4551.0,9408.56558222199,0.0,0,20,3780
4552.0,9408.56558222199,0.0,0,20,3780
4553.0,9408.56558222199,0.0,0,20,3780
4554.0,9408.56558222199,0.0,0,20,3780
4555.0,9408.56558222199,0.0,0,20,3780
4556.0,9408.56558222199,0.0,0,20,3780
4557.0,9408.56558222199,0.0,0,20,3780
4558.0,9408.56558222199,0.0,0,20,3780
4559.0,9408.56558222199,0.0,0,20,3780
4560.0,9408.56558222199,0.0,0,20,3780
4561.0,9408.56558222199,0.0,0,20,3780
4562.0,9408.56558222199,0.0,0,20,3780
4563.0,9408.56558222199,0.0,0,20,3780
4564.0,9408.56558222199,0.0,0,20,3780
4565.0,9408.56558222199,0.0,0,20,3780
4566.0,9408.56558222199,0.0,0,20,3780
4567.0,9408.56558222199,0.0,0,20,3780
4568.0,9408.56558222199,0.0,0,20,3780
4569.0,9408.56558222199,0.0,0,20,3780
4570.0,9408.56558222199,0.0,0,20,3780
4571.0,9408.56558222199,0.0,0,20,3780
4572.0,9408.56558222199,0.0,0,20,3780
4573.0,9408.56558222199,0.0,0,20,3780
4574.0,9408.56558222199,0.0,0,20,3780
4575.0,9408.56558222199,0.0,0,20,3780
4576.0,9408.56558222199,0.0,0,20,3780
4577.0,9408.56558222199,0.0,0,20,3780
4578.0,9408.56558222199,0.0,0,20,3780
4579.0,9408.56558222199,0.0,0,20,3780
4580.0,9408.56558222199,0.0,0,20,3780
4581.0,9408.56558222199,0.0,0,20,3780
4582.0,9408.56558222199,0.0,0,20,3780
4583.0,9408.56558222199,0.0,0,20,3780
4584.0,9408.56558222199,0.0,0,20,3780
4585.0,9408.56558222199,0.0,0,20,3780
4586.0,9408.56558222199,0.0,0,20,3780
4587.0,9408.56558222199,0.0,0,20,3780
4588.0,9408.56558222199,0.0,0,20,3780
4589.0,9408.56558222199,0.0,0,20,3780
4590.0,9408.56558222199,0.0,0,20,3780
4591.0,9408.56558222199,0.0,0,20,3780
4592.0,9408.56558222199,0.0,0,20,3780
4593.0,9408.56558222199,0.0,0,20,3780
4594.0,9408.56558222199,0.0,0,20,3780
4595.0,9408.56558222199,0.0,0,20,3780
4596.0,9408.56558222199,0.0,0,20,3780
4597.0,9408.56558222199,0.0,0,20,3780
4598.0,9408.56558222199,0.0,0,20,3780
4599.0,9408.56558222199,0.0,0,20,3780
4600.0,9408.56558222199,0.0,0,20,3780
4601.0,9408.56558222199,0.0,0,20,3780
4602.0,9408.56558222199,0.0,0,20,3780
4603.0,9408.56558222199,0.0,0,20,3780
4604.0,9408.56558222199,0.0,0,20,3780
4605.0,9408.56558222199,0.0,0,20,3780
4606.0,9408.56558222199,0.0,0,20,3780
4607.0,9408.56558222199,0.0,0,20,3780
4608.0,9408.56558222199,0.0,0,20,3780
4609.0,9408.56558222199,0.0,0,20,3780
4610.0,9408.56558222199,0.0,0,20,3780
4611.0,9408.56558222199,0.0,0,20,3780
4612.0,9408.56558222199,0.0,0,20,3780
4613.0,9408.56558222199,0.0,0,20,3780
4614.0,9408.56558222199,0.0,0,20,3780
4615.0,9408.56558222199,0.0,0,20,3780
4616.0,9408.56558222199,0.0,0,20,3780
4617.0,9408.56558222199,0.0,0,20,3780
4618.0,9408.56558222199,0.0,0,20,3780
4619.0,9408.56558222199,0.0,0,20,3780
4620.0,9408.56558222199,0.0,0,20,3780
4621.0,9408.56558222199,0.0,0,20,3780
4622.0,9408.56558222199,0.0,0,20,3780
4623.0,9408.56558222199,0.0,0,20,3780
4624.0,9408.56558222199,0.0,0,20,3780
4625.0,9408.56558222199,0.0,0,20,3780
4626.0,9408.56558222199,0.0,0,20,3780
4627.0,9408.56558222199,0.0,0,20,3780
4628.0,9408.56558222199,0.0,0,20,3780
4629.0,9408.56558222199,0.0,0,20,3780
4630.0,9408.56558222199,0.0,0,20,3780
4631.0,9408.56558222199,0.0,0,20,3780
4632.0,9408.56558222199,0.0,0,20,3780
4633.0,9408.56558222199,0.0,0,20,3780
4634.0,9408.56558222199,0.0,0,20,3780
4635.0,9408.56558222199,0.0,0,20,3780
4636.0,9408.56558222199,0.0,0,20,3780
4637.0,9408.56558222199,0.0,0,20,3780
4638.0,9408.56558222199,0.0,0,20,3780
4639.0,9408.56558222199,0.0,0,20,3780
4640.0,9408.56558222199,0.0,0,20,3780
4641.0,9408.56558222199,0.0,0,20,3780
4642.0,9408.56558222199,0.0,0,20,3780
4643.0,9408.56558222199,0.0,0,20,3780
4644.0,9408.56558222199,0.0,0,20,3780
4645.0,9408.56558222199,0.0,0,20,3780
4646.0,9408.56558222199,0.0,0,20,3780
4647.0,9408.56558222199,0.0,0,20,3780
4648.0,9408.56558222199,0.0,0,20,3780
4649.0,9408.56558222199,0.0,0,20,3780
4650.0,9408.56558222199,0.0,0,20,3780
4651.0,9408.56558222199,0.0,0,20,3780
4652.0,9408.56558222199,0.0,0,20,3780
4653.0,9408.56558222199,0.0,0,20,3780
4654.0,9408.56558222199,0.0,0,20,3780
4655.0,9408.56558222199,0.0,0,20,3780
4656.0,9408.56558222199,0.0,0,20,3780
4657.0,9408.56558222199,0.0,0,20,3780
4658.0,9408.56558222199,0.0,0,20,3780
4659.0,9408.56558222199,0.0,0,20,3780
4660.0,9408.56558222199,0.0,0,20,3780
4661.0,9408.56558222199,0.0,0,20,3780
4662.0,9408.56558222199,0.0,0,20,3780
4663.0,9408.56558222199,0.0,0,20,3780
4664.0,9408.56558222199,0.0,0,20,3780
4665.0,9408.56558222199,0.0,0,20,3780
4666.0,9408.56558222199,0.0,0,20,3780
4667.0,9408.56558222199,0.0,0,20,3780
4668.0,9408.56558222199,0.0,0,20,3780
4669.0,9408.56558222199,0.0,0,20,3780
4670.0,9408.56558222199,0.0,0,20,3780
4671.0,9408.56558222199,0.0,0,20,3780
4672.0,9408.56558222199,0.0,0,20,3780
4673.0,9408.56558222199,0.0,0,20,3780
4674.0,9408.56558222199,0.0,0,20,3780
4675.0,9408.56558222199,0.0,0,20,3780
4676.0,9408.56558222199,0.0,0,20,3780
4677.0,9408.56558222199,0.0,0,20,3780
4678.0,9408.56558222199,0.0,0,20,3780
4679.0,9408.56558222199,0.0,0,20,3780
4680.0,9408.56558222199,0.0,0,20,3780
4681.0,9408.56558222199,0.0,0,20,3780
4682.0,9408.56558222199,0.0,0,20,3780
4683.0,9408.56558222199,0.0,0,20,3780
4684.0,9408.56558222199,0.0,0,20,3780
4685.0,9408.56558222199,0.0,0,20,3780
4686.0,9408.56558222199,0.0,0,20,3780
4687.0,9408.56558222199,0.0,0,20,3780
4688.0,9408.56558222199,0.0,0,20,3780
4689.0,9408.56558222199,0.0,0,20,3780
4690.0,9408.56558222199,0.0,0,20,3780
4691.0,9408.56558222199,0.0,0,20,3780
4692.0,9408.56558222199,0.0,0,20,3780
4693.0,9408.56558222199,0.0,0,20,3780
4694.0,9408.56558222199,0.0,0,20,3780
4695.0,9408.56558222199,0.0,0,20,3780
4696.0,9408.56558222199,0.0,0,20,3780
4697.0,9408.56558222199,0.0,0,20,3780
4698.0,9408.56558222199,0.0,0,20,3780
4699.0,9408.56558222199,0.0,0,20,3780
4700.0,9408.56558222199,0.0,0,20,3780
4701.0,9408.56558222199,0.0,0,20,3780
4702.0,9408.56558222199,0.0,0,20,3780
4703.0,9408.56558222199,0.0,0,20,3780
4704.0,9408.56558222199,0.0,0,20,3780
4705.0,9408.56558222199,0.0,0,20,3780
4706.0,9408.56558222199,0.0,0,20,3780
4707.0,9408.56558222199,0.0,0,20,3780
4708.0,9408.56558222199,0.0,0,20,3780
4709.0,9408.56558222199,0.0,0,20,3780
4710.0,9408.56558222199,0.0,0,20,3780
4711.0,9408.56558222199,0.0,0,20,3780
4712.0,9408.56558222199,0.0,0,20,3780
4713.0,9408.56558222199,0.0,0,20,3780
4714.0,9408.56558222199,0.0,0,20,3780
4715.0,9408.56558222199,0.0,0,20,3780
4716.0,9408.56558222199,0.0,0,20,3780
4717.0,9408.56558222199,0.0,0,20,3780
4718.0,9408.56558222199,0.0,0,20,3780
4719.0,9408.56558222199,0.0,0,20,3780
4720.0,9408.56558222199,0.0,0,20,3780
4721.0,9408.56558222199,0.0,0,20,3780
4722.0,9408.56558222199,0.0,0,20,3780
4723.0,9408.56558222199,0.0,0,20,3780
4724.0,9408.56558222199,0.0,0,20,3780
4725.0,9408.56558222199,0.0,0,20,3780
4726.0,9408.56558222199,0.0,0,20,3780
4727.0,9408.56558222199,0.0,0,20,3780
4728.0,9408.56558222199,0.0,0,20,3780
4729.0,9408.56558222199,0.0,0,20,3780
4730.0,9408.56558222199,0.0,0,20,3780
4731.0,9408.56558222199,0.0,0,20,3780
4732.0,9408.56558222199,0.0,0,20,3780
4733.0,9408.56558222199,0.0,0,20,3780
4734.0,9408.56558222199,0.0,0,20,3780
4735.0,9408.56558222199,0.0,0,20,3780
4736.0,9408.56558222199,0.0,0,20,3780
4737.0,9408.56558222199,0.0,0,20,3780
4738.0,9408.56558222199,0.0,0,20,3780
4739.0,9408.56558222199,0.0,0,20,3780
4740.0,9408.56558222199,0.0,0,20,3780
4741.0,9408.56558222199,0.0,0,20,3780
4742.0,9408.56558222199,0.0,0,20,3780
4743.0,9408.56558222199,0.0,0,20,3780
4744.0,9408.56558222199,0.0,0,20,3780
4745.0,9408.56558222199,0.0,0,20,3780
4746.0,9408.56558222199,0.0,0,20,3780
4747.0,9408.56558222199,0.0,0,20,3780
4748.0,9408.56558222199,0.0,0,20,3780
4749.0,9408.56558222199,0.0,0,20,3780
4750.0,9408.56558222199,0.0,0,20,3780
4751.0,9408.56558222199,0.0,0,20,3780
4752.0,9408.56558222199,0.0,0,20,3780
4753.0,9408.56558222199,0.0,0,20,3780
4754.0,9408.56558222199,0.0,0,20,3780
4755.0,9408.56558222199,0.0,0,20,3780
4756.0,9408.56558222199,0.0,0,20,3780
4757.0,9408.56558222199,0.0,0,20,3780
4758.0,9408.56558222199,0.0,0,20,3780
4759.0,9408.56558222199,0.0,0,20,3780
4760.0,9408.56558222199,0.0,0,20,3780
4761.0,9408.56558222199,0.0,0,20,3780
4762.0,9408.56558222199,0.0,0,20,3780
4763.0,9408.56558222199,0.0,0,20,3780
4764.0,9408.56558222199,0.0,0,20,3780
4765.0,9408.56558222199,0.0,0,20,3780
4766.0,9408.56558222199,0.0,0,20,3780
4767.0,9408.56558222199,0.0,0,20,3780
4768.0,9408.56558222199,0.0,0,20,3780
4769.0,9408.56558222199,0.0,0,20,3780
4770.0,9408.56558222199,0.0,0,20,3780
4771.0,9408.56558222199,0.0,0,20,3780
4772.0,9408.56558222199,0.0,0,20,3780
4773.0,9408.56558222199,0.0,0,20,3780
4774.0,9408.56558222199,0.0,0,20,3780
4775.0,9408.56558222199,0.0,0,20,3780
4776.0,9408.56558222199,0.0,0,20,3780
4777.0,9408.56558222199,0.0,0,20,3780
4778.0,9408.56558222199,0.0,0,20,3780
4779.0,9408.56558222199,0.0,0,20,3780
4780.0,9408.56558222199,0.0,0,20,3780
4781.0,9408.56558222199,0.0,0,20,3780
4782.0,9408.56558222199,0.0,0,20,3780
4783.0,9408.56558222199,0.0,0,20,3780
4784.0,9408.56558222199,0.0,0,20,3780
4785.0,9408.56558222199,0.0,0,20,3780
4786.0,9408.56558222199,0.0,0,20,3780
4787.0,9408.56558222199,0.0,0,20,3780
4788.0,9408.56558222199,0.0,0,20,3780
4789.0,9408.56558222199,0.0,0,20,3780
4790.0,9408.56558222199,0.0,0,20,3780
4791.0,9408.56558222199,0.0,0,20,3780
4792.0,9408.56558222199,0.0,0,20,3780
4793.0,9408.56558222199,0.0,0,20,3780
4794.0,9408.56558222199,0.0,0,20,3780
4795.0,9408.56558222199,0.0,0,20,3780
4796.0,9408.56558222199,0.0,0,20,3780
4797.0,9408.56558222199,0.0,0,20,3780
4798.0,9408.56558222199,0.0,0,20,3780
4799.0,9408.56558222199,0.0,0,20,3780
4800.0,9408.56558222199,0.0,0,20,3780
4801.0,9408.56558222199,0.0,0,20,3780
4802.0,9408.56558222199,0.0,0,20,3780
4803.0,9408.56558222199,0.0,0,20,3780
4804.0,9408.56558222199,0.0,0,20,3780
4805.0,9408.56558222199,0.0,0,20,3780
4806.0,9408.56558222199,0.0,0,20,3780
4807.0,9408.56558222199,0.0,0,20,3780
4808.0,9408.56558222199,0.0,0,20,3780
4809.0,9408.56558222199,0.0,0,20,3780
4810.0,9408.56558222199,0.0,0,20,3780
4811.0,9408.56558222199,0.0,0,20,3780
4812.0,9408.56558222199,0.0,0,20,3780
4813.0,9408.56558222199,0.0,0,20,3780
4814.0,9408.56558222199,0.0,0,20,3780
4815.0,9408.56558222199,0.0,0,20,3780
4816.0,9408.56558222199,0.0,0,20,3780
4817.0,9408.56558222199,0.0,0,20,3780
4818.0,9408.56558222199,0.0,0,20,3780
4819.0,9408.56558222199,0.0,0,20,3780
4820.0,9408.56558222199,0.0,0,20,3780
4821.0,9408.56558222199,0.0,0,20,3780
4822.0,9408.56558222199,0.0,0,20,3780
4823.0,9408.56558222199,0.0,0,20,3780
4824.0,9408.56558222199,0.0,0,20,3780
4825.0,9408.56558222199,0.0,0,20,3780
4826.0,9408.56558222199,0.0,0,20,3780
4827.0,9408.56558222199,0.0,0,20,3780
4828.0,9408.56558222199,0.0,0,20,3780
4829.0,9408.56558222199,0.0,0,20,3780
4830.0,9408.56558222199,0.0,0,20,3780
4831.0,9408.56558222199,0.0,0,20,3780
4832.0,9408.56558222199,0.0,0,20,3780
4833.0,9408.56558222199,0.0,0,20,3780
4834.0,9408.56558222199,0.0,0,20,3780
4835.0,9408.56558222199,0.0,0,20,3780
4836.0,9408.56558222199,0.0,0,20,3780
4837.0,9408.56558222199,0.0,0,20,3780
4838.0,9408.56558222199,0.0,0,20,3780
4839.0,9408.56558222199,0.0,0,20,3780
4840.0,9408.56558222199,0.0,0,20,3780
4841.0,9408.56558222199,0.0,0,20,3780
4842.0,9408.56558222199,0.0,0,20,3780
4843.0,9408.56558222199,0.0,0,20,3780
4844.0,9408.56558222199,0.0,0,20,3780
4845.0,9408.56558222199,0.0,0,20,3780
4846.0,9408.56558222199,0.0,0,20,3780
4847.0,9408.56558222199,0.0,0,20,3780
4848.0,9408.56558222199,0.0,0,20,3780
4849.0,9408.56558222199,0.0,0,20,3780
4850.0,9408.56558222199,0.0,0,20,3780
4851.0,9408.56558222199,0.0,0,20,3780
4852.0,9408.56558222199,0.0,0,20,3780
4853.0,9408.56558222199,0.0,0,20,3780
4854.0,9408.56558222199,0.0,0,20,3780
4855.0,9408.56558222199,0.0,0,20,3780
4856.0,9408.56558222199,0.0,0,20,3780
4857.0,9408.56558222199,0.0,0,20,3780
4858.0,9408.56558222199,0.0,0,20,3780
4859.0,9408.56558222199,0.0,0,20,3780
4860.0,9408.56558222199,0.0,0,20,3780
4861.0,9408.56558222199,0.0,0,20,3780
4862.0,9408.56558222199,0.0,0,20,3780
4863.0,9408.56558222199,0.0,0,20,3780
4864.0,9408.56558222199,0.0,0,20,3780
4865.0,9408.56558222199,0.0,0,20,3780
4866.0,9408.56558222199,0.0,0,20,3780
4867.0,9408.56558222199,0.0,0,20,3780
4868.0,9408.56558222199,0.0,0,20,3780
4869.0,9408.56558222199,0.0,0,20,3780
4870.0,9408.56558222199,0.0,0,20,3780
4871.0,9408.56558222199,0.0,0,20,3780
4872.0,9408.56558222199,0.0,0,20,3780
4873.0,9408.56558222199,0.0,0,20,3780
4874.0,9408.56558222199,0.0,0,20,3780
4875.0,9408.56558222199,0.0,0,20,3780
4876.0,9408.56558222199,0.0,0,20,3780
4877.0,9408.56558222199,0.0,0,20,3780
4878.0,9408.56558222199,0.0,0,20,3780
4879.0,9408.56558222199,0.0,0,20,3780
4880.0,9408.56558222199,0.0,0,20,3780
4881.0,9408.56558222199,0.0,0,20,3780
4882.0,9408.56558222199,0.0,0,20,3780
4883.0,9408.56558222199,0.0,0,20,3780
4884.0,9408.56558222199,0.0,0,20,3780
4885.0,9408.56558222199,0.0,0,20,3780
4886.0,9408.56558222199,0.0,0,20,3780
4887.0,9408.56558222199,0.0,0,20,3780
4888.0,9408.56558222199,0.0,0,20,3780
4889.0,9408.56558222199,0.0,0,20,3780
4890.0,9408.56558222199,0.0,0,20,3780
4891.0,9408.56558222199,0.0,0,20,3780
4892.0,9408.56558222199,0.0,0,20,3780
4893.0,9408.56558222199,0.0,0,20,3780
4894.0,9408.56558222199,0.0,0,20,3780
4895.0,9408.56558222199,0.0,0,20,3780
4896.0,9408.56558222199,0.0,0,20,3780
4897.0,9408.56558222199,0.0,0,20,3780
4898.0,9408.56558222199,0.0,0,20,3780
4899.0,9408.56558222199,0.0,0,20,3780
4900.0,9408.56558222199,0.0,0,20,3780
4901.0,9408.56558222199,0.0,0,20,3780
4902.0,9408.56558222199,0.0,0,20,3780
4903.0,9408.56558222199,0.0,0,20,3780
4904.0,9408.56558222199,0.0,0,20,3780
4905.0,9408.56558222199,0.0,0,20,3780
4906.0,9408.56558222199,0.0,0,20,3780
4907.0,9408.56558222199,0.0,0,20,3780
4908.0,9408.56558222199,0.0,0,20,3780
4909.0,9408.56558222199,0.0,0,20,3780
4910.0,9408.56558222199,0.0,0,20,3780
4911.0,9408.56558222199,0.0,0,20,3780
4912.0,9408.56558222199,0.0,0,20,3780
4913.0,9408.56558222199,0.0,0,20,3780
4914.0,9408.56558222199,0.0,0,20,3780
4915.0,9408.56558222199,0.0,0,20,3780
4916.0,9408.56558222199,0.0,0,20,3780
4917.0,9408.56558222199,0.0,0,20,3780
4918.0,9408.56558222199,0.0,0,20,3780
4919.0,9408.56558222199,0.0,0,20,3780
4920.0,9408.56558222199,0.0,0,20,3780
4921.0,9408.56558222199,0.0,0,20,3780
4922.0,9408.56558222199,0.0,0,20,3780
4923.0,9408.56558222199,0.0,0,20,3780
4924.0,9408.56558222199,0.0,0,20,3780
4925.0,9408.56558222199,0.0,0,20,3780
4926.0,9408.56558222199,0.0,0,20,3780
4927.0,9408.56558222199,0.0,0,20,3780
4928.0,9408.56558222199,0.0,0,20,3780
4929.0,9408.56558222199,0.0,0,20,3780
4930.0,9408.56558222199,0.0,0,20,3780
4931.0,9408.56558222199,0.0,0,20,3780
4932.0,9408.56558222199,0.0,0,20,3780
4933.0,9408.56558222199,0.0,0,20,3780
4934.0,9408.56558222199,0.0,0,20,3780
4935.0,9408.56558222199,0.0,0,20,3780
4936.0,9408.56558222199,0.0,0,20,3780
4937.0,9408.56558222199,0.0,0,20,3780
4938.0,9408.56558222199,0.0,0,20,3780
4939.0,9408.56558222199,0.0,0,20,3780
4940.0,9408.56558222199,0.0,0,20,3780
4941.0,9408.56558222199,0.0,0,20,3780
4942.0,9408.56558222199,0.0,0,20,3780
4943.0,9408.56558222199,0.0,0,20,3780
4944.0,9408.56558222199,0.0,0,20,3780
4945.0,9408.56558222199,0.0,0,20,3780
4946.0,9408.56558222199,0.0,0,20,3780
4947.0,9408.56558222199,0.0,0,20,3780
4948.0,9408.56558222199,0.0,0,20,3780
4949.0,9408.56558222199,0.0,0,20,3780
4950.0,9408.56558222199,0.0,0,20,3780
4951.0,9408.56558222199,0.0,0,20,3780
4952.0,9408.56558222199,0.0,0,20,3780
4953.0,9408.56558222199,0.0,0,20,3780
4954.0,9408.56558222199,0.0,0,20,3780
4955.0,9408.56558222199,0.0,0,20,3780
4956.0,9408.56558222199,0.0,0,20,3780
4957.0,9408.56558222199,0.0,0,20,3780
4958.0,9408.56558222199,0.0,0,20,3780
4959.0,9408.56558222199,0.0,0,20,3780
4960.0,9408.56558222199,0.0,0,20,3780
4961.0,9408.56558222199,0.0,0,20,3780
4962.0,9408.56558222199,0.0,0,20,3780
4963.0,9408.56558222199,0.0,0,20,3780
4964.0,9408.56558222199,0.0,0,20,3780
4965.0,9408.56558222199,0.0,0,20,3780
4966.0,9408.56558222199,0.0,0,20,3780
4967.0,9408.56558222199,0.0,0,20,3780
4968.0,9408.56558222199,0.0,0,20,3780
4969.0,9408.56558222199,0.0,0,20,3780
4970.0,9408.56558222199,0.0,0,20,3780
4971.0,9408.56558222199,0.0,0,20,3780
4972.0,9408.56558222199,0.0,0,20,3780
4973.0,9408.56558222199,0.0,0,20,3780
4974.0,9408.56558222199,0.0,0,20,3780
4975.0,9408.56558222199,0.0,0,20,3780
4976.0,9408.56558222199,0.0,0,20,3780
4977.0,9408.56558222199,0.0,0,20,3780
4978.0,9408.56558222199,0.0,0,20,3780
4979.0,9408.56558222199,0.0,0,20,3780
4980.0,9408.56558222199,0.0,0,20,3780
4981.0,9408.56558222199,0.0,0,20,3780
4982.0,9408.56558222199,0.0,0,20,3780
4983.0,9408.56558222199,0.0,0,20,3780
4984.0,9408.56558222199,0.0,0,20,3780
4985.0,9408.56558222199,0.0,0,20,3780
4986.0,9408.56558222199,0.0,0,20,3780
4987.0,9408.56558222199,0.0,0,20,3780
4988.0,9408.56558222199,0.0,0,20,3780
4989.0,9408.56558222199,0.0,0,20,3780
4990.0,9408.56558222199,0.0,0,20,3780
4991.0,9408.56558222199,0.0,0,20,3780
4992.0,9408.56558222199,0.0,0,20,3780
4993.0,9408.56558222199,0.0,0,20,3780
4994.0,9408.56558222199,0.0,0,20,3780
4995.0,9408.56558222199,0.0,0,20,3780
4996.0,9408.56558222199,0.0,0,20,3780
4997.0,9408.56558222199,0.0,0,20,3780
4998.0,9408.56558222199,0.0,0,20,3780
4999.0,9408.56558222199,0.0,0,20,3780
5000.0,9408.56558222199,0.0,0,20,3780
5001.0,9408.56558222199,0.0,0,20,3780
5002.0,9408.56558222199,0.0,0,20,3780
5003.0,9408.56558222199,0.0,0,20,3780
5004.0,9408.56558222199,0.0,0,20,3780
5005.0,9408.56558222199,0.0,0,20,3780
5006.0,9408.56558222199,0.0,0,20,3780
5007.0,9408.56558222199,0.0,0,20,3780
5008.0,9408.56558222199,0.0,0,20,3780
5009.0,9408.56558222199,0.0,0,20,3780
5010.0,9408.56558222199,0.0,0,20,3780
5011.0,9408.56558222199,0.0,0,20,3780
5012.0,9408.56558222199,0.0,0,20,3780
5013.0,9408.56558222199,0.0,0,20,3780
5014.0,9408.56558222199,0.0,0,20,3780
5015.0,9408.56558222199,0.0,0,20,3780
5016.0,9408.56558222199,0.0,0,20,3780
5017.0,9408.56558222199,0.0,0,20,3780
5018.0,9408.56558222199,0.0,0,20,3780
5019.0,9408.56558222199,0.0,0,20,3780
5020.0,9408.56558222199,0.0,0,20,3780
5021.0,9408.56558222199,0.0,0,20,3780
5022.0,9408.56558222199,0.0,0,20,3780
5023.0,9408.56558222199,0.0,0,20,3780
5024.0,9408.56558222199,0.0,0,20,3780
5025.0,9408.56558222199,0.0,0,20,3780
5026.0,9408.56558222199,0.0,0,20,3780
5027.0,9408.56558222199,0.0,0,20,3780
5028.0,9408.56558222199,0.0,0,20,3780
5029.0,9408.56558222199,0.0,0,20,3780
5030.0,9408.56558222199,0.0,0,20,3780
5031.0,9408.56558222199,0.0,0,20,3780
5032.0,9408.56558222199,0.0,0,20,3780
5033.0,9408.56558222199,0.0,0,20,3780
5034.0,9408.56558222199,0.0,0,20,3780
5035.0,9408.56558222199,0.0,0,20,3780
5036.0,9408.56558222199,0.0,0,20,3780
5037.0,9408.56558222199,0.0,0,20,3780
5038.0,9408.56558222199,0.0,0,20,3780
5039.0,9408.56558222199,0.0,0,20,3780
5040.0,9408.56558222199,0.0,0,20,3780
5041.0,9408.56558222199,0.0,0,20,3780
5042.0,9408.56558222199,0.0,0,20,3780
5043.0,9408.56558222199,0.0,0,20,3780
5044.0,9408.56558222199,0.0,0,20,3780
5045.0,9408.56558222199,0.0,0,20,3780
5046.0,9408.56558222199,0.0,0,20,3780
5047.0,9408.56558222199,0.0,0,20,3780
5048.0,9408.56558222199,0.0,0,20,3780
5049.0,9408.56558222199,0.0,0,20,3780
5050.0,9408.56558222199,0.0,0,20,3780
5051.0,9408.56558222199,0.0,0,20,3780
5052.0,9408.56558222199,0.0,0,20,3780
5053.0,9408.56558222199,0.0,0,20,3780
5054.0,9408.56558222199,0.0,0,20,3780
5055.0,9408.56558222199,0.0,0,20,3780
5056.0,9408.56558222199,0.0,0,20,3780
5057.0,9408.56558222199,0.0,0,20,3780
5058.0,9408.56558222199,0.0,0,20,3780
5059.0,9408.56558222199,0.0,0,20,3780
5060.0,9408.56558222199,0.0,0,20,3780
5061.0,9408.56558222199,0.0,0,20,3780
5062.0,9408.56558222199,0.0,0,20,3780
5063.0,9408.56558222199,0.0,0,20,3780
5064.0,9408.56558222199,0.0,0,20,3780
5065.0,9408.56558222199,0.0,0,20,3780
5066.0,9408.56558222199,0.0,0,20,3780
5067.0,9408.56558222199,0.0,0,20,3780
5068.0,9408.56558222199,0.0,0,20,3780
5069.0,9408.56558222199,0.0,0,20,3780
5070.0,9408.56558222199,0.0,0,20,3780
5071.0,9408.56558222199,0.0,0,20,3780
5072.0,9408.56558222199,0.0,0,20,3780
5073.0,9408.56558222199,0.0,0,20,3780
5074.0,9408.56558222199,0.0,0,20,3780
5075.0,9408.56558222199,0.0,0,20,3780
5076.0,9408.56558222199,0.0,0,20,3780
5077.0,9408.56558222199,0.0,0,20,3780
5078.0,9408.56558222199,0.0,0,20,3780
5079.0,9408.56558222199,0.0,0,20,3780
5080.0,9408.56558222199,0.0,0,20,3780
5081.0,9408.56558222199,0.0,0,20,3780
5082.0,9408.56558222199,0.0,0,20,3780
5083.0,9408.56558222199,0.0,0,20,3780
5084.0,9408.56558222199,0.0,0,20,3780
5085.0,9408.56558222199,0.0,0,20,3780
5086.0,9408.56558222199,0.0,0,20,3780
5087.0,9408.56558222199,0.0,0,20,3780
5088.0,9408.56558222199,0.0,0,20,3780
5089.0,9408.56558222199,0.0,0,20,3780
5090.0,9408.56558222199,0.0,0,20,3780
5091.0,9408.56558222199,0.0,0,20,3780
5092.0,9408.56558222199,0.0,0,20,3780
5093.0,9408.56558222199,0.0,0,20,3780
5094.0,9408.56558222199,0.0,0,20,3780
5095.0,9408.56558222199,0.0,0,20,3780
5096.0,9408.56558222199,0.0,0,20,3780
5097.0,9408.56558222199,0.0,0,20,3780
5098.0,9408.56558222199,0.0,0,20,3780
5099.0,9408.56558222199,0.0,0,20,3780
5100.0,9408.56558222199,0.0,0,20,3780
5101.0,9408.56558222199,0.0,0,20,3780
5102.0,9408.56558222199,0.0,0,20,3780
5103.0,9408.56558222199,0.0,0,20,3780
5104.0,9408.56558222199,0.0,0,20,3780
5105.0,9408.56558222199,0.0,0,20,3780
5106.0,9408.56558222199,0.0,0,20,3780
5107.0,9408.56558222199,0.0,0,20,3780
5108.0,9408.56558222199,0.0,0,20,3780
5109.0,9408.56558222199,0.0,0,20,3780
5110.0,9408.56558222199,0.0,0,20,3780
5111.0,9408.56558222199,0.0,0,20,3780
5112.0,9408.56558222199,0.0,0,20,3780
5113.0,9408.56558222199,0.0,0,20,3780
5114.0,9408.56558222199,0.0,0,20,3780
5115.0,9408.56558222199,0.0,0,20,3780
5116.0,9408.56558222199,0.0,0,20,3780
5117.0,9408.56558222199,0.0,0,20,3780
5118.0,9408.56558222199,0.0,0,20,3780
5119.0,9408.56558222199,0.0,0,20,3780
5120.0,9408.56558222199,0.0,0,20,3780
5121.0,9408.56558222199,0.0,0,20,3780
5122.0,9408.56558222199,0.0,0,20,3780
5123.0,9408.56558222199,0.0,0,20,3780
5124.0,9408.56558222199,0.0,0,20,3780
5125.0,9408.56558222199,0.0,0,20,3780
5126.0,9408.56558222199,0.0,0,20,3780
5127.0,9408.56558222199,0.0,0,20,3780
5128.0,9408.56558222199,0.0,0,20,3780
5129.0,9408.56558222199,0.0,0,20,3780
5130.0,9408.56558222199,0.0,0,20,3780
5131.0,9408.56558222199,0.0,0,20,3780
5132.0,9408.56558222199,0.0,0,20,3780
5133.0,9408.56558222199,0.0,0,20,3780
5134.0,9408.56558222199,0.0,0,20,3780
5135.0,9408.56558222199,0.0,0,20,3780
5136.0,9408.56558222199,0.0,0,20,3780
5137.0,9408.56558222199,0.0,0,20,3780
5138.0,9408.56558222199,0.0,0,20,3780
5139.0,9408.56558222199,0.0,0,20,3780
5140.0,9408.56558222199,0.0,0,20,3780
5141.0,9408.56558222199,0.0,0,20,3780
5142.0,9408.56558222199,0.0,0,20,3780
5143.0,9408.56558222199,0.0,0,20,3780
5144.0,9408.56558222199,0.0,0,20,3780
5145.0,9408.56558222199,0.0,0,20,3780
5146.0,9408.56558222199,0.0,0,20,3780
5147.0,9408.56558222199,0.0,0,20,3780
5148.0,9408.56558222199,0.0,0,20,3780
5149.0,9408.56558222199,0.0,0,20,3780
5150.0,9408.56558222199,0.0,0,20,3780
5151.0,9408.56558222199,0.0,0,20,3780
5152.0,9408.56558222199,0.0,0,20,3780
5153.0,9408.56558222199,0.0,0,20,3780
5154.0,9408.56558222199,0.0,0,20,3780
5155.0,9408.56558222199,0.0,0,20,3780
5156.0,9408.56558222199,0.0,0,20,3780
5157.0,9408.56558222199,0.0,0,20,3780
5158.0,9408.56558222199,0.0,0,20,3780
5159.0,9408.56558222199,0.0,0,20,3780
5160.0,9408.56558222199,0.0,0,20,3780
5161.0,9408.56558222199,0.0,0,20,3780
5162.0,9408.56558222199,0.0,0,20,3780
5163.0,9408.56558222199,0.0,0,20,3780
5164.0,9408.56558222199,0.0,0,20,3780
5165.0,9408.56558222199,0.0,0,20,3780
5166.0,9408.56558222199,0.0,0,20,3780
5167.0,9408.56558222199,0.0,0,20,3780
5168.0,9408.56558222199,0.0,0,20,3780
5169.0,9408.56558222199,0.0,0,20,3780
5170.0,9408.56558222199,0.0,0,20,3780
5171.0,9408.56558222199,0.0,0,20,3780
5172.0,9408.56558222199,0.0,0,20,3780
5173.0,9408.56558222199,0.0,0,20,3780
5174.0,9408.56558222199,0.0,0,20,3780
5175.0,9408.56558222199,0.0,0,20,3780
5176.0,9408.56558222199,0.0,0,20,3780
5177.0,9408.56558222199,0.0,0,20,3780
5178.0,9408.56558222199,0.0,0,20,3780
5179.0,9408.56558222199,0.0,0,20,3780
5180.0,9408.56558222199,0.0,0,20,3780
5181.0,9408.56558222199,0.0,0,20,3780
5182.0,9408.56558222199,0.0,0,20,3780
5183.0,9408.56558222199,0.0,0,20,3780
5184.0,9408.56558222199,0.0,0,20,3780
5185.0,9408.56558222199,0.0,0,20,3780
5186.0,9408.56558222199,0.0,0,20,3780
5187.0,9408.56558222199,0.0,0,20,3780
5188.0,9408.56558222199,0.0,0,20,3780
5189.0,9408.56558222199,0.0,0,20,3780
5190.0,9408.56558222199,0.0,0,20,3780
5191.0,9408.56558222199,0.0,0,20,3780
5192.0,9408.56558222199,0.0,0,20,3780
5193.0,9408.56558222199,0.0,0,20,3780
5194.0,9408.56558222199,0.0,0,20,3780
5195.0,9408.56558222199,0.0,0,20,3780
5196.0,9408.56558222199,0.0,0,20,3780
5197.0,9408.56558222199,0.0,0,20,3780
5198.0,9408.56558222199,0.0,0,20,3780
5199.0,9408.56558222199,0.0,0,20,3780
5200.0,9408.56558222199,0.0,0,20,3780
5201.0,9408.56558222199,0.0,0,20,3780
5202.0,9408.56558222199,0.0,0,20,3780
5203.0,9408.56558222199,0.0,0,20,3780
5204.0,9408.56558222199,0.0,0,20,3780
5205.0,9408.56558222199,0.0,0,20,3780
5206.0,9408.56558222199,0.0,0,20,3780
5207.0,9408.56558222199,0.0,0,20,3780
5208.0,9408.56558222199,0.0,0,20,3780
5209.0,9408.56558222199,0.0,0,20,3780
5210.0,9408.56558222199,0.0,0,20,3780
5211.0,9408.56558222199,0.0,0,20,3780
5212.0,9408.56558222199,0.0,0,20,3780
5213.0,9408.56558222199,0.0,0,20,3780
5214.0,9408.56558222199,0.0,0,20,3780
5215.0,9408.56558222199,0.0,0,20,3780
5216.0,9408.56558222199,0.0,0,20,3780
5217.0,9408.56558222199,0.0,0,20,3780
5218.0,9408.56558222199,0.0,0,20,3780
5219.0,9408.56558222199,0.0,0,20,3780
5220.0,9408.56558222199,0.0,0,20,3780
5221.0,9408.56558222199,0.0,0,20,3780
5222.0,9408.56558222199,0.0,0,20,3780
5223.0,9408.56558222199,0.0,0,20,3780
5224.0,9408.56558222199,0.0,0,20,3780
5225.0,9408.56558222199,0.0,0,20,3780
5226.0,9408.56558222199,0.0,0,20,3780
5227.0,9408.56558222199,0.0,0,20,3780
5228.0,9408.56558222199,0.0,0,20,3780
5229.0,9408.56558222199,0.0,0,20,3780
5230.0,9408.56558222199,0.0,0,20,3780
5231.0,9408.56558222199,0.0,0,20,3780
5232.0,9408.56558222199,0.0,0,20,3780
5233.0,9408.56558222199,0.0,0,20,3780
5234.0,9408.56558222199,0.0,0,20,3780
5235.0,9408.56558222199,0.0,0,20,3780
5236.0,9408.56558222199,0.0,0,20,3780
5237.0,9408.56558222199,0.0,0,20,3780
5238.0,9408.56558222199,0.0,0,20,3780
5239.0,9408.56558222199,0.0,0,20,3780
5240.0,9408.56558222199,0.0,0,20,3780
5241.0,9408.56558222199,0.0,0,20,3780
5242.0,9408.56558222199,0.0,0,20,3780
5243.0,9408.56558222199,0.0,0,20,3780
5244.0,9408.56558222199,0.0,0,20,3780
5245.0,9408.56558222199,0.0,0,20,3780
5246.0,9408.56558222199,0.0,0,20,3780
5247.0,9408.56558222199,0.0,0,20,3780
5248.0,9408.56558222199,0.0,0,20,3780
5249.0,9408.56558222199,0.0,0,20,3780
5250.0,9408.56558222199,0.0,0,20,3780
5251.0,9408.56558222199,0.0,0,20,3780
5252.0,9408.56558222199,0.0,0,20,3780
5253.0,9408.56558222199,0.0,0,20,3780
5254.0,9408.56558222199,0.0,0,20,3780
5255.0,9408.56558222199,0.0,0,20,3780
5256.0,9408.56558222199,0.0,0,20,3780
5257.0,9408.56558222199,0.0,0,20,3780
5258.0,9408.56558222199,0.0,0,20,3780
5259.0,9408.56558222199,0.0,0,20,3780
5260.0,9408.56558222199,0.0,0,20,3780
5261.0,9408.56558222199,0.0,0,20,3780
5262.0,9408.56558222199,0.0,0,20,3780
5263.0,9408.56558222199,0.0,0,20,3780
5264.0,9408.56558222199,0.0,0,20,3780
5265.0,9408.56558222199,0.0,0,20,3780
5266.0,9408.56558222199,0.0,0,20,3780
5267.0,9408.56558222199,0.0,0,20,3780
5268.0,9408.56558222199,0.0,0,20,3780
5269.0,9408.56558222199,0.0,0,20,3780
5270.0,9408.56558222199,0.0,0,20,3780
5271.0,9408.56558222199,0.0,0,20,3780
5272.0,9408.56558222199,0.0,0,20,3780
5273.0,9408.56558222199,0.0,0,20,3780
5274.0,9408.56558222199,0.0,0,20,3780
5275.0,9408.56558222199,0.0,0,20,3780
5276.0,9408.56558222199,0.0,0,20,3780
5277.0,9408.56558222199,0.0,0,20,3780
5278.0,9408.56558222199,0.0,0,20,3780
5279.0,9408.56558222199,0.0,0,20,3780
5280.0,9408.56558222199,0.0,0,20,3780
5281.0,9408.56558222199,0.0,0,20,3780
5282.0,9408.56558222199,0.0,0,20,3780
5283.0,9408.56558222199,0.0,0,20,3780
5284.0,9408.56558222199,0.0,0,20,3780
5285.0,9408.56558222199,0.0,0,20,3780
5286.0,9408.56558222199,0.0,0,20,3780
5287.0,9408.56558222199,0.0,0,20,3780
5288.0,9408.56558222199,0.0,0,20,3780
5289.0,9408.56558222199,0.0,0,20,3780
5290.0,9408.56558222199,0.0,0,20,3780
5291.0,9408.56558222199,0.0,0,20,3780
5292.0,9408.56558222199,0.0,0,20,3780
5293.0,9408.56558222199,0.0,0,20,3780
5294.0,9408.56558222199,0.0,0,20,3780
5295.0,9408.56558222199,0.0,0,20,3780
5296.0,9408.56558222199,0.0,0,20,3780
5297.0,9408.56558222199,0.0,0,20,3780
5298.0,9408.56558222199,0.0,0,20,3780
5299.0,9408.56558222199,0.0,0,20,3780
5300.0,9408.56558222199,0.0,0,20,3780
5301.0,9408.56558222199,0.0,0,20,3780
5302.0,9408.56558222199,0.0,0,20,3780
5303.0,9408.56558222199,0.0,0,20,3780
5304.0,9408.56558222199,0.0,0,20,3780
5305.0,9408.56558222199,0.0,0,20,3780
5306.0,9408.56558222199,0.0,0,20,3780
5307.0,9408.56558222199,0.0,0,20,3780
5308.0,9408.56558222199,0.0,0,20,3780
5309.0,9408.56558222199,0.0,0,20,3780
5310.0,9408.56558222199,0.0,0,20,3780
5311.0,9408.56558222199,0.0,0,20,3780
5312.0,9408.56558222199,0.0,0,20,3780
5313.0,9408.56558222199,0.0,0,20,3780
5314.0,9408.56558222199,0.0,0,20,3780
5315.0,9408.56558222199,0.0,0,20,3780
5316.0,9408.56558222199,0.0,0,20,3780
5317.0,9408.56558222199,0.0,0,20,3780
5318.0,9408.56558222199,0.0,0,20,3780
5319.0,9408.56558222199,0.0,0,20,3780
5320.0,9408.56558222199,0.0,0,20,3780
5321.0,9408.56558222199,0.0,0,20,3780
5322.0,9408.56558222199,0.0,0,20,3780
5323.0,9408.56558222199,0.0,0,20,3780
5324.0,9408.56558222199,0.0,0,20,3780
5325.0,9408.56558222199,0.0,0,20,3780
5326.0,9408.56558222199,0.0,0,20,3780
5327.0,9408.56558222199,0.0,0,20,3780
5328.0,9408.56558222199,0.0,0,20,3780
5329.0,9408.56558222199,0.0,0,20,3780
5330.0,9408.56558222199,0.0,0,20,3780
5331.0,9408.56558222199,0.0,0,20,3780
5332.0,9408.56558222199,0.0,0,20,3780
5333.0,9408.56558222199,0.0,0,20,3780
5334.0,9408.56558222199,0.0,0,20,3780
5335.0,9408.56558222199,0.0,0,20,3780
5336.0,9408.56558222199,0.0,0,20,3780
5337.0,9408.56558222199,0.0,0,20,3780
5338.0,9408.56558222199,0.0,0,20,3780
5339.0,9408.56558222199,0.0,0,20,3780
5340.0,9408.56558222199,0.0,0,20,3780
5341.0,9408.56558222199,0.0,0,20,3780
5342.0,9408.56558222199,0.0,0,20,3780
5343.0,9408.56558222199,0.0,0,20,3780
5344.0,9408.56558222199,0.0,0,20,3780
5345.0,9408.56558222199,0.0,0,20,3780
5346.0,9408.56558222199,0.0,0,20,3780
5347.0,9408.56558222199,0.0,0,20,3780
5348.0,9408.56558222199,0.0,0,20,3780
5349.0,9408.56558222199,0.0,0,20,3780
5350.0,9408.56558222199,0.0,0,20,3780
5351.0,9408.56558222199,0.0,0,20,3780
5352.0,9408.56558222199,0.0,0,20,3780
5353.0,9408.56558222199,0.0,0,20,3780
5354.0,9408.56558222199,0.0,0,20,3780
5355.0,9408.56558222199,0.0,0,20,3780
5356.0,9408.56558222199,0.0,0,20,3780
5357.0,9408.56558222199,0.0,0,20,3780
5358.0,9408.56558222199,0.0,0,20,3780
5359.0,9408.56558222199,0.0,0,20,3780
5360.0,9408.56558222199,0.0,0,20,3780
5361.0,9408.56558222199,0.0,0,20,3780
5362.0,9408.56558222199,0.0,0,20,3780
5363.0,9408.56558222199,0.0,0,20,3780
5364.0,9408.56558222199,0.0,0,20,3780
5365.0,9408.56558222199,0.0,0,20,3780
5366.0,9408.56558222199,0.0,0,20,3780
5367.0,9408.56558222199,0.0,0,20,3780
5368.0,9408.56558222199,0.0,0,20,3780
5369.0,9408.56558222199,0.0,0,20,3780
5370.0,9408.56558222199,0.0,0,20,3780
5371.0,9408.56558222199,0.0,0,20,3780
5372.0,9408.56558222199,0.0,0,20,3780
5373.0,9408.56558222199,0.0,0,20,3780
5374.0,9408.56558222199,0.0,0,20,3780
5375.0,9408.56558222199,0.0,0,20,3780
5376.0,9408.56558222199,0.0,0,20,3780
5377.0,9408.56558222199,0.0,0,20,3780
5378.0,9408.56558222199,0.0,0,20,3780
5379.0,9408.56558222199,0.0,0,20,3780
5380.0,9408.56558222199,0.0,0,20,3780
5381.0,9408.56558222199,0.0,0,20,3780
5382.0,9408.56558222199,0.0,0,20,3780
5383.0,9408.56558222199,0.0,0,20,3780
5384.0,9408.56558222199,0.0,0,20,3780
5385.0,9408.56558222199,0.0,0,20,3780
5386.0,9408.56558222199,0.0,0,20,3780
5387.0,9408.56558222199,0.0,0,20,3780
5388.0,9408.56558222199,0.0,0,20,3780
5389.0,9408.56558222199,0.0,0,20,3780
5390.0,9408.56558222199,0.0,0,20,3780
5391.0,9408.56558222199,0.0,0,20,3780
5392.0,9408.56558222199,0.0,0,20,3780
5393.0,9408.56558222199,0.0,0,20,3780
5394.0,9408.56558222199,0.0,0,20,3780
5395.0,9408.56558222199,0.0,0,20,3780
5396.0,9408.56558222199,0.0,0,20,3780
5397.0,9408.56558222199,0.0,0,20,3780
5398.0,9408.56558222199,0.0,0,20,3780
5399.0,9408.56558222199,0.0,0,20,3780
5400.0,9408.56558222199,0.0,0,20,3780
5401.0,9408.56558222199,0.0,0,20,3780
5402.0,9408.56558222199,0.0,0,20,3780
5403.0,9408.56558222199,0.0,0,20,3780
5404.0,9408.56558222199,0.0,0,20,3780
5405.0,9408.56558222199,0.0,0,20,3780
5406.0,9408.56558222199,0.0,0,20,3780
5407.0,9408.56558222199,0.0,0,20,3780
5408.0,9408.56558222199,0.0,0,20,3780
5409.0,9408.56558222199,0.0,0,20,3780
5410.0,9408.56558222199,0.0,0,20,3780
5411.0,9408.56558222199,0.0,0,20,3780
5412.0,9408.56558222199,0.0,0,20,3780
5413.0,9408.56558222199,0.0,0,20,3780
5414.0,9408.56558222199,0.0,0,20,3780
5415.0,9408.56558222199,0.0,0,20,3780
5416.0,9408.56558222199,0.0,0,20,3780
5417.0,9408.56558222199,0.0,0,20,3780
5418.0,9408.56558222199,0.0,0,20,3780
5419.0,9408.56558222199,0.0,0,20,3780
5420.0,9408.56558222199,0.0,0,20,3780
5421.0,9408.56558222199,0.0,0,20,3780
5422.0,9408.56558222199,0.0,0,20,3780
5423.0,9408.56558222199,0.0,0,20,3780
5424.0,9408.56558222199,0.0,0,20,3780
5425.0,9408.56558222199,0.0,0,20,3780
5426.0,9408.56558222199,0.0,0,20,3780
5427.0,9408.56558222199,0.0,0,20,3780
5428.0,9408.56558222199,0.0,0,20,3780
5429.0,9408.56558222199,0.0,0,20,3780
5430.0,9408.56558222199,0.0,0,20,3780
5431.0,9408.56558222199,0.0,0,20,3780
5432.0,9408.56558222199,0.0,0,20,3780
5433.0,9408.56558222199,0.0,0,20,3780
5434.0,9408.56558222199,0.0,0,20,3780
5435.0,9408.56558222199,0.0,0,20,3780
5436.0,9408.56558222199,0.0,0,20,3780
5437.0,9408.56558222199,0.0,0,20,3780
5438.0,9408.56558222199,0.0,0,20,3780
5439.0,9408.56558222199,0.0,0,20,3780
5440.0,9408.56558222199,0.0,0,20,3780
5441.0,9408.56558222199,0.0,0,20,3780
5442.0,9408.56558222199,0.0,0,20,3780
5443.0,9408.56558222199,0.0,0,20,3780
5444.0,9408.56558222199,0.0,0,20,3780
5445.0,9408.56558222199,0.0,0,20,3780
5446.0,9408.56558222199,0.0,0,20,3780
5447.0,9408.56558222199,0.0,0,20,3780
5448.0,9408.56558222199,0.0,0,20,3780
5449.0,9408.56558222199,0.0,0,20,3780
5450.0,9408.56558222199,0.0,0,20,3780
5451.0,9408.56558222199,0.0,0,20,3780
5452.0,9408.56558222199,0.0,0,20,3780
5453.0,9408.56558222199,0.0,0,20,3780
5454.0,9408.56558222199,0.0,0,20,3780
5455.0,9408.56558222199,0.0,0,20,3780
5456.0,9408.56558222199,0.0,0,20,3780
5457.0,9408.56558222199,0.0,0,20,3780
5458.0,9408.56558222199,0.0,0,20,3780
5459.0,9408.56558222199,0.0,0,20,3780
5460.0,9408.56558222199,0.0,0,20,3780
5461.0,9408.56558222199,0.0,0,20,3780
5462.0,9408.56558222199,0.0,0,20,3780
5463.0,9408.56558222199,0.0,0,20,3780
5464.0,9408.56558222199,0.0,0,20,3780
5465.0,9408.56558222199,0.0,0,20,3780
5466.0,9408.56558222199,0.0,0,20,3780
5467.0,9408.56558222199,0.0,0,20,3780
5468.0,9408.56558222199,0.0,0,20,3780
5469.0,9408.56558222199,0.0,0,20,3780
5470.0,9408.56558222199,0.0,0,20,3780
5471.0,9408.56558222199,0.0,0,20,3780
5472.0,9408.56558222199,0.0,0,20,3780
5473.0,9408.56558222199,0.0,0,20,3780
5474.0,9408.56558222199,0.0,0,20,3780
5475.0,9408.56558222199,0.0,0,20,3780
5476.0,9408.56558222199,0.0,0,20,3780
5477.0,9408.56558222199,0.0,0,20,3780
5478.0,9408.56558222199,0.0,0,20,3780
5479.0,9408.56558222199,0.0,0,20,3780
5480.0,9408.56558222199,0.0,0,20,3780
5481.0,9408.56558222199,0.0,0,20,3780
5482.0,9408.56558222199,0.0,0,20,3780
5483.0,9408.56558222199,0.0,0,20,3780
5484.0,9408.56558222199,0.0,0,20,3780
5485.0,9408.56558222199,0.0,0,20,3780
5486.0,9408.56558222199,0.0,0,20,3780
5487.0,9408.56558222199,0.0,0,20,3780
5488.0,9408.56558222199,0.0,0,20,3780
5489.0,9408.56558222199,0.0,0,20,3780
5490.0,9408.56558222199,0.0,0,20,3780
5491.0,9408.56558222199,0.0,0,20,3780
5492.0,9408.56558222199,0.0,0,20,3780
5493.0,9408.56558222199,0.0,0,20,3780
5494.0,9408.56558222199,0.0,0,20,3780
5495.0,9408.56558222199,0.0,0,20,3780
5496.0,9408.56558222199,0.0,0,20,3780
5497.0,9408.56558222199,0.0,0,20,3780
5498.0,9408.56558222199,0.0,0,20,3780
5499.0,9408.56558222199,0.0,0,20,3780
5500.0,9408.56558222199,0.0,0,20,3780
5501.0,9408.56558222199,0.0,0,20,3780
5502.0,9408.56558222199,0.0,0,20,3780
5503.0,9408.56558222199,0.0,0,20,3780
5504.0,9408.56558222199,0.0,0,20,3780
5505.0,9408.56558222199,0.0,0,20,3780
5506.0,9408.56558222199,0.0,0,20,3780
5507.0,9408.56558222199,0.0,0,20,3780
5508.0,9408.56558222199,0.0,0,20,3780
5509.0,9408.56558222199,0.0,0,20,3780
5510.0,9408.56558222199,0.0,0,20,3780
5511.0,9408.56558222199,0.0,0,20,3780
5512.0,9408.56558222199,0.0,0,20,3780
5513.0,9408.56558222199,0.0,0,20,3780
5514.0,9408.56558222199,0.0,0,20,3780
5515.0,9408.56558222199,0.0,0,20,3780
5516.0,9408.56558222199,0.0,0,20,3780
5517.0,9408.56558222199,0.0,0,20,3780
5518.0,9408.56558222199,0.0,0,20,3780
5519.0,9408.56558222199,0.0,0,20,3780
5520.0,9408.56558222199,0.0,0,20,3780
5521.0,9408.56558222199,0.0,0,20,3780
5522.0,9408.56558222199,0.0,0,20,3780
5523.0,9408.56558222199,0.0,0,20,3780
5524.0,9408.56558222199,0.0,0,20,3780
5525.0,9408.56558222199,0.0,0,20,3780
5526.0,9408.56558222199,0.0,0,20,3780
5527.0,9408.56558222199,0.0,0,20,3780
5528.0,9408.56558222199,0.0,0,20,3780
5529.0,9408.56558222199,0.0,0,20,3780
5530.0,9408.56558222199,0.0,0,20,3780
5531.0,9408.56558222199,0.0,0,20,3780
5532.0,9408.56558222199,0.0,0,20,3780
5533.0,9408.56558222199,0.0,0,20,3780
5534.0,9408.56558222199,0.0,0,20,3780
5535.0,9408.56558222199,0.0,0,20,3780
5536.0,9408.56558222199,0.0,0,20,3780
5537.0,9408.56558222199,0.0,0,20,3780
5538.0,9408.56558222199,0.0,0,20,3780
5539.0,9408.56558222199,0.0,0,20,3780
5540.0,9408.56558222199,0.0,0,20,3780
5541.0,9408.56558222199,0.0,0,20,3780
5542.0,9408.56558222199,0.0,0,20,3780
5543.0,9408.56558222199,0.0,0,20,3780
5544.0,9408.56558222199,0.0,0,20,3780
5545.0,9408.56558222199,0.0,0,20,3780
5546.0,9408.56558222199,0.0,0,20,3780
5547.0,9408.56558222199,0.0,0,20,3780
5548.0,9408.56558222199,0.0,0,20,3780
5549.0,9408.56558222199,0.0,0,20,3780
5550.0,9408.56558222199,0.0,0,20,3780
5551.0,9408.56558222199,0.0,0,20,3780
5552.0,9408.56558222199,0.0,0,20,3780
5553.0,9408.56558222199,0.0,0,20,3780
5554.0,9408.56558222199,0.0,0,20,3780
5555.0,9408.56558222199,0.0,0,20,3780
5556.0,9408.56558222199,0.0,0,20,3780
5557.0,9408.56558222199,0.0,0,20,3780
5558.0,9408.56558222199,0.0,0,20,3780
5559.0,9408.56558222199,0.0,0,20,3780
5560.0,9408.56558222199,0.0,0,20,3780
5561.0,9408.56558222199,0.0,0,20,3780
5562.0,9408.56558222199,0.0,0,20,3780
5563.0,9408.56558222199,0.0,0,20,3780
5564.0,9408.56558222199,0.0,0,20,3780
5565.0,9408.56558222199,0.0,0,20,3780
5566.0,9408.56558222199,0.0,0,20,3780
5567.0,9408.56558222199,0.0,0,20,3780
5568.0,9408.56558222199,0.0,0,20,3780
5569.0,9408.56558222199,0.0,0,20,3780
5570.0,9408.56558222199,0.0,0,20,3780
5571.0,9408.56558222199,0.0,0,20,3780
5572.0,9408.56558222199,0.0,0,20,3780
5573.0,9408.56558222199,0.0,0,20,3780
5574.0,9408.56558222199,0.0,0,20,3780
5575.0,9408.56558222199,0.0,0,20,3780
5576.0,9408.56558222199,0.0,0,20,3780
5577.0,9408.56558222199,0.0,0,20,3780
5578.0,9408.56558222199,0.0,0,20,3780
5579.0,9408.56558222199,0.0,0,20,3780
5580.0,9408.56558222199,0.0,0,20,3780
5581.0,9408.56558222199,0.0,0,20,3780
5582.0,9408.56558222199,0.0,0,20,3780
5583.0,9408.56558222199,0.0,0,20,3780
5584.0,9408.56558222199,0.0,0,20,3780
5585.0,9408.56558222199,0.0,0,20,3780
5586.0,9408.56558222199,0.0,0,20,3780
5587.0,9408.56558222199,0.0,0,20,3780
5588.0,9408.56558222199,0.0,0,20,3780
5589.0,9408.56558222199,0.0,0,20,3780
5590.0,9408.56558222199,0.0,0,20,3780
5591.0,9408.56558222199,0.0,0,20,3780
5592.0,9408.56558222199,0.0,0,20,3780
5593.0,9408.56558222199,0.0,0,20,3780
5594.0,9408.56558222199,0.0,0,20,3780
5595.0,9408.56558222199,0.0,0,20,3780
5596.0,9408.56558222199,0.0,0,20,3780
5597.0,9408.56558222199,0.0,0,20,3780
5598.0,9408.56558222199,0.0,0,20,3780
5599.0,9408.56558222199,0.0,0,20,3780
5600.0,9408.56558222199,0.0,0,20,3780
5601.0,9408.56558222199,0.0,0,20,3780
5602.0,9408.56558222199,0.0,0,20,3780
5603.0,9408.56558222199,0.0,0,20,3780
5604.0,9408.56558222199,0.0,0,20,3780
5605.0,9408.56558222199,0.0,0,20,3780
5606.0,9408.56558222199,0.0,0,20,3780
5607.0,9408.56558222199,0.0,0,20,3780
5608.0,9408.56558222199,0.0,0,20,3780
5609.0,9408.56558222199,0.0,0,20,3780
5610.0,9408.56558222199,0.0,0,20,3780
5611.0,9408.56558222199,0.0,0,20,3780
5612.0,9408.56558222199,0.0,0,20,3780
5613.0,9408.56558222199,0.0,0,20,3780
5614.0,9408.56558222199,0.0,0,20,3780
5615.0,9408.56558222199,0.0,0,20,3780
5616.0,9408.56558222199,0.0,0,20,3780
5617.0,9408.56558222199,0.0,0,20,3780
5618.0,9408.56558222199,0.0,0,20,3780
5619.0,9408.56558222199,0.0,0,20,3780
5620.0,9408.56558222199,0.0,0,20,3780
5621.0,9408.56558222199,0.0,0,20,3780
5622.0,9408.56558222199,0.0,0,20,3780
5623.0,9408.56558222199,0.0,0,20,3780
5624.0,9408.56558222199,0.0,0,20,3780
5625.0,9408.56558222199,0.0,0,20,3780
5626.0,9408.56558222199,0.0,0,20,3780
5627.0,9408.56558222199,0.0,0,20,3780
5628.0,9408.56558222199,0.0,0,20,3780
5629.0,9408.56558222199,0.0,0,20,3780
5630.0,9408.56558222199,0.0,0,20,3780
5631.0,9408.56558222199,0.0,0,20,3780
5632.0,9408.56558222199,0.0,0,20,3780
5633.0,9408.56558222199,0.0,0,20,3780
5634.0,9408.56558222199,0.0,0,20,3780
5635.0,9408.56558222199,0.0,0,20,3780
5636.0,9408.56558222199,0.0,0,20,3780
5637.0,9408.56558222199,0.0,0,20,3780
5638.0,9408.56558222199,0.0,0,20,3780
5639.0,9408.56558222199,0.0,0,20,3780
5640.0,9408.56558222199,0.0,0,20,3780
5641.0,9408.56558222199,0.0,0,20,3780
5642.0,9408.56558222199,0.0,0,20,3780
5643.0,9408.56558222199,0.0,0,20,3780
5644.0,9408.56558222199,0.0,0,20,3780
5645.0,9408.56558222199,0.0,0,20,3780
5646.0,9408.56558222199,0.0,0,20,3780
5647.0,9408.56558222199,0.0,0,20,3780
5648.0,9408.56558222199,0.0,0,20,3780
5649.0,9408.56558222199,0.0,0,20,3780
5650.0,9408.56558222199,0.0,0,20,3780
5651.0,9408.56558222199,0.0,0,20,3780
5652.0,9408.56558222199,0.0,0,20,3780
5653.0,9408.56558222199,0.0,0,20,3780
5654.0,9408.56558222199,0.0,0,20,3780
5655.0,9408.56558222199,0.0,0,20,3780
5656.0,9408.56558222199,0.0,0,20,3780
5657.0,9408.56558222199,0.0,0,20,3780
5658.0,9408.56558222199,0.0,0,20,3780
5659.0,9408.56558222199,0.0,0,20,3780
5660.0,9408.56558222199,0.0,0,20,3780
5661.0,9408.56558222199,0.0,0,20,3780
5662.0,9408.56558222199,0.0,0,20,3780
5663.0,9408.56558222199,0.0,0,20,3780
5664.0,9408.56558222199,0.0,0,20,3780
5665.0,9408.56558222199,0.0,0,20,3780
5666.0,9408.56558222199,0.0,0,20,3780
5667.0,9408.56558222199,0.0,0,20,3780
5668.0,9408.56558222199,0.0,0,20,3780
5669.0,9408.56558222199,0.0,0,20,3780
5670.0,9408.56558222199,0.0,0,20,3780
5671.0,9408.56558222199,0.0,0,20,3780
5672.0,9408.56558222199,0.0,0,20,3780
5673.0,9408.56558222199,0.0,0,20,3780
5674.0,9408.56558222199,0.0,0,20,3780
5675.0,9408.56558222199,0.0,0,20,3780
5676.0,9408.56558222199,0.0,0,20,3780
5677.0,9408.56558222199,0.0,0,20,3780
5678.0,9408.56558222199,0.0,0,20,3780
5679.0,9408.56558222199,0.0,0,20,3780
5680.0,9408.56558222199,0.0,0,20,3780
5681.0,9408.56558222199,0.0,0,20,3780
5682.0,9408.56558222199,0.0,0,20,3780
5683.0,9408.56558222199,0.0,0,20,3780
5684.0,9408.56558222199,0.0,0,20,3780
5685.0,9408.56558222199,0.0,0,20,3780
5686.0,9408.56558222199,0.0,0,20,3780
5687.0,9408.56558222199,0.0,0,20,3780
5688.0,9408.56558222199,0.0,0,20,3780
5689.0,9408.56558222199,0.0,0,20,3780
5690.0,9408.56558222199,0.0,0,20,3780
5691.0,9408.56558222199,0.0,0,20,3780
5692.0,9408.56558222199,0.0,0,20,3780
5693.0,9408.56558222199,0.0,0,20,3780
5694.0,9408.56558222199,0.0,0,20,3780
5695.0,9408.56558222199,0.0,0,20,3780
5696.0,9408.56558222199,0.0,0,20,3780
5697.0,9408.56558222199,0.0,0,20,3780
5698.0,9408.56558222199,0.0,0,20,3780
5699.0,9408.56558222199,0.0,0,20,3780
5700.0,9408.56558222199,0.0,0,20,3780
5701.0,9408.56558222199,0.0,0,20,3780
5702.0,9408.56558222199,0.0,0,20,3780
5703.0,9408.56558222199,0.0,0,20,3780
5704.0,9408.56558222199,0.0,0,20,3780
5705.0,9408.56558222199,0.0,0,20,3780
5706.0,9408.56558222199,0.0,0,20,3780
5707.0,9408.56558222199,0.0,0,20,3780
5708.0,9408.56558222199,0.0,0,20,3780
5709.0,9408.56558222199,0.0,0,20,3780
5710.0,9408.56558222199,0.0,0,20,3780
5711.0,9408.56558222199,0.0,0,20,3780
5712.0,9408.56558222199,0.0,0,20,3780
5713.0,9408.56558222199,0.0,0,20,3780
5714.0,9408.56558222199,0.0,0,20,3780
5715.0,9408.56558222199,0.0,0,20,3780
5716.0,9408.56558222199,0.0,0,20,3780
5717.0,9408.56558222199,0.0,0,20,3780
5718.0,9408.56558222199,0.0,0,20,3780
5719.0,9408.56558222199,0.0,0,20,3780
5720.0,9408.56558222199,0.0,0,20,3780
5721.0,9408.56558222199,0.0,0,20,3780
5722.0,9408.56558222199,0.0,0,20,3780
5723.0,9408.56558222199,0.0,0,20,3780
5724.0,9408.56558222199,0.0,0,20,3780
5725.0,9408.56558222199,0.0,0,20,3780
5726.0,9408.56558222199,0.0,0,20,3780
5727.0,9408.56558222199,0.0,0,20,3780
5728.0,9408.56558222199,0.0,0,20,3780
5729.0,9408.56558222199,0.0,0,20,3780
5730.0,9408.56558222199,0.0,0,20,3780
5731.0,9408.56558222199,0.0,0,20,3780
5732.0,9408.56558222199,0.0,0,20,3780
5733.0,9408.56558222199,0.0,0,20,3780
5734.0,9408.56558222199,0.0,0,20,3780
5735.0,9408.56558222199,0.0,0,20,3780
5736.0,9408.56558222199,0.0,0,20,3780
5737.0,9408.56558222199,0.0,0,20,3780
5738.0,9408.56558222199,0.0,0,20,3780
5739.0,9408.56558222199,0.0,0,20,3780
5740.0,9408.56558222199,0.0,0,20,3780
5741.0,9408.56558222199,0.0,0,20,3780
5742.0,9408.56558222199,0.0,0,20,3780
5743.0,9408.56558222199,0.0,0,20,3780
5744.0,9408.56558222199,0.0,0,20,3780
5745.0,9408.56558222199,0.0,0,20,3780
5746.0,9408.56558222199,0.0,0,20,3780
5747.0,9408.56558222199,0.0,0,20,3780
5748.0,9408.56558222199,0.0,0,20,3780
5749.0,9408.56558222199,0.0,0,20,3780
5750.0,9408.56558222199,0.0,0,20,3780
5751.0,9408.56558222199,0.0,0,20,3780
5752.0,9408.56558222199,0.0,0,20,3780
5753.0,9408.56558222199,0.0,0,20,3780
5754.0,9408.56558222199,0.0,0,20,3780
5755.0,9408.56558222199,0.0,0,20,3780
5756.0,9408.56558222199,0.0,0,20,3780
5757.0,9408.56558222199,0.0,0,20,3780
5758.0,9408.56558222199,0.0,0,20,3780
5759.0,9408.56558222199,0.0,0,20,3780
5760.0,9408.56558222199,0.0,0,20,3780
5761.0,9408.56558222199,0.0,0,20,3780
5762.0,9408.56558222199,0.0,0,20,3780
5763.0,9408.56558222199,0.0,0,20,3780
5764.0,9408.56558222199,0.0,0,20,3780
5765.0,9408.56558222199,0.0,0,20,3780
5766.0,9408.56558222199,0.0,0,20,3780
5767.0,9408.56558222199,0.0,0,20,3780
5768.0,9408.56558222199,0.0,0,20,3780
5769.0,9408.56558222199,0.0,0,20,3780
5770.0,9408.56558222199,0.0,0,20,3780
5771.0,9408.56558222199,0.0,0,20,3780
5772.0,9408.56558222199,0.0,0,20,3780
5773.0,9408.56558222199,0.0,0,20,3780
5774.0,9408.56558222199,0.0,0,20,3780
5775.0,9408.56558222199,0.0,0,20,3780
5776.0,9408.56558222199,0.0,0,20,3780
5777.0,9408.56558222199,0.0,0,20,3780
5778.0,9408.56558222199,0.0,0,20,3780
5779.0,9408.56558222199,0.0,0,20,3780
5780.0,9408.56558222199,0.0,0,20,3780
5781.0,9408.56558222199,0.0,0,20,3780
5782.0,9408.56558222199,0.0,0,20,3780
5783.0,9408.56558222199,0.0,0,20,3780
5784.0,9408.56558222199,0.0,0,20,3780
5785.0,9408.56558222199,0.0,0,20,3780
5786.0,9408.56558222199,0.0,0,20,3780
5787.0,9408.56558222199,0.0,0,20,3780
5788.0,9408.56558222199,0.0,0,20,3780
5789.0,9408.56558222199,0.0,0,20,3780
5790.0,9408.56558222199,0.0,0,20,3780
5791.0,9408.56558222199,0.0,0,20,3780
5792.0,9408.56558222199,0.0,0,20,3780
5793.0,9408.56558222199,0.0,0,20,3780
5794.0,9408.56558222199,0.0,0,20,3780
5795.0,9408.56558222199,0.0,0,20,3780
5796.0,9408.56558222199,0.0,0,20,3780
5797.0,9408.56558222199,0.0,0,20,3780
5798.0,9408.56558222199,0.0,0,20,3780
5799.0,9408.56558222199,0.0,0,20,3780
5800.0,9408.56558222199,0.0,0,20,3780
5801.0,9408.56558222199,0.0,0,20,3780
5802.0,9408.56558222199,0.0,0,20,3780
5803.0,9408.56558222199,0.0,0,20,3780
5804.0,9408.56558222199,0.0,0,20,3780
5805.0,9408.56558222199,0.0,0,20,3780
5806.0,9408.56558222199,0.0,0,20,3780
5807.0,9408.56558222199,0.0,0,20,3780
5808.0,9408.56558222199,0.0,0,20,3780
5809.0,9408.56558222199,0.0,0,20,3780
5810.0,9408.56558222199,0.0,0,20,3780
5811.0,9408.56558222199,0.0,0,20,3780
5812.0,9408.56558222199,0.0,0,20,3780
5813.0,9408.56558222199,0.0,0,20,3780
5814.0,9408.56558222199,0.0,0,20,3780
5815.0,9408.56558222199,0.0,0,20,3780
5816.0,9408.56558222199,0.0,0,20,3780
5817.0,9408.56558222199,0.0,0,20,3780
5818.0,9408.56558222199,0.0,0,20,3780
5819.0,9408.56558222199,0.0,0,20,3780
5820.0,9408.56558222199,0.0,0,20,3780
5821.0,9408.56558222199,0.0,0,20,3780
5822.0,9408.56558222199,0.0,0,20,3780
5823.0,9408.56558222199,0.0,0,20,3780
5824.0,9408.56558222199,0.0,0,20,3780
5825.0,9408.56558222199,0.0,0,20,3780
5826.0,9408.56558222199,0.0,0,20,3780
5827.0,9408.56558222199,0.0,0,20,3780
5828.0,9408.56558222199,0.0,0,20,3780
5829.0,9408.56558222199,0.0,0,20,3780
5830.0,9408.56558222199,0.0,0,20,3780
5831.0,9408.56558222199,0.0,0,20,3780
5832.0,9408.56558222199,0.0,0,20,3780
5833.0,9408.56558222199,0.0,0,20,3780
5834.0,9408.56558222199,0.0,0,20,3780
5835.0,9408.56558222199,0.0,0,20,3780
5836.0,9408.56558222199,0.0,0,20,3780
5837.0,9408.56558222199,0.0,0,20,3780
5838.0,9408.56558222199,0.0,0,20,3780
5839.0,9408.56558222199,0.0,0,20,3780
5840.0,9408.56558222199,0.0,0,20,3780
5841.0,9408.56558222199,0.0,0,20,3780
5842.0,9408.56558222199,0.0,0,20,3780
5843.0,9408.56558222199,0.0,0,20,3780
5844.0,9408.56558222199,0.0,0,20,3780
5845.0,9408.56558222199,0.0,0,20,3780
5846.0,9408.56558222199,0.0,0,20,3780
5847.0,9408.56558222199,0.0,0,20,3780
5848.0,9408.56558222199,0.0,0,20,3780
5849.0,9408.56558222199,0.0,0,20,3780
5850.0,9408.56558222199,0.0,0,20,3780
5851.0,9408.56558222199,0.0,0,20,3780
5852.0,9408.56558222199,0.0,0,20,3780
5853.0,9408.56558222199,0.0,0,20,3780
5854.0,9408.56558222199,0.0,0,20,3780
5855.0,9408.56558222199,0.0,0,20,3780
5856.0,9408.56558222199,0.0,0,20,3780
5857.0,9408.56558222199,0.0,0,20,3780
5858.0,9408.56558222199,0.0,0,20,3780
5859.0,9408.56558222199,0.0,0,20,3780
5860.0,9408.56558222199,0.0,0,20,3780
5861.0,9408.56558222199,0.0,0,20,3780
5862.0,9408.56558222199,0.0,0,20,3780
5863.0,9408.56558222199,0.0,0,20,3780
5864.0,9408.56558222199,0.0,0,20,3780
5865.0,9408.56558222199,0.0,0,20,3780
5866.0,9408.56558222199,0.0,0,20,3780
5867.0,9408.56558222199,0.0,0,20,3780
5868.0,9408.56558222199,0.0,0,20,3780
5869.0,9408.56558222199,0.0,0,20,3780
5870.0,9408.56558222199,0.0,0,20,3780
5871.0,9408.56558222199,0.0,0,20,3780
5872.0,9408.56558222199,0.0,0,20,3780
5873.0,9408.56558222199,0.0,0,20,3780
5874.0,9408.56558222199,0.0,0,20,3780
5875.0,9408.56558222199,0.0,0,20,3780
5876.0,9408.56558222199,0.0,0,20,3780
5877.0,9408.56558222199,0.0,0,20,3780
5878.0,9408.56558222199,0.0,0,20,3780
5879.0,9408.56558222199,0.0,0,20,3780
5880.0,9408.56558222199,0.0,0,20,3780
5881.0,9408.56558222199,0.0,0,20,3780
5882.0,9408.56558222199,0.0,0,20,3780
5883.0,9408.56558222199,0.0,0,20,3780
5884.0,9408.56558222199,0.0,0,20,3780
5885.0,9408.56558222199,0.0,0,20,3780
5886.0,9408.56558222199,0.0,0,20,3780
5887.0,9408.56558222199,0.0,0,20,3780
5888.0,9408.56558222199,0.0,0,20,3780
5889.0,9408.56558222199,0.0,0,20,3780
5890.0,9408.56558222199,0.0,0,20,3780
5891.0,9408.56558222199,0.0,0,20,3780
5892.0,9408.56558222199,0.0,0,20,3780
5893.0,9408.56558222199,0.0,0,20,3780
5894.0,9408.56558222199,0.0,0,20,3780
5895.0,9408.56558222199,0.0,0,20,3780
5896.0,9408.56558222199,0.0,0,20,3780
5897.0,9408.56558222199,0.0,0,20,3780
5898.0,9408.56558222199,0.0,0,20,3780
5899.0,9408.56558222199,0.0,0,20,3780
5900.0,9408.56558222199,0.0,0,20,3780
5901.0,9408.56558222199,0.0,0,20,3780
5902.0,9408.56558222199,0.0,0,20,3780
5903.0,9408.56558222199,0.0,0,20,3780
5904.0,9408.56558222199,0.0,0,20,3780
5905.0,9408.56558222199,0.0,0,20,3780
5906.0,9408.56558222199,0.0,0,20,3780
5907.0,9408.56558222199,0.0,0,20,3780
5908.0,9408.56558222199,0.0,0,20,3780
5909.0,9408.56558222199,0.0,0,20,3780
5910.0,9408.56558222199,0.0,0,20,3780
5911.0,9408.56558222199,0.0,0,20,3780
5912.0,9408.56558222199,0.0,0,20,3780
5913.0,9408.56558222199,0.0,0,20,3780
5914.0,9408.56558222199,0.0,0,20,3780
5915.0,9408.56558222199,0.0,0,20,3780
5916.0,9408.56558222199,0.0,0,20,3780
5917.0,9408.56558222199,0.0,0,20,3780
5918.0,9408.56558222199,0.0,0,20,3780
5919.0,9408.56558222199,0.0,0,20,3780
5920.0,9408.56558222199,0.0,0,20,3780
5921.0,9408.56558222199,0.0,0,20,3780
5922.0,9408.56558222199,0.0,0,20,3780
5923.0,9408.56558222199,0.0,0,20,3780
5924.0,9408.56558222199,0.0,0,20,3780
5925.0,9408.56558222199,0.0,0,20,3780
5926.0,9408.56558222199,0.0,0,20,3780
5927.0,9408.56558222199,0.0,0,20,3780
5928.0,9408.56558222199,0.0,0,20,3780
5929.0,9408.56558222199,0.0,0,20,3780
5930.0,9408.56558222199,0.0,0,20,3780
5931.0,9408.56558222199,0.0,0,20,3780
5932.0,9408.56558222199,0.0,0,20,3780
5933.0,9408.56558222199,0.0,0,20,3780
5934.0,9408.56558222199,0.0,0,20,3780
5935.0,9408.56558222199,0.0,0,20,3780
5936.0,9408.56558222199,0.0,0,20,3780
5937.0,9408.56558222199,0.0,0,20,3780
5938.0,9408.56558222199,0.0,0,20,3780
5939.0,9408.56558222199,0.0,0,20,3780
5940.0,9408.56558222199,0.0,0,20,3780
5941.0,9408.56558222199,0.0,0,20,3780
5942.0,9408.56558222199,0.0,0,20,3780
5943.0,9408.56558222199,0.0,0,20,3780
5944.0,9408.56558222199,0.0,0,20,3780
5945.0,9408.56558222199,0.0,0,20,3780
5946.0,9408.56558222199,0.0,0,20,3780
5947.0,9408.56558222199,0.0,0,20,3780
5948.0,9408.56558222199,0.0,0,20,3780
5949.0,9408.56558222199,0.0,0,20,3780
5950.0,9408.56558222199,0.0,0,20,3780
5951.0,9408.56558222199,0.0,0,20,3780
5952.0,9408.56558222199,0.0,0,20,3780
5953.0,9408.56558222199,0.0,0,20,3780
5954.0,9408.56558222199,0.0,0,20,3780
5955.0,9408.56558222199,0.0,0,20,3780
5956.0,9408.56558222199,0.0,0,20,3780
5957.0,9408.56558222199,0.0,0,20,3780
5958.0,9408.56558222199,0.0,0,20,3780
5959.0,9408.56558222199,0.0,0,20,3780
5960.0,9408.56558222199,0.0,0,20,3780
5961.0,9408.56558222199,0.0,0,20,3780
5962.0,9408.56558222199,0.0,0,20,3780
5963.0,9408.56558222199,0.0,0,20,3780
5964.0,9408.56558222199,0.0,0,20,3780
5965.0,9408.56558222199,0.0,0,20,3780
5966.0,9408.56558222199,0.0,0,20,3780
5967.0,9408.56558222199,0.0,0,20,3780
5968.0,9408.56558222199,0.0,0,20,3780
5969.0,9408.56558222199,0.0,0,20,3780
5970.0,9408.56558222199,0.0,0,20,3780
5971.0,9408.56558222199,0.0,0,20,3780
5972.0,9408.56558222199,0.0,0,20,3780
5973.0,9408.56558222199,0.0,0,20,3780
5974.0,9408.56558222199,0.0,0,20,3780
5975.0,9408.56558222199,0.0,0,20,3780
5976.0,9408.56558222199,0.0,0,20,3780
5977.0,9408.56558222199,0.0,0,20,3780
5978.0,9408.56558222199,0.0,0,20,3780
5979.0,9408.56558222199,0.0,0,20,3780
5980.0,9408.56558222199,0.0,0,20,3780
5981.0,9408.56558222199,0.0,0,20,3780
5982.0,9408.56558222199,0.0,0,20,3780
5983.0,9408.56558222199,0.0,0,20,3780
5984.0,9408.56558222199,0.0,0,20,3780
5985.0,9408.56558222199,0.0,0,20,3780
5986.0,9408.56558222199,0.0,0,20,3780
5987.0,9408.56558222199,0.0,0,20,3780
5988.0,9408.56558222199,0.0,0,20,3780
5989.0,9408.56558222199,0.0,0,20,3780
5990.0,9408.56558222199,0.0,0,20,3780
5991.0,9408.56558222199,0.0,0,20,3780
5992.0,9408.56558222199,0.0,0,20,3780
5993.0,9408.56558222199,0.0,0,20,3780
5994.0,9408.56558222199,0.0,0,20,3780
5995.0,9408.56558222199,0.0,0,20,3780
5996.0,9408.56558222199,0.0,0,20,3780
5997.0,9408.56558222199,0.0,0,20,3780
5998.0,9408.56558222199,0.0,0,20,3780
5999.0,9408.56558222199,0.0,0,20,3780
6000.0,9408.56558222199,0.0,0,20,3780
6001.0,9408.56558222199,0.0,0,20,3780
6002.0,9408.56558222199,0.0,0,20,3780
6003.0,9408.56558222199,0.0,0,20,3780
6004.0,9408.56558222199,0.0,0,20,3780
6005.0,9408.56558222199,0.0,0,20,3780
6006.0,9408.56558222199,0.0,0,20,3780
6007.0,9408.56558222199,0.0,0,20,3780
6008.0,9408.56558222199,0.0,0,20,3780
6009.0,9408.56558222199,0.0,0,20,3780
6010.0,9408.56558222199,0.0,0,20,3780
6011.0,9408.56558222199,0.0,0,20,3780
6012.0,9408.56558222199,0.0,0,20,3780
6013.0,9408.56558222199,0.0,0,20,3780
6014.0,9408.56558222199,0.0,0,20,3780
6015.0,9408.56558222199,0.0,0,20,3780
6016.0,9408.56558222199,0.0,0,20,3780
6017.0,9408.56558222199,0.0,0,20,3780
6018.0,9408.56558222199,0.0,0,20,3780
6019.0,9408.56558222199,0.0,0,20,3780
6020.0,9408.56558222199,0.0,0,20,3780
6021.0,9408.56558222199,0.0,0,20,3780
6022.0,9408.56558222199,0.0,0,20,3780
6023.0,9408.56558222199,0.0,0,20,3780
6024.0,9408.56558222199,0.0,0,20,3780
6025.0,9408.56558222199,0.0,0,20,3780
6026.0,9408.56558222199,0.0,0,20,3780
6027.0,9408.56558222199,0.0,0,20,3780
6028.0,9408.56558222199,0.0,0,20,3780
6029.0,9408.56558222199,0.0,0,20,3780
6030.0,9408.56558222199,0.0,0,20,3780
6031.0,9408.56558222199,0.0,0,20,3780
6032.0,9408.56558222199,0.0,0,20,3780
6033.0,9408.56558222199,0.0,0,20,3780
6034.0,9408.56558222199,0.0,0,20,3780
6035.0,9408.56558222199,0.0,0,20,3780
6036.0,9408.56558222199,0.0,0,20,3780
6037.0,9408.56558222199,0.0,0,20,3780
6038.0,9408.56558222199,0.0,0,20,3780
6039.0,9408.56558222199,0.0,0,20,3780
6040.0,9408.56558222199,0.0,0,20,3780
6041.0,9408.56558222199,0.0,0,20,3780
6042.0,9408.56558222199,0.0,0,20,3780
6043.0,9408.56558222199,0.0,0,20,3780
6044.0,9408.56558222199,0.0,0,20,3780
6045.0,9408.56558222199,0.0,0,20,3780
6046.0,9408.56558222199,0.0,0,20,3780
6047.0,9408.56558222199,0.0,0,20,3780
6048.0,9408.56558222199,0.0,0,20,3780
6049.0,9408.56558222199,0.0,0,20,3780
6050.0,9408.56558222199,0.0,0,20,3780
6051.0,9408.56558222199,0.0,0,20,3780
6052.0,9408.56558222199,0.0,0,20,3780
6053.0,9408.56558222199,0.0,0,20,3780
6054.0,9408.56558222199,0.0,0,20,3780
6055.0,9408.56558222199,0.0,0,20,3780
6056.0,9408.56558222199,0.0,0,20,3780
6057.0,9408.56558222199,0.0,0,20,3780
6058.0,9408.56558222199,0.0,0,20,3780
6059.0,9408.56558222199,0.0,0,20,3780
6060.0,9408.56558222199,0.0,0,20,3780
6061.0,9408.56558222199,0.0,0,20,3780
6062.0,9408.56558222199,0.0,0,20,3780
6063.0,9408.56558222199,0.0,0,20,3780
6064.0,9408.56558222199,0.0,0,20,3780
6065.0,9408.56558222199,0.0,0,20,3780
6066.0,9408.56558222199,0.0,0,20,3780
6067.0,9408.56558222199,0.0,0,20,3780
6068.0,9408.56558222199,0.0,0,20,3780
6069.0,9408.56558222199,0.0,0,20,3780
6070.0,9408.56558222199,0.0,0,20,3780
6071.0,9408.56558222199,0.0,0,20,3780
6072.0,9408.56558222199,0.0,0,20,3780
6073.0,9408.56558222199,0.0,0,20,3780
6074.0,9408.56558222199,0.0,0,20,3780
6075.0,9408.56558222199,0.0,0,20,3780
6076.0,9408.56558222199,0.0,0,20,3780
6077.0,9408.56558222199,0.0,0,20,3780
6078.0,9408.56558222199,0.0,0,20,3780
6079.0,9408.56558222199,0.0,0,20,3780
6080.0,9408.56558222199,0.0,0,20,3780
6081.0,9408.56558222199,0.0,0,20,3780
6082.0,9408.56558222199,0.0,0,20,3780
6083.0,9408.56558222199,0.0,0,20,3780
6084.0,9408.56558222199,0.0,0,20,3780
6085.0,9408.56558222199,0.0,0,20,3780
6086.0,9408.56558222199,0.0,0,20,3780
6087.0,9408.56558222199,0.0,0,20,3780
6088.0,9408.56558222199,0.0,0,20,3780
6089.0,9408.56558222199,0.0,0,20,3780
6090.0,9408.56558222199,0.0,0,20,3780
6091.0,9408.56558222199,0.0,0,20,3780
6092.0,9408.56558222199,0.0,0,20,3780
6093.0,9408.56558222199,0.0,0,20,3780
6094.0,9408.56558222199,0.0,0,20,3780
6095.0,9408.56558222199,0.0,0,20,3780
6096.0,9408.56558222199,0.0,0,20,3780
6097.0,9408.56558222199,0.0,0,20,3780
6098.0,9408.56558222199,0.0,0,20,3780
6099.0,9408.56558222199,0.0,0,20,3780
6100.0,9408.56558222199,0.0,0,20,3780
6101.0,9408.56558222199,0.0,0,20,3780
6102.0,9408.56558222199,0.0,0,20,3780
6103.0,9408.56558222199,0.0,0,20,3780
6104.0,9408.56558222199,0.0,0,20,3780
6105.0,9408.56558222199,0.0,0,20,3780
6106.0,9408.56558222199,0.0,0,20,3780
6107.0,9408.56558222199,0.0,0,20,3780
6108.0,9408.56558222199,0.0,0,20,3780
6109.0,9408.56558222199,0.0,0,20,3780
6110.0,9408.56558222199,0.0,0,20,3780
6111.0,9408.56558222199,0.0,0,20,3780
6112.0,9408.56558222199,0.0,0,20,3780
6113.0,9408.56558222199,0.0,0,20,3780
6114.0,9408.56558222199,0.0,0,20,3780
6115.0,9408.56558222199,0.0,0,20,3780
6116.0,9408.56558222199,0.0,0,20,3780
6117.0,9408.56558222199,0.0,0,20,3780
6118.0,9408.56558222199,0.0,0,20,3780
6119.0,9408.56558222199,0.0,0,20,3780
6120.0,9408.56558222199,0.0,0,20,3780
6121.0,9408.56558222199,0.0,0,20,3780
6122.0,9408.56558222199,0.0,0,20,3780
6123.0,9408.56558222199,0.0,0,20,3780
6124.0,9408.56558222199,0.0,0,20,3780
6125.0,9408.56558222199,0.0,0,20,3780
6126.0,9408.56558222199,0.0,0,20,3780
6127.0,9408.56558222199,0.0,0,20,3780
6128.0,9408.56558222199,0.0,0,20,3780
6129.0,9408.56558222199,0.0,0,20,3780
6130.0,9408.56558222199,0.0,0,20,3780
6131.0,9408.56558222199,0.0,0,20,3780
6132.0,9408.56558222199,0.0,0,20,3780
6133.0,9408.56558222199,0.0,0,20,3780
6134.0,9408.56558222199,0.0,0,20,3780
6135.0,9408.56558222199,0.0,0,20,3780
6136.0,9408.56558222199,0.0,0,20,3780
6137.0,9408.56558222199,0.0,0,20,3780
6138.0,9408.56558222199,0.0,0,20,3780
6139.0,9408.56558222199,0.0,0,20,3780
6140.0,9408.56558222199,0.0,0,20,3780
6141.0,9408.56558222199,0.0,0,20,3780
6142.0,9408.56558222199,0.0,0,20,3780
6143.0,9408.56558222199,0.0,0,20,3780
6144.0,9408.56558222199,0.0,0,20,3780
6145.0,9408.56558222199,0.0,0,20,3780
6146.0,9408.56558222199,0.0,0,20,3780
6147.0,9408.56558222199,0.0,0,20,3780
6148.0,9408.56558222199,0.0,0,20,3780
6149.0,9408.56558222199,0.0,0,20,3780
6150.0,9408.56558222199,0.0,0,20,3780
6151.0,9408.56558222199,0.0,0,20,3780
6152.0,9408.56558222199,0.0,0,20,3780
6153.0,9408.56558222199,0.0,0,20,3780
6154.0,9408.56558222199,0.0,0,20,3780
6155.0,9408.56558222199,0.0,0,20,3780
6156.0,9408.56558222199,0.0,0,20,3780
6157.0,9408.56558222199,0.0,0,20,3780
6158.0,9408.56558222199,0.0,0,20,3780
6159.0,9408.56558222199,0.0,0,20,3780
6160.0,9408.56558222199,0.0,0,20,3780
6161.0,9408.56558222199,0.0,0,20,3780
6162.0,9408.56558222199,0.0,0,20,3780
6163.0,9408.56558222199,0.0,0,20,3780
6164.0,9408.56558222199,0.0,0,20,3780
6165.0,9408.56558222199,0.0,0,20,3780
6166.0,9408.56558222199,0.0,0,20,3780
6167.0,9408.56558222199,0.0,0,20,3780
6168.0,9408.56558222199,0.0,0,20,3780
6169.0,9408.56558222199,0.0,0,20,3780
6170.0,9408.56558222199,0.0,0,20,3780
6171.0,9408.56558222199,0.0,0,20,3780
6172.0,9408.56558222199,0.0,0,20,3780
6173.0,9408.56558222199,0.0,0,20,3780
6174.0,9408.56558222199,0.0,0,20,3780
6175.0,9408.56558222199,0.0,0,20,3780
6176.0,9408.56558222199,0.0,0,20,3780
6177.0,9408.56558222199,0.0,0,20,3780
6178.0,9408.56558222199,0.0,0,20,3780
6179.0,9408.56558222199,0.0,0,20,3780
6180.0,9408.56558222199,0.0,0,20,3780
6181.0,9408.56558222199,0.0,0,20,3780
6182.0,9408.56558222199,0.0,0,20,3780
6183.0,9408.56558222199,0.0,0,20,3780
6184.0,9408.56558222199,0.0,0,20,3780
6185.0,9408.56558222199,0.0,0,20,3780
6186.0,9408.56558222199,0.0,0,20,3780
6187.0,9408.56558222199,0.0,0,20,3780
6188.0,9408.56558222199,0.0,0,20,3780
6189.0,9408.56558222199,0.0,0,20,3780
6190.0,9408.56558222199,0.0,0,20,3780
6191.0,9408.56558222199,0.0,0,20,3780
6192.0,9408.56558222199,0.0,0,20,3780
6193.0,9408.56558222199,0.0,0,20,3780
6194.0,9408.56558222199,0.0,0,20,3780
6195.0,9408.56558222199,0.0,0,20,3780
6196.0,9408.56558222199,0.0,0,20,3780
6197.0,9408.56558222199,0.0,0,20,3780
6198.0,9408.56558222199,0.0,0,20,3780
6199.0,9408.56558222199,0.0,0,20,3780
6200.0,9408.56558222199,0.0,0,20,3780
6201.0,9408.56558222199,0.0,0,20,3780
6202.0,9408.56558222199,0.0,0,20,3780
6203.0,9408.56558222199,0.0,0,20,3780
6204.0,9408.56558222199,0.0,0,20,3780
6205.0,9408.56558222199,0.0,0,20,3780
6206.0,9408.56558222199,0.0,0,20,3780
6207.0,9408.56558222199,0.0,0,20,3780
6208.0,9408.56558222199,0.0,0,20,3780
6209.0,9408.56558222199,0.0,0,20,3780
6210.0,9408.56558222199,0.0,0,20,3780
6211.0,9408.56558222199,0.0,0,20,3780
6212.0,9408.56558222199,0.0,0,20,3780
6213.0,9408.56558222199,0.0,0,20,3780
6214.0,9408.56558222199,0.0,0,20,3780
6215.0,9408.56558222199,0.0,0,20,3780
6216.0,9408.56558222199,0.0,0,20,3780
6217.0,9408.56558222199,0.0,0,20,3780
6218.0,9408.56558222199,0.0,0,20,3780
6219.0,9408.56558222199,0.0,0,20,3780
6220.0,9408.56558222199,0.0,0,20,3780
6221.0,9408.56558222199,0.0,0,20,3780
6222.0,9408.56558222199,0.0,0,20,3780
6223.0,9408.56558222199,0.0,0,20,3780
6224.0,9408.56558222199,0.0,0,20,3780
6225.0,9408.56558222199,0.0,0,20,3780
6226.0,9408.56558222199,0.0,0,20,3780
6227.0,9408.56558222199,0.0,0,20,3780
6228.0,9408.56558222199,0.0,0,20,3780
6229.0,9408.56558222199,0.0,0,20,3780
6230.0,9408.56558222199,0.0,0,20,3780
6231.0,9408.56558222199,0.0,0,20,3780
6232.0,9408.56558222199,0.0,0,20,3780
6233.0,9408.56558222199,0.0,0,20,3780
6234.0,9408.56558222199,0.0,0,20,3780
6235.0,9408.56558222199,0.0,0,20,3780
6236.0,9408.56558222199,0.0,0,20,3780
6237.0,9408.56558222199,0.0,0,20,3780
6238.0,9408.56558222199,0.0,0,20,3780
6239.0,9408.56558222199,0.0,0,20,3780
6240.0,9408.56558222199,0.0,0,20,3780
6241.0,9408.56558222199,0.0,0,20,3780
6242.0,9408.56558222199,0.0,0,20,3780
6243.0,9408.56558222199,0.0,0,20,3780
6244.0,9408.56558222199,0.0,0,20,3780
6245.0,9408.56558222199,0.0,0,20,3780
6246.0,9408.56558222199,0.0,0,20,3780
6247.0,9408.56558222199,0.0,0,20,3780
6248.0,9408.56558222199,0.0,0,20,3780
6249.0,9408.56558222199,0.0,0,20,3780
6250.0,9408.56558222199,0.0,0,20,3780
6251.0,9408.56558222199,0.0,0,20,3780
6252.0,9408.56558222199,0.0,0,20,3780
6253.0,9408.56558222199,0.0,0,20,3780
6254.0,9408.56558222199,0.0,0,20,3780
6255.0,9408.56558222199,0.0,0,20,3780
6256.0,9408.56558222199,0.0,0,20,3780
6257.0,9408.56558222199,0.0,0,20,3780
6258.0,9408.56558222199,0.0,0,20,3780
6259.0,9408.56558222199,0.0,0,20,3780
6260.0,9408.56558222199,0.0,0,20,3780
6261.0,9408.56558222199,0.0,0,20,3780
6262.0,9408.56558222199,0.0,0,20,3780
6263.0,9408.56558222199,0.0,0,20,3780
6264.0,9408.56558222199,0.0,0,20,3780
6265.0,9408.56558222199,0.0,0,20,3780
6266.0,9408.56558222199,0.0,0,20,3780
6267.0,9408.56558222199,0.0,0,20,3780
6268.0,9408.56558222199,0.0,0,20,3780
6269.0,9408.56558222199,0.0,0,20,3780
6270.0,9408.56558222199,0.0,0,20,3780
6271.0,9408.56558222199,0.0,0,20,3780
6272.0,9408.56558222199,0.0,0,20,3780
6273.0,9408.56558222199,0.0,0,20,3780
6274.0,9408.56558222199,0.0,0,20,3780
6275.0,9408.56558222199,0.0,0,20,3780
6276.0,9408.56558222199,0.0,0,20,3780
6277.0,9408.56558222199,0.0,0,20,3780
6278.0,9408.56558222199,0.0,0,20,3780
6279.0,9408.56558222199,0.0,0,20,3780
6280.0,9408.56558222199,0.0,0,20,3780
6281.0,9408.56558222199,0.0,0,20,3780
6282.0,9408.56558222199,0.0,0,20,3780
6283.0,9408.56558222199,0.0,0,20,3780
6284.0,9408.56558222199,0.0,0,20,3780
6285.0,9408.56558222199,0.0,0,20,3780
6286.0,9408.56558222199,0.0,0,20,3780
6287.0,9408.56558222199,0.0,0,20,3780
6288.0,9408.56558222199,0.0,0,20,3780
6289.0,9408.56558222199,0.0,0,20,3780
6290.0,9408.56558222199,0.0,0,20,3780
6291.0,9408.56558222199,0.0,0,20,3780
6292.0,9408.56558222199,0.0,0,20,3780
6293.0,9408.56558222199,0.0,0,20,3780
6294.0,9408.56558222199,0.0,0,20,3780
6295.0,9408.56558222199,0.0,0,20,3780
6296.0,9408.56558222199,0.0,0,20,3780
6297.0,9408.56558222199,0.0,0,20,3780
6298.0,9408.56558222199,0.0,0,20,3780
6299.0,9408.56558222199,0.0,0,20,3780
6300.0,9408.56558222199,0.0,0,20,3780
6301.0,9408.56558222199,0.0,0,20,3780
6302.0,9408.56558222199,0.0,0,20,3780
6303.0,9408.56558222199,0.0,0,20,3780
6304.0,9408.56558222199,0.0,0,20,3780
6305.0,9408.56558222199,0.0,0,20,3780
6306.0,9408.56558222199,0.0,0,20,3780
6307.0,9408.56558222199,0.0,0,20,3780
6308.0,9408.56558222199,0.0,0,20,3780
6309.0,9408.56558222199,0.0,0,20,3780
6310.0,9408.56558222199,0.0,0,20,3780
6311.0,9408.56558222199,0.0,0,20,3780
6312.0,9408.56558222199,0.0,0,20,3780
6313.0,9408.56558222199,0.0,0,20,3780
6314.0,9408.56558222199,0.0,0,20,3780
6315.0,9408.56558222199,0.0,0,20,3780
6316.0,9408.56558222199,0.0,0,20,3780
6317.0,9408.56558222199,0.0,0,20,3780
6318.0,9408.56558222199,0.0,0,20,3780
6319.0,9408.56558222199,0.0,0,20,3780
6320.0,9408.56558222199,0.0,0,20,3780
6321.0,9408.56558222199,0.0,0,20,3780
6322.0,9408.56558222199,0.0,0,20,3780
6323.0,9408.56558222199,0.0,0,20,3780
6324.0,9408.56558222199,0.0,0,20,3780
6325.0,9408.56558222199,0.0,0,20,3780
6326.0,9408.56558222199,0.0,0,20,3780
6327.0,9408.56558222199,0.0,0,20,3780
6328.0,9408.56558222199,0.0,0,20,3780
6329.0,9408.56558222199,0.0,0,20,3780
6330.0,9408.56558222199,0.0,0,20,3780
6331.0,9408.56558222199,0.0,0,20,3780
6332.0,9408.56558222199,0.0,0,20,3780
6333.0,9408.56558222199,0.0,0,20,3780
6334.0,9408.56558222199,0.0,0,20,3780
6335.0,9408.56558222199,0.0,0,20,3780
6336.0,9408.56558222199,0.0,0,20,3780
6337.0,9408.56558222199,0.0,0,20,3780
6338.0,9408.56558222199,0.0,0,20,3780
6339.0,9408.56558222199,0.0,0,20,3780
6340.0,9408.56558222199,0.0,0,20,3780
6341.0,9408.56558222199,0.0,0,20,3780
6342.0,9408.56558222199,0.0,0,20,3780
6343.0,9408.56558222199,0.0,0,20,3780
6344.0,9408.56558222199,0.0,0,20,3780
6345.0,9408.56558222199,0.0,0,20,3780
6346.0,9408.56558222199,0.0,0,20,3780
6347.0,9408.56558222199,0.0,0,20,3780
6348.0,9408.56558222199,0.0,0,20,3780
6349.0,9408.56558222199,0.0,0,20,3780
6350.0,9408.56558222199,0.0,0,20,3780
6351.0,9408.56558222199,0.0,0,20,3780
6352.0,9408.56558222199,0.0,0,20,3780
6353.0,9408.56558222199,0.0,0,20,3780
6354.0,9408.56558222199,0.0,0,20,3780
6355.0,9408.56558222199,0.0,0,20,3780
6356.0,9408.56558222199,0.0,0,20,3780
6357.0,9408.56558222199,0.0,0,20,3780
6358.0,9408.56558222199,0.0,0,20,3780
6359.0,9408.56558222199,0.0,0,20,3780
6360.0,9408.56558222199,0.0,0,20,3780
6361.0,9408.56558222199,0.0,0,20,3780
6362.0,9408.56558222199,0.0,0,20,3780
6363.0,9408.56558222199,0.0,0,20,3780
6364.0,9408.56558222199,0.0,0,20,3780
6365.0,9408.56558222199,0.0,0,20,3780
6366.0,9408.56558222199,0.0,0,20,3780
6367.0,9408.56558222199,0.0,0,20,3780
6368.0,9408.56558222199,0.0,0,20,3780
6369.0,9408.56558222199,0.0,0,20,3780
6370.0,9408.56558222199,0.0,0,20,3780
6371.0,9408.56558222199,0.0,0,20,3780
6372.0,9408.56558222199,0.0,0,20,3780
6373.0,9408.56558222199,0.0,0,20,3780
6374.0,9408.56558222199,0.0,0,20,3780
6375.0,9408.56558222199,0.0,0,20,3780
6376.0,9408.56558222199,0.0,0,20,3780
6377.0,9408.56558222199,0.0,0,20,3780
6378.0,9408.56558222199,0.0,0,20,3780
6379.0,9408.56558222199,0.0,0,20,3780
6380.0,9408.56558222199,0.0,0,20,3780
6381.0,9408.56558222199,0.0,0,20,3780
6382.0,9408.56558222199,0.0,0,20,3780
6383.0,9408.56558222199,0.0,0,20,3780
6384.0,9408.56558222199,0.0,0,20,3780
6385.0,9408.56558222199,0.0,0,20,3780
6386.0,9408.56558222199,0.0,0,20,3780
6387.0,9408.56558222199,0.0,0,20,3780
6388.0,9408.56558222199,0.0,0,20,3780
6389.0,9408.56558222199,0.0,0,20,3780
6390.0,9408.56558222199,0.0,0,20,3780
6391.0,9408.56558222199,0.0,0,20,3780
6392.0,9408.56558222199,0.0,0,20,3780
6393.0,9408.56558222199,0.0,0,20,3780
6394.0,9408.56558222199,0.0,0,20,3780
6395.0,9408.56558222199,0.0,0,20,3780
6396.0,9408.56558222199,0.0,0,20,3780
6397.0,9408.56558222199,0.0,0,20,3780
6398.0,9408.56558222199,0.0,0,20,3780
6399.0,9408.56558222199,0.0,0,20,3780
6400.0,9408.56558222199,0.0,0,20,3780
6401.0,9408.56558222199,0.0,0,20,3780
6402.0,9408.56558222199,0.0,0,20,3780
6403.0,9408.56558222199,0.0,0,20,3780
6404.0,9408.56558222199,0.0,0,20,3780
6405.0,9408.56558222199,0.0,0,20,3780
6406.0,9408.56558222199,0.0,0,20,3780
6407.0,9408.56558222199,0.0,0,20,3780
6408.0,9408.56558222199,0.0,0,20,3780
6409.0,9408.56558222199,0.0,0,20,3780
6410.0,9408.56558222199,0.0,0,20,3780
6411.0,9408.56558222199,0.0,0,20,3780
6412.0,9408.56558222199,0.0,0,20,3780
6413.0,9408.56558222199,0.0,0,20,3780
6414.0,9408.56558222199,0.0,0,20,3780
6415.0,9408.56558222199,0.0,0,20,3780
6416.0,9408.56558222199,0.0,0,20,3780
6417.0,9408.56558222199,0.0,0,20,3780
6418.0,9408.56558222199,0.0,0,20,3780
6419.0,9408.56558222199,0.0,0,20,3780
6420.0,9408.56558222199,0.0,0,20,3780
6421.0,9408.56558222199,0.0,0,20,3780
6422.0,9408.56558222199,0.0,0,20,3780
6423.0,9408.56558222199,0.0,0,20,3780
6424.0,9408.56558222199,0.0,0,20,3780
6425.0,9408.56558222199,0.0,0,20,3780
6426.0,9408.56558222199,0.0,0,20,3780
6427.0,9408.56558222199,0.0,0,20,3780
6428.0,9408.56558222199,0.0,0,20,3780
6429.0,9408.56558222199,0.0,0,20,3780
6430.0,9408.56558222199,0.0,0,20,3780
6431.0,9408.56558222199,0.0,0,20,3780
6432.0,9408.56558222199,0.0,0,20,3780
6433.0,9408.56558222199,0.0,0,20,3780
6434.0,9408.56558222199,0.0,0,20,3780
6435.0,9408.56558222199,0.0,0,20,3780
6436.0,9408.56558222199,0.0,0,20,3780
6437.0,9408.56558222199,0.0,0,20,3780
6438.0,9408.56558222199,0.0,0,20,3780
6439.0,9408.56558222199,0.0,0,20,3780
6440.0,9408.56558222199,0.0,0,20,3780
6441.0,9408.56558222199,0.0,0,20,3780
6442.0,9408.56558222199,0.0,0,20,3780
6443.0,9408.56558222199,0.0,0,20,3780
6444.0,9408.56558222199,0.0,0,20,3780
6445.0,9408.56558222199,0.0,0,20,3780
6446.0,9408.56558222199,0.0,0,20,3780
6447.0,9408.56558222199,0.0,0,20,3780
6448.0,9408.56558222199,0.0,0,20,3780
6449.0,9408.56558222199,0.0,0,20,3780
6450.0,9408.56558222199,0.0,0,20,3780
6451.0,9408.56558222199,0.0,0,20,3780
6452.0,9408.56558222199,0.0,0,20,3780
6453.0,9408.56558222199,0.0,0,20,3780
6454.0,9408.56558222199,0.0,0,20,3780
6455.0,9408.56558222199,0.0,0,20,3780
6456.0,9408.56558222199,0.0,0,20,3780
6457.0,9408.56558222199,0.0,0,20,3780
6458.0,9408.56558222199,0.0,0,20,3780
6459.0,9408.56558222199,0.0,0,20,3780
6460.0,9408.56558222199,0.0,0,20,3780
6461.0,9408.56558222199,0.0,0,20,3780
6462.0,9408.56558222199,0.0,0,20,3780
6463.0,9408.56558222199,0.0,0,20,3780
6464.0,9408.56558222199,0.0,0,20,3780
6465.0,9408.56558222199,0.0,0,20,3780
6466.0,9408.56558222199,0.0,0,20,3780
6467.0,9408.56558222199,0.0,0,20,3780
6468.0,9408.56558222199,0.0,0,20,3780
6469.0,9408.56558222199,0.0,0,20,3780
6470.0,9408.56558222199,0.0,0,20,3780
6471.0,9408.56558222199,0.0,0,20,3780
6472.0,9408.56558222199,0.0,0,20,3780
6473.0,9408.56558222199,0.0,0,20,3780
6474.0,9408.56558222199,0.0,0,20,3780
6475.0,9408.56558222199,0.0,0,20,3780
6476.0,9408.56558222199,0.0,0,20,3780
6477.0,9408.56558222199,0.0,0,20,3780
6478.0,9408.56558222199,0.0,0,20,3780
6479.0,9408.56558222199,0.0,0,20,3780
6480.0,9408.56558222199,0.0,0,20,3780
6481.0,9408.56558222199,0.0,0,20,3780
6482.0,9408.56558222199,0.0,0,20,3780
6483.0,9408.56558222199,0.0,0,20,3780
6484.0,9408.56558222199,0.0,0,20,3780
6485.0,9408.56558222199,0.0,0,20,3780
6486.0,9408.56558222199,0.0,0,20,3780
6487.0,9408.56558222199,0.0,0,20,3780
6488.0,9408.56558222199,0.0,0,20,3780
6489.0,9408.56558222199,0.0,0,20,3780
6490.0,9408.56558222199,0.0,0,20,3780
6491.0,9408.56558222199,0.0,0,20,3780
6492.0,9408.56558222199,0.0,0,20,3780
6493.0,9408.56558222199,0.0,0,20,3780
6494.0,9408.56558222199,0.0,0,20,3780
6495.0,9408.56558222199,0.0,0,20,3780
6496.0,9408.56558222199,0.0,0,20,3780
6497.0,9408.56558222199,0.0,0,20,3780
6498.0,9408.56558222199,0.0,0,20,3780
6499.0,9408.56558222199,0.0,0,20,3780
6500.0,9408.56558222199,0.0,0,20,3780
6501.0,9408.56558222199,0.0,0,20,3780
6502.0,9408.56558222199,0.0,0,20,3780
6503.0,9408.56558222199,0.0,0,20,3780
6504.0,9408.56558222199,0.0,0,20,3780
6505.0,9408.56558222199,0.0,0,20,3780
6506.0,9408.56558222199,0.0,0,20,3780
6507.0,9408.56558222199,0.0,0,20,3780
6508.0,9408.56558222199,0.0,0,20,3780
6509.0,9408.56558222199,0.0,0,20,3780
6510.0,9408.56558222199,0.0,0,20,3780
6511.0,9408.56558222199,0.0,0,20,3780
6512.0,9408.56558222199,0.0,0,20,3780
6513.0,9408.56558222199,0.0,0,20,3780
6514.0,9408.56558222199,0.0,0,20,3780
6515.0,9408.56558222199,0.0,0,20,3780
6516.0,9408.56558222199,0.0,0,20,3780
6517.0,9408.56558222199,0.0,0,20,3780
6518.0,9408.56558222199,0.0,0,20,3780
6519.0,9408.56558222199,0.0,0,20,3780
6520.0,9408.56558222199,0.0,0,20,3780
6521.0,9408.56558222199,0.0,0,20,3780
6522.0,9408.56558222199,0.0,0,20,3780
6523.0,9408.56558222199,0.0,0,20,3780
6524.0,9408.56558222199,0.0,0,20,3780
6525.0,9408.56558222199,0.0,0,20,3780
6526.0,9408.56558222199,0.0,0,20,3780
6527.0,9408.56558222199,0.0,0,20,3780
6528.0,9408.56558222199,0.0,0,20,3780
6529.0,9408.56558222199,0.0,0,20,3780
6530.0,9408.56558222199,0.0,0,20,3780
6531.0,9408.56558222199,0.0,0,20,3780
6532.0,9408.56558222199,0.0,0,20,3780
6533.0,9408.56558222199,0.0,0,20,3780
6534.0,9408.56558222199,0.0,0,20,3780
6535.0,9408.56558222199,0.0,0,20,3780
6536.0,9408.56558222199,0.0,0,20,3780
6537.0,9408.56558222199,0.0,0,20,3780
6538.0,9408.56558222199,0.0,0,20,3780
6539.0,9408.56558222199,0.0,0,20,3780
6540.0,9408.56558222199,0.0,0,20,3780
6541.0,9408.56558222199,0.0,0,20,3780
6542.0,9408.56558222199,0.0,0,20,3780
6543.0,9408.56558222199,0.0,0,20,3780
6544.0,9408.56558222199,0.0,0,20,3780
6545.0,9408.56558222199,0.0,0,20,3780
6546.0,9408.56558222199,0.0,0,20,3780
6547.0,9408.56558222199,0.0,0,20,3780
6548.0,9408.56558222199,0.0,0,20,3780
6549.0,9408.56558222199,0.0,0,20,3780
6550.0,9408.56558222199,0.0,0,20,3780
6551.0,9408.56558222199,0.0,0,20,3780
6552.0,9408.56558222199,0.0,0,20,3780
6553.0,9408.56558222199,0.0,0,20,3780
6554.0,9408.56558222199,0.0,0,20,3780
6555.0,9408.56558222199,0.0,0,20,3780
6556.0,9408.56558222199,0.0,0,20,3780
6557.0,9408.56558222199,0.0,0,20,3780
6558.0,9408.56558222199,0.0,0,20,3780
6559.0,9408.56558222199,0.0,0,20,3780
6560.0,9408.56558222199,0.0,0,20,3780
6561.0,9408.56558222199,0.0,0,20,3780
6562.0,9408.56558222199,0.0,0,20,3780
6563.0,9408.56558222199,0.0,0,20,3780
6564.0,9408.56558222199,0.0,0,20,3780
6565.0,9408.56558222199,0.0,0,20,3780
6566.0,9408.56558222199,0.0,0,20,3780
6567.0,9408.56558222199,0.0,0,20,3780
6568.0,9408.56558222199,0.0,0,20,3780
6569.0,9408.56558222199,0.0,0,20,3780
6570.0,9408.56558222199,0.0,0,20,3780
6571.0,9408.56558222199,0.0,0,20,3780
6572.0,9408.56558222199,0.0,0,20,3780
6573.0,9408.56558222199,0.0,0,20,3780
6574.0,9408.56558222199,0.0,0,20,3780
6575.0,9408.56558222199,0.0,0,20,3780
6576.0,9408.56558222199,0.0,0,20,3780
6577.0,9408.56558222199,0.0,0,20,3780
6578.0,9408.56558222199,0.0,0,20,3780
6579.0,9408.56558222199,0.0,0,20,3780
6580.0,9408.56558222199,0.0,0,20,3780
6581.0,9408.56558222199,0.0,0,20,3780
6582.0,9408.56558222199,0.0,0,20,3780
6583.0,9408.56558222199,0.0,0,20,3780
6584.0,9408.56558222199,0.0,0,20,3780
6585.0,9408.56558222199,0.0,0,20,3780
6586.0,9408.56558222199,0.0,0,20,3780
6587.0,9408.56558222199,0.0,0,20,3780
6588.0,9408.56558222199,0.0,0,20,3780
6589.0,9408.56558222199,0.0,0,20,3780
6590.0,9408.56558222199,0.0,0,20,3780
6591.0,9408.56558222199,0.0,0,20,3780
6592.0,9408.56558222199,0.0,0,20,3780
6593.0,9408.56558222199,0.0,0,20,3780
6594.0,9408.56558222199,0.0,0,20,3780
6595.0,9408.56558222199,0.0,0,20,3780
6596.0,9408.56558222199,0.0,0,20,3780
6597.0,9408.56558222199,0.0,0,20,3780
6598.0,9408.56558222199,0.0,0,20,3780
6599.0,9408.56558222199,0.0,0,20,3780
6600.0,9408.56558222199,0.0,0,20,3780
6601.0,9408.56558222199,0.0,0,20,3780
6602.0,9408.56558222199,0.0,0,20,3780
6603.0,9408.56558222199,0.0,0,20,3780
6604.0,9408.56558222199,0.0,0,20,3780
6605.0,9408.56558222199,0.0,0,20,3780
6606.0,9408.56558222199,0.0,0,20,3780
6607.0,9408.56558222199,0.0,0,20,3780
6608.0,9408.56558222199,0.0,0,20,3780
6609.0,9408.56558222199,0.0,0,20,3780
6610.0,9408.56558222199,0.0,0,20,3780
6611.0,9408.56558222199,0.0,0,20,3780
6612.0,9408.56558222199,0.0,0,20,3780
6613.0,9408.56558222199,0.0,0,20,3780
6614.0,9408.56558222199,0.0,0,20,3780
6615.0,9408.56558222199,0.0,0,20,3780
6616.0,9408.56558222199,0.0,0,20,3780
6617.0,9408.56558222199,0.0,0,20,3780
6618.0,9408.56558222199,0.0,0,20,3780
6619.0,9408.56558222199,0.0,0,20,3780
6620.0,9408.56558222199,0.0,0,20,3780
6621.0,9408.56558222199,0.0,0,20,3780
6622.0,9408.56558222199,0.0,0,20,3780
6623.0,9408.56558222199,0.0,0,20,3780
6624.0,9408.56558222199,0.0,0,20,3780
6625.0,9408.56558222199,0.0,0,20,3780
6626.0,9408.56558222199,0.0,0,20,3780
6627.0,9408.56558222199,0.0,0,20,3780
6628.0,9408.56558222199,0.0,0,20,3780
6629.0,9408.56558222199,0.0,0,20,3780
6630.0,9408.56558222199,0.0,0,20,3780
6631.0,9408.56558222199,0.0,0,20,3780
6632.0,9408.56558222199,0.0,0,20,3780
6633.0,9408.56558222199,0.0,0,20,3780
6634.0,9408.56558222199,0.0,0,20,3780
6635.0,9408.56558222199,0.0,0,20,3780
6636.0,9408.56558222199,0.0,0,20,3780
6637.0,9408.56558222199,0.0,0,20,3780
6638.0,9408.56558222199,0.0,0,20,3780
6639.0,9408.56558222199,0.0,0,20,3780
6640.0,9408.56558222199,0.0,0,20,3780
6641.0,9408.56558222199,0.0,0,20,3780
6642.0,9408.56558222199,0.0,0,20,3780
6643.0,9408.56558222199,0.0,0,20,3780
6644.0,9408.56558222199,0.0,0,20,3780
6645.0,9408.56558222199,0.0,0,20,3780
6646.0,9408.56558222199,0.0,0,20,3780
6647.0,9408.56558222199,0.0,0,20,3780
6648.0,9408.56558222199,0.0,0,20,3780
6649.0,9408.56558222199,0.0,0,20,3780
6650.0,9408.56558222199,0.0,0,20,3780
6651.0,9408.56558222199,0.0,0,20,3780
6652.0,9408.56558222199,0.0,0,20,3780
6653.0,9408.56558222199,0.0,0,20,3780
6654.0,9408.56558222199,0.0,0,20,3780
6655.0,9408.56558222199,0.0,0,20,3780
6656.0,9408.56558222199,0.0,0,20,3780
6657.0,9408.56558222199,0.0,0,20,3780
6658.0,9408.56558222199,0.0,0,20,3780
6659.0,9408.56558222199,0.0,0,20,3780
6660.0,9408.56558222199,0.0,0,20,3780
6661.0,9408.56558222199,0.0,0,20,3780
6662.0,9408.56558222199,0.0,0,20,3780
6663.0,9408.56558222199,0.0,0,20,3780
6664.0,9408.56558222199,0.0,0,20,3780
6665.0,9408.56558222199,0.0,0,20,3780
6666.0,9408.56558222199,0.0,0,20,3780
6667.0,9408.56558222199,0.0,0,20,3780
6668.0,9408.56558222199,0.0,0,20,3780
6669.0,9408.56558222199,0.0,0,20,3780
6670.0,9408.56558222199,0.0,0,20,3780
6671.0,9408.56558222199,0.0,0,20,3780
6672.0,9408.56558222199,0.0,0,20,3780
6673.0,9408.56558222199,0.0,0,20,3780
6674.0,9408.56558222199,0.0,0,20,3780
6675.0,9408.56558222199,0.0,0,20,3780
6676.0,9408.56558222199,0.0,0,20,3780
6677.0,9408.56558222199,0.0,0,20,3780
6678.0,9408.56558222199,0.0,0,20,3780
6679.0,9408.56558222199,0.0,0,20,3780
6680.0,9408.56558222199,0.0,0,20,3780
6681.0,9408.56558222199,0.0,0,20,3780
6682.0,9408.56558222199,0.0,0,20,3780
6683.0,9408.56558222199,0.0,0,20,3780
6684.0,9408.56558222199,0.0,0,20,3780
6685.0,9408.56558222199,0.0,0,20,3780
6686.0,9408.56558222199,0.0,0,20,3780
6687.0,9408.56558222199,0.0,0,20,3780
6688.0,9408.56558222199,0.0,0,20,3780
6689.0,9408.56558222199,0.0,0,20,3780
6690.0,9408.56558222199,0.0,0,20,3780
6691.0,9408.56558222199,0.0,0,20,3780
6692.0,9408.56558222199,0.0,0,20,3780
6693.0,9408.56558222199,0.0,0,20,3780
6694.0,9408.56558222199,0.0,0,20,3780
6695.0,9408.56558222199,0.0,0,20,3780
6696.0,9408.56558222199,0.0,0,20,3780
6697.0,9408.56558222199,0.0,0,20,3780
6698.0,9408.56558222199,0.0,0,20,3780
6699.0,9408.56558222199,0.0,0,20,3780
6700.0,9408.56558222199,0.0,0,20,3780
6701.0,9408.56558222199,0.0,0,20,3780
6702.0,9408.56558222199,0.0,0,20,3780
6703.0,9408.56558222199,0.0,0,20,3780
6704.0,9408.56558222199,0.0,0,20,3780
6705.0,9408.56558222199,0.0,0,20,3780
6706.0,9408.56558222199,0.0,0,20,3780
6707.0,9408.56558222199,0.0,0,20,3780
6708.0,9408.56558222199,0.0,0,20,3780
6709.0,9408.56558222199,0.0,0,20,3780
6710.0,9408.56558222199,0.0,0,20,3780
6711.0,9408.56558222199,0.0,0,20,3780
6712.0,9408.56558222199,0.0,0,20,3780
6713.0,9408.56558222199,0.0,0,20,3780
6714.0,9408.56558222199,0.0,0,20,3780
6715.0,9408.56558222199,0.0,0,20,3780
6716.0,9408.56558222199,0.0,0,20,3780
6717.0,9408.56558222199,0.0,0,20,3780
6718.0,9408.56558222199,0.0,0,20,3780
6719.0,9408.56558222199,0.0,0,20,3780
6720.0,9408.56558222199,0.0,0,20,3780
6721.0,9408.56558222199,0.0,0,20,3780
6722.0,9408.56558222199,0.0,0,20,3780
6723.0,9408.56558222199,0.0,0,20,3780
6724.0,9408.56558222199,0.0,0,20,3780
6725.0,9408.56558222199,0.0,0,20,3780
6726.0,9408.56558222199,0.0,0,20,3780
6727.0,9408.56558222199,0.0,0,20,3780
6728.0,9408.56558222199,0.0,0,20,3780
6729.0,9408.56558222199,0.0,0,20,3780
6730.0,9408.56558222199,0.0,0,20,3780
6731.0,9408.56558222199,0.0,0,20,3780
6732.0,9408.56558222199,0.0,0,20,3780
6733.0,9408.56558222199,0.0,0,20,3780
6734.0,9408.56558222199,0.0,0,20,3780
6735.0,9408.56558222199,0.0,0,20,3780
6736.0,9408.56558222199,0.0,0,20,3780
6737.0,9408.56558222199,0.0,0,20,3780
6738.0,9408.56558222199,0.0,0,20,3780
6739.0,9408.56558222199,0.0,0,20,3780
6740.0,9408.56558222199,0.0,0,20,3780
6741.0,9408.56558222199,0.0,0,20,3780
6742.0,9408.56558222199,0.0,0,20,3780
6743.0,9408.56558222199,0.0,0,20,3780
6744.0,9408.56558222199,0.0,0,20,3780
6745.0,9408.56558222199,0.0,0,20,3780
6746.0,9408.56558222199,0.0,0,20,3780
6747.0,9408.56558222199,0.0,0,20,3780
6748.0,9408.56558222199,0.0,0,20,3780
6749.0,9408.56558222199,0.0,0,20,3780
6750.0,9408.56558222199,0.0,0,20,3780
6751.0,9408.56558222199,0.0,0,20,3780
6752.0,9408.56558222199,0.0,0,20,3780
6753.0,9408.56558222199,0.0,0,20,3780
6754.0,9408.56558222199,0.0,0,20,3780
6755.0,9408.56558222199,0.0,0,20,3780
6756.0,9408.56558222199,0.0,0,20,3780
6757.0,9408.56558222199,0.0,0,20,3780
6758.0,9408.56558222199,0.0,0,20,3780
6759.0,9408.56558222199,0.0,0,20,3780
6760.0,9408.56558222199,0.0,0,20,3780
6761.0,9408.56558222199,0.0,0,20,3780
6762.0,9408.56558222199,0.0,0,20,3780
6763.0,9408.56558222199,0.0,0,20,3780
6764.0,9408.56558222199,0.0,0,20,3780
6765.0,9408.56558222199,0.0,0,20,3780
6766.0,9408.56558222199,0.0,0,20,3780
6767.0,9408.56558222199,0.0,0,20,3780
6768.0,9408.56558222199,0.0,0,20,3780
6769.0,9408.56558222199,0.0,0,20,3780
6770.0,9408.56558222199,0.0,0,20,3780
6771.0,9408.56558222199,0.0,0,20,3780
6772.0,9408.56558222199,0.0,0,20,3780
6773.0,9408.56558222199,0.0,0,20,3780
6774.0,9408.56558222199,0.0,0,20,3780
6775.0,9408.56558222199,0.0,0,20,3780
6776.0,9408.56558222199,0.0,0,20,3780
6777.0,9408.56558222199,0.0,0,20,3780
6778.0,9408.56558222199,0.0,0,20,3780
6779.0,9408.56558222199,0.0,0,20,3780
6780.0,9408.56558222199,0.0,0,20,3780
6781.0,9408.56558222199,0.0,0,20,3780
6782.0,9408.56558222199,0.0,0,20,3780
6783.0,9408.56558222199,0.0,0,20,3780
6784.0,9408.56558222199,0.0,0,20,3780
6785.0,9408.56558222199,0.0,0,20,3780
6786.0,9408.56558222199,0.0,0,20,3780
6787.0,9408.56558222199,0.0,0,20,3780
6788.0,9408.56558222199,0.0,0,20,3780
6789.0,9408.56558222199,0.0,0,20,3780
6790.0,9408.56558222199,0.0,0,20,3780
6791.0,9408.56558222199,0.0,0,20,3780
6792.0,9408.56558222199,0.0,0,20,3780
6793.0,9408.56558222199,0.0,0,20,3780
6794.0,9408.56558222199,0.0,0,20,3780
6795.0,9408.56558222199,0.0,0,20,3780
6796.0,9408.56558222199,0.0,0,20,3780
6797.0,9408.56558222199,0.0,0,20,3780
6798.0,9408.56558222199,0.0,0,20,3780
6799.0,9408.56558222199,0.0,0,20,3780
6800.0,9408.56558222199,0.0,0,20,3780
6801.0,9408.56558222199,0.0,0,20,3780
6802.0,9408.56558222199,0.0,0,20,3780
6803.0,9408.56558222199,0.0,0,20,3780
6804.0,9408.56558222199,0.0,0,20,3780
6805.0,9408.56558222199,0.0,0,20,3780
6806.0,9408.56558222199,0.0,0,20,3780
6807.0,9408.56558222199,0.0,0,20,3780
6808.0,9408.56558222199,0.0,0,20,3780
6809.0,9408.56558222199,0.0,0,20,3780
6810.0,9408.56558222199,0.0,0,20,3780
6811.0,9408.56558222199,0.0,0,20,3780
6812.0,9408.56558222199,0.0,0,20,3780
6813.0,9408.56558222199,0.0,0,20,3780
6814.0,9408.56558222199,0.0,0,20,3780
6815.0,9408.56558222199,0.0,0,20,3780
6816.0,9408.56558222199,0.0,0,20,3780
6817.0,9408.56558222199,0.0,0,20,3780
6818.0,9408.56558222199,0.0,0,20,3780
6819.0,9408.56558222199,0.0,0,20,3780
6820.0,9408.56558222199,0.0,0,20,3780
6821.0,9408.56558222199,0.0,0,20,3780
6822.0,9408.56558222199,0.0,0,20,3780
6823.0,9408.56558222199,0.0,0,20,3780
6824.0,9408.56558222199,0.0,0,20,3780
6825.0,9408.56558222199,0.0,0,20,3780
6826.0,9408.56558222199,0.0,0,20,3780
6827.0,9408.56558222199,0.0,0,20,3780
6828.0,9408.56558222199,0.0,0,20,3780
6829.0,9408.56558222199,0.0,0,20,3780
6830.0,9408.56558222199,0.0,0,20,3780
6831.0,9408.56558222199,0.0,0,20,3780
6832.0,9408.56558222199,0.0,0,20,3780
6833.0,9408.56558222199,0.0,0,20,3780
6834.0,9408.56558222199,0.0,0,20,3780
6835.0,9408.56558222199,0.0,0,20,3780
6836.0,9408.56558222199,0.0,0,20,3780
6837.0,9408.56558222199,0.0,0,20,3780
6838.0,9408.56558222199,0.0,0,20,3780
6839.0,9408.56558222199,0.0,0,20,3780
6840.0,9408.56558222199,0.0,0,20,3780
6841.0,9408.56558222199,0.0,0,20,3780
6842.0,9408.56558222199,0.0,0,20,3780
6843.0,9408.56558222199,0.0,0,20,3780
6844.0,9408.56558222199,0.0,0,20,3780
6845.0,9408.56558222199,0.0,0,20,3780
6846.0,9408.56558222199,0.0,0,20,3780
6847.0,9408.56558222199,0.0,0,20,3780
6848.0,9408.56558222199,0.0,0,20,3780
6849.0,9408.56558222199,0.0,0,20,3780
6850.0,9408.56558222199,0.0,0,20,3780
6851.0,9408.56558222199,0.0,0,20,3780
6852.0,9408.56558222199,0.0,0,20,3780
6853.0,9408.56558222199,0.0,0,20,3780
6854.0,9408.56558222199,0.0,0,20,3780
6855.0,9408.56558222199,0.0,0,20,3780
6856.0,9408.56558222199,0.0,0,20,3780
6857.0,9408.56558222199,0.0,0,20,3780
6858.0,9408.56558222199,0.0,0,20,3780
6859.0,9408.56558222199,0.0,0,20,3780
6860.0,9408.56558222199,0.0,0,20,3780
6861.0,9408.56558222199,0.0,0,20,3780
6862.0,9408.56558222199,0.0,0,20,3780
6863.0,9408.56558222199,0.0,0,20,3780
6864.0,9408.56558222199,0.0,0,20,3780
6865.0,9408.56558222199,0.0,0,20,3780
6866.0,9408.56558222199,0.0,0,20,3780
6867.0,9408.56558222199,0.0,0,20,3780
6868.0,9408.56558222199,0.0,0,20,3780
6869.0,9408.56558222199,0.0,0,20,3780
6870.0,9408.56558222199,0.0,0,20,3780
6871.0,9408.56558222199,0.0,0,20,3780
6872.0,9408.56558222199,0.0,0,20,3780
6873.0,9408.56558222199,0.0,0,20,3780
6874.0,9408.56558222199,0.0,0,20,3780
6875.0,9408.56558222199,0.0,0,20,3780
6876.0,9408.56558222199,0.0,0,20,3780
6877.0,9408.56558222199,0.0,0,20,3780
6878.0,9408.56558222199,0.0,0,20,3780
6879.0,9408.56558222199,0.0,0,20,3780
6880.0,9408.56558222199,0.0,0,20,3780
6881.0,9408.56558222199,0.0,0,20,3780
6882.0,9408.56558222199,0.0,0,20,3780
6883.0,9408.56558222199,0.0,0,20,3780
6884.0,9408.56558222199,0.0,0,20,3780
6885.0,9408.56558222199,0.0,0,20,3780
6886.0,9408.56558222199,0.0,0,20,3780
6887.0,9408.56558222199,0.0,0,20,3780
6888.0,9408.56558222199,0.0,0,20,3780
6889.0,9408.56558222199,0.0,0,20,3780
6890.0,9408.56558222199,0.0,0,20,3780
6891.0,9408.56558222199,0.0,0,20,3780
6892.0,9408.56558222199,0.0,0,20,3780
6893.0,9408.56558222199,0.0,0,20,3780
6894.0,9408.56558222199,0.0,0,20,3780
6895.0,9408.56558222199,0.0,0,20,3780
6896.0,9408.56558222199,0.0,0,20,3780
6897.0,9408.56558222199,0.0,0,20,3780
6898.0,9408.56558222199,0.0,0,20,3780
6899.0,9408.56558222199,0.0,0,20,3780
6900.0,9408.56558222199,0.0,0,20,3780
6901.0,9408.56558222199,0.0,0,20,3780
6902.0,9408.56558222199,0.0,0,20,3780
6903.0,9408.56558222199,0.0,0,20,3780
6904.0,9408.56558222199,0.0,0,20,3780
6905.0,9408.56558222199,0.0,0,20,3780
6906.0,9408.56558222199,0.0,0,20,3780
6907.0,9408.56558222199,0.0,0,20,3780
6908.0,9408.56558222199,0.0,0,20,3780
6909.0,9408.56558222199,0.0,0,20,3780
6910.0,9408.56558222199,0.0,0,20,3780
6911.0,9408.56558222199,0.0,0,20,3780
6912.0,9408.56558222199,0.0,0,20,3780
6913.0,9408.56558222199,0.0,0,20,3780
6914.0,9408.56558222199,0.0,0,20,3780
6915.0,9408.56558222199,0.0,0,20,3780
6916.0,9408.56558222199,0.0,0,20,3780
6917.0,9408.56558222199,0.0,0,20,3780
6918.0,9408.56558222199,0.0,0,20,3780
6919.0,9408.56558222199,0.0,0,20,3780
6920.0,9408.56558222199,0.0,0,20,3780
6921.0,9408.56558222199,0.0,0,20,3780
6922.0,9408.56558222199,0.0,0,20,3780
6923.0,9408.56558222199,0.0,0,20,3780
6924.0,9408.56558222199,0.0,0,20,3780
6925.0,9408.56558222199,0.0,0,20,3780
6926.0,9408.56558222199,0.0,0,20,3780
6927.0,9408.56558222199,0.0,0,20,3780
6928.0,9408.56558222199,0.0,0,20,3780
6929.0,9408.56558222199,0.0,0,20,3780
6930.0,9408.56558222199,0.0,0,20,3780
6931.0,9408.56558222199,0.0,0,20,3780
6932.0,9408.56558222199,0.0,0,20,3780
6933.0,9408.56558222199,0.0,0,20,3780
6934.0,9408.56558222199,0.0,0,20,3780
6935.0,9408.56558222199,0.0,0,20,3780
6936.0,9408.56558222199,0.0,0,20,3780
6937.0,9408.56558222199,0.0,0,20,3780
6938.0,9408.56558222199,0.0,0,20,3780
6939.0,9408.56558222199,0.0,0,20,3780
6940.0,9408.56558222199,0.0,0,20,3780
6941.0,9408.56558222199,0.0,0,20,3780
6942.0,9408.56558222199,0.0,0,20,3780
6943.0,9408.56558222199,0.0,0,20,3780
6944.0,9408.56558222199,0.0,0,20,3780
6945.0,9408.56558222199,0.0,0,20,3780
6946.0,9408.56558222199,0.0,0,20,3780
6947.0,9408.56558222199,0.0,0,20,3780
6948.0,9408.56558222199,0.0,0,20,3780
6949.0,9408.56558222199,0.0,0,20,3780
6950.0,9408.56558222199,0.0,0,20,3780
6951.0,9408.56558222199,0.0,0,20,3780
6952.0,9408.56558222199,0.0,0,20,3780
6953.0,9408.56558222199,0.0,0,20,3780
6954.0,9408.56558222199,0.0,0,20,3780
6955.0,9408.56558222199,0.0,0,20,3780
6956.0,9408.56558222199,0.0,0,20,3780
6957.0,9408.56558222199,0.0,0,20,3780
6958.0,9408.56558222199,0.0,0,20,3780
6959.0,9408.56558222199,0.0,0,20,3780
6960.0,9408.56558222199,0.0,0,20,3780
6961.0,9408.56558222199,0.0,0,20,3780
6962.0,9408.56558222199,0.0,0,20,3780
6963.0,9408.56558222199,0.0,0,20,3780
6964.0,9408.56558222199,0.0,0,20,3780
6965.0,9408.56558222199,0.0,0,20,3780
6966.0,9408.56558222199,0.0,0,20,3780
6967.0,9408.56558222199,0.0,0,20,3780
6968.0,9408.56558222199,0.0,0,20,3780
6969.0,9408.56558222199,0.0,0,20,3780
6970.0,9408.56558222199,0.0,0,20,3780
6971.0,9408.56558222199,0.0,0,20,3780
6972.0,9408.56558222199,0.0,0,20,3780
6973.0,9408.56558222199,0.0,0,20,3780
6974.0,9408.56558222199,0.0,0,20,3780
6975.0,9408.56558222199,0.0,0,20,3780
6976.0,9408.56558222199,0.0,0,20,3780
6977.0,9408.56558222199,0.0,0,20,3780
6978.0,9408.56558222199,0.0,0,20,3780
6979.0,9408.56558222199,0.0,0,20,3780
6980.0,9408.56558222199,0.0,0,20,3780
6981.0,9408.56558222199,0.0,0,20,3780
6982.0,9408.56558222199,0.0,0,20,3780
6983.0,9408.56558222199,0.0,0,20,3780
6984.0,9408.56558222199,0.0,0,20,3780
6985.0,9408.56558222199,0.0,0,20,3780
6986.0,9408.56558222199,0.0,0,20,3780
6987.0,9408.56558222199,0.0,0,20,3780
6988.0,9408.56558222199,0.0,0,20,3780
6989.0,9408.56558222199,0.0,0,20,3780
6990.0,9408.56558222199,0.0,0,20,3780
6991.0,9408.56558222199,0.0,0,20,3780
6992.0,9408.56558222199,0.0,0,20,3780
6993.0,9408.56558222199,0.0,0,20,3780
6994.0,9408.56558222199,0.0,0,20,3780
6995.0,9408.56558222199,0.0,0,20,3780
6996.0,9408.56558222199,0.0,0,20,3780
6997.0,9408.56558222199,0.0,0,20,3780
6998.0,9408.56558222199,0.0,0,20,3780
6999.0,9408.56558222199,0.0,0,20,3780
7000.0,9408.56558222199,0.0,0,20,3780
7001.0,9408.56558222199,0.0,0,20,3780
7002.0,9408.56558222199,0.0,0,20,3780
7003.0,9408.56558222199,0.0,0,20,3780
7004.0,9408.56558222199,0.0,0,20,3780
7005.0,9408.56558222199,0.0,0,20,3780
7006.0,9408.56558222199,0.0,0,20,3780
7007.0,9408.56558222199,0.0,0,20,3780
7008.0,9408.56558222199,0.0,0,20,3780
7009.0,9408.56558222199,0.0,0,20,3780
7010.0,9408.56558222199,0.0,0,20,3780
7011.0,9408.56558222199,0.0,0,20,3780
7012.0,9408.56558222199,0.0,0,20,3780
7013.0,9408.56558222199,0.0,0,20,3780
7014.0,9408.56558222199,0.0,0,20,3780
7015.0,9408.56558222199,0.0,0,20,3780
7016.0,9408.56558222199,0.0,0,20,3780
7017.0,9408.56558222199,0.0,0,20,3780
7018.0,9408.56558222199,0.0,0,20,3780
7019.0,9408.56558222199,0.0,0,20,3780
7020.0,9408.56558222199,0.0,0,20,3780
7021.0,9408.56558222199,0.0,0,20,3780
7022.0,9408.56558222199,0.0,0,20,3780
7023.0,9408.56558222199,0.0,0,20,3780
7024.0,9408.56558222199,0.0,0,20,3780
7025.0,9408.56558222199,0.0,0,20,3780
7026.0,9408.56558222199,0.0,0,20,3780
7027.0,9408.56558222199,0.0,0,20,3780
7028.0,9408.56558222199,0.0,0,20,3780
7029.0,9408.56558222199,0.0,0,20,3780
7030.0,9408.56558222199,0.0,0,20,3780
7031.0,9408.56558222199,0.0,0,20,3780
7032.0,9408.56558222199,0.0,0,20,3780
7033.0,9408.56558222199,0.0,0,20,3780
7034.0,9408.56558222199,0.0,0,20,3780
7035.0,9408.56558222199,0.0,0,20,3780
7036.0,9408.56558222199,0.0,0,20,3780
7037.0,9408.56558222199,0.0,0,20,3780
7038.0,9408.56558222199,0.0,0,20,3780
7039.0,9408.56558222199,0.0,0,20,3780
7040.0,9408.56558222199,0.0,0,20,3780
7041.0,9408.56558222199,0.0,0,20,3780
7042.0,9408.56558222199,0.0,0,20,3780
7043.0,9408.56558222199,0.0,0,20,3780
7044.0,9408.56558222199,0.0,0,20,3780
7045.0,9408.56558222199,0.0,0,20,3780
7046.0,9408.56558222199,0.0,0,20,3780
7047.0,9408.56558222199,0.0,0,20,3780
7048.0,9408.56558222199,0.0,0,20,3780
7049.0,9408.56558222199,0.0,0,20,3780
7050.0,9408.56558222199,0.0,0,20,3780
7051.0,9408.56558222199,0.0,0,20,3780
7052.0,9408.56558222199,0.0,0,20,3780
7053.0,9408.56558222199,0.0,0,20,3780
7054.0,9408.56558222199,0.0,0,20,3780
7055.0,9408.56558222199,0.0,0,20,3780
7056.0,9408.56558222199,0.0,0,20,3780
7057.0,9408.56558222199,0.0,0,20,3780
7058.0,9408.56558222199,0.0,0,20,3780
7059.0,9408.56558222199,0.0,0,20,3780
7060.0,9408.56558222199,0.0,0,20,3780
7061.0,9408.56558222199,0.0,0,20,3780
7062.0,9408.56558222199,0.0,0,20,3780
7063.0,9408.56558222199,0.0,0,20,3780
7064.0,9408.56558222199,0.0,0,20,3780
7065.0,9408.56558222199,0.0,0,20,3780
7066.0,9408.56558222199,0.0,0,20,3780
7067.0,9408.56558222199,0.0,0,20,3780
7068.0,9408.56558222199,0.0,0,20,3780
7069.0,9408.56558222199,0.0,0,20,3780
7070.0,9408.56558222199,0.0,0,20,3780
7071.0,9408.56558222199,0.0,0,20,3780
7072.0,9408.56558222199,0.0,0,20,3780
7073.0,9408.56558222199,0.0,0,20,3780
7074.0,9408.56558222199,0.0,0,20,3780
7075.0,9408.56558222199,0.0,0,20,3780
7076.0,9408.56558222199,0.0,0,20,3780
7077.0,9408.56558222199,0.0,0,20,3780
7078.0,9408.56558222199,0.0,0,20,3780
7079.0,9408.56558222199,0.0,0,20,3780
7080.0,9408.56558222199,0.0,0,20,3780
7081.0,9408.56558222199,0.0,0,20,3780
7082.0,9408.56558222199,0.0,0,20,3780
7083.0,9408.56558222199,0.0,0,20,3780
7084.0,9408.56558222199,0.0,0,20,3780
7085.0,9408.56558222199,0.0,0,20,3780
7086.0,9408.56558222199,0.0,0,20,3780
7087.0,9408.56558222199,0.0,0,20,3780
7088.0,9408.56558222199,0.0,0,20,3780
7089.0,9408.56558222199,0.0,0,20,3780
7090.0,9408.56558222199,0.0,0,20,3780
7091.0,9408.56558222199,0.0,0,20,3780
7092.0,9408.56558222199,0.0,0,20,3780
7093.0,9408.56558222199,0.0,0,20,3780
7094.0,9408.56558222199,0.0,0,20,3780
7095.0,9408.56558222199,0.0,0,20,3780
7096.0,9408.56558222199,0.0,0,20,3780
7097.0,9408.56558222199,0.0,0,20,3780
7098.0,9408.56558222199,0.0,0,20,3780
7099.0,9408.56558222199,0.0,0,20,3780
7100.0,9408.56558222199,0.0,0,20,3780
7101.0,9408.56558222199,0.0,0,20,3780
7102.0,9408.56558222199,0.0,0,20,3780
7103.0,9408.56558222199,0.0,0,20,3780
7104.0,9408.56558222199,0.0,0,20,3780
7105.0,9408.56558222199,0.0,0,20,3780
7106.0,9408.56558222199,0.0,0,20,3780
7107.0,9408.56558222199,0.0,0,20,3780
7108.0,9408.56558222199,0.0,0,20,3780
7109.0,9408.56558222199,0.0,0,20,3780
7110.0,9408.56558222199,0.0,0,20,3780
7111.0,9408.56558222199,0.0,0,20,3780
7112.0,9408.56558222199,0.0,0,20,3780
7113.0,9408.56558222199,0.0,0,20,3780
7114.0,9408.56558222199,0.0,0,20,3780
7115.0,9408.56558222199,0.0,0,20,3780
7116.0,9408.56558222199,0.0,0,20,3780
7117.0,9408.56558222199,0.0,0,20,3780
7118.0,9408.56558222199,0.0,0,20,3780
7119.0,9408.56558222199,0.0,0,20,3780
7120.0,9408.56558222199,0.0,0,20,3780
7121.0,9408.56558222199,0.0,0,20,3780
7122.0,9408.56558222199,0.0,0,20,3780
7123.0,9408.56558222199,0.0,0,20,3780
7124.0,9408.56558222199,0.0,0,20,3780
7125.0,9408.56558222199,0.0,0,20,3780
7126.0,9408.56558222199,0.0,0,20,3780
7127.0,9408.56558222199,0.0,0,20,3780
7128.0,9408.56558222199,0.0,0,20,3780
7129.0,9408.56558222199,0.0,0,20,3780
7130.0,9408.56558222199,0.0,0,20,3780
7131.0,9408.56558222199,0.0,0,20,3780
7132.0,9408.56558222199,0.0,0,20,3780
7133.0,9408.56558222199,0.0,0,20,3780
7134.0,9408.56558222199,0.0,0,20,3780
7135.0,9408.56558222199,0.0,0,20,3780
7136.0,9408.56558222199,0.0,0,20,3780
7137.0,9408.56558222199,0.0,0,20,3780
7138.0,9408.56558222199,0.0,0,20,3780
7139.0,9408.56558222199,0.0,0,20,3780
7140.0,9408.56558222199,0.0,0,20,3780
7141.0,9408.56558222199,0.0,0,20,3780
7142.0,9408.56558222199,0.0,0,20,3780
7143.0,9408.56558222199,0.0,0,20,3780
7144.0,9408.56558222199,0.0,0,20,3780
7145.0,9408.56558222199,0.0,0,20,3780
7146.0,9408.56558222199,0.0,0,20,3780
7147.0,9408.56558222199,0.0,0,20,3780
7148.0,9408.56558222199,0.0,0,20,3780
7149.0,9408.56558222199,0.0,0,20,3780
7150.0,9408.56558222199,0.0,0,20,3780
7151.0,9408.56558222199,0.0,0,20,3780
7152.0,9408.56558222199,0.0,0,20,3780
7153.0,9408.56558222199,0.0,0,20,3780
7154.0,9408.56558222199,0.0,0,20,3780
7155.0,9408.56558222199,0.0,0,20,3780
7156.0,9408.56558222199,0.0,0,20,3780
7157.0,9408.56558222199,0.0,0,20,3780
7158.0,9408.56558222199,0.0,0,20,3780
7159.0,9408.56558222199,0.0,0,20,3780
7160.0,9408.56558222199,0.0,0,20,3780
7161.0,9408.56558222199,0.0,0,20,3780
7162.0,9408.56558222199,0.0,0,20,3780
7163.0,9408.56558222199,0.0,0,20,3780
7164.0,9408.56558222199,0.0,0,20,3780
7165.0,9408.56558222199,0.0,0,20,3780
7166.0,9408.56558222199,0.0,0,20,3780
7167.0,9408.56558222199,0.0,0,20,3780
7168.0,9408.56558222199,0.0,0,20,3780
7169.0,9408.56558222199,0.0,0,20,3780
7170.0,9408.56558222199,0.0,0,20,3780
7171.0,9408.56558222199,0.0,0,20,3780
7172.0,9408.56558222199,0.0,0,20,3780
7173.0,9408.56558222199,0.0,0,20,3780
7174.0,9408.56558222199,0.0,0,20,3780
7175.0,9408.56558222199,0.0,0,20,3780
7176.0,9408.56558222199,0.0,0,20,3780
7177.0,9408.56558222199,0.0,0,20,3780
7178.0,9408.56558222199,0.0,0,20,3780
7179.0,9408.56558222199,0.0,0,20,3780
7180.0,9408.56558222199,0.0,0,20,3780
7181.0,9408.56558222199,0.0,0,20,3780
7182.0,9408.56558222199,0.0,0,20,3780
7183.0,9408.56558222199,0.0,0,20,3780
7184.0,9408.56558222199,0.0,0,20,3780
7185.0,9408.56558222199,0.0,0,20,3780
7186.0,9408.56558222199,0.0,0,20,3780
7187.0,9408.56558222199,0.0,0,20,3780
7188.0,9408.56558222199,0.0,0,20,3780
7189.0,9408.56558222199,0.0,0,20,3780
7190.0,9408.56558222199,0.0,0,20,3780
7191.0,9408.56558222199,0.0,0,20,3780
7192.0,9408.56558222199,0.0,0,20,3780
7193.0,9408.56558222199,0.0,0,20,3780
7194.0,9408.56558222199,0.0,0,20,3780
7195.0,9408.56558222199,0.0,0,20,3780
7196.0,9408.56558222199,0.0,0,20,3780
7197.0,9408.56558222199,0.0,0,20,3780
7198.0,9408.56558222199,0.0,0,20,3780
7199.0,9408.56558222199,0.0,0,20,3780
7200.0,9408.56558222199,0.0,0,20,3780
7201.0,9408.56558222199,0.0,0,20,3780
7202.0,9408.56558222199,0.0,0,20,3780
7203.0,9408.56558222199,0.0,0,20,3780
7204.0,9408.56558222199,0.0,0,20,3780
7205.0,9408.56558222199,0.0,0,20,3780
7206.0,9408.56558222199,0.0,0,20,3780
7207.0,9408.56558222199,0.0,0,20,3780
7208.0,9408.56558222199,0.0,0,20,3780
7209.0,9408.56558222199,0.0,0,20,3780
7210.0,9408.56558222199,0.0,0,20,3780
7211.0,9408.56558222199,0.0,0,20,3780
7212.0,9408.56558222199,0.0,0,20,3780
7213.0,9408.56558222199,0.0,0,20,3780
7214.0,9408.56558222199,0.0,0,20,3780
7215.0,9408.56558222199,0.0,0,20,3780
7216.0,9408.56558222199,0.0,0,20,3780
7217.0,9408.56558222199,0.0,0,20,3780
7218.0,9408.56558222199,0.0,0,20,3780
7219.0,9408.56558222199,0.0,0,20,3780
7220.0,9408.56558222199,0.0,0,20,3780
7221.0,9408.56558222199,0.0,0,20,3780
7222.0,9408.56558222199,0.0,0,20,3780
7223.0,9408.56558222199,0.0,0,20,3780
7224.0,9408.56558222199,0.0,0,20,3780
7225.0,9408.56558222199,0.0,0,20,3780
7226.0,9408.56558222199,0.0,0,20,3780
7227.0,9408.56558222199,0.0,0,20,3780
7228.0,9408.56558222199,0.0,0,20,3780
7229.0,9408.56558222199,0.0,0,20,3780
7230.0,9408.56558222199,0.0,0,20,3780
7231.0,9408.56558222199,0.0,0,20,3780
7232.0,9408.56558222199,0.0,0,20,3780
7233.0,9408.56558222199,0.0,0,20,3780
7234.0,9408.56558222199,0.0,0,20,3780
7235.0,9408.56558222199,0.0,0,20,3780
7236.0,9408.56558222199,0.0,0,20,3780
7237.0,9408.56558222199,0.0,0,20,3780
7238.0,9408.56558222199,0.0,0,20,3780
7239.0,9408.56558222199,0.0,0,20,3780
7240.0,9408.56558222199,0.0,0,20,3780
7241.0,9408.56558222199,0.0,0,20,3780
7242.0,9408.56558222199,0.0,0,20,3780
7243.0,9408.56558222199,0.0,0,20,3780
7244.0,9408.56558222199,0.0,0,20,3780
7245.0,9408.56558222199,0.0,0,20,3780
7246.0,9408.56558222199,0.0,0,20,3780
7247.0,9408.56558222199,0.0,0,20,3780
7248.0,9408.56558222199,0.0,0,20,3780
7249.0,9408.56558222199,0.0,0,20,3780
7250.0,9408.56558222199,0.0,0,20,3780
7251.0,9408.56558222199,0.0,0,20,3780
7252.0,9408.56558222199,0.0,0,20,3780
7253.0,9408.56558222199,0.0,0,20,3780
7254.0,9408.56558222199,0.0,0,20,3780
7255.0,9408.56558222199,0.0,0,20,3780
7256.0,9408.56558222199,0.0,0,20,3780
7257.0,9408.56558222199,0.0,0,20,3780
7258.0,9408.56558222199,0.0,0,20,3780
7259.0,9408.56558222199,0.0,0,20,3780
7260.0,9408.56558222199,0.0,0,20,3780
7261.0,9408.56558222199,0.0,0,20,3780
7262.0,9408.56558222199,0.0,0,20,3780
7263.0,9408.56558222199,0.0,0,20,3780
7264.0,9408.56558222199,0.0,0,20,3780
7265.0,9408.56558222199,0.0,0,20,3780
7266.0,9408.56558222199,0.0,0,20,3780
7267.0,9408.56558222199,0.0,0,20,3780
7268.0,9408.56558222199,0.0,0,20,3780
7269.0,9408.56558222199,0.0,0,20,3780
7270.0,9408.56558222199,0.0,0,20,3780
7271.0,9408.56558222199,0.0,0,20,3780
7272.0,9408.56558222199,0.0,0,20,3780
7273.0,9408.56558222199,0.0,0,20,3780
7274.0,9408.56558222199,0.0,0,20,3780
7275.0,9408.56558222199,0.0,0,20,3780
7276.0,9408.56558222199,0.0,0,20,3780
7277.0,9408.56558222199,0.0,0,20,3780
7278.0,9408.56558222199,0.0,0,20,3780
7279.0,9408.56558222199,0.0,0,20,3780
7280.0,9408.56558222199,0.0,0,20,3780
7281.0,9408.56558222199,0.0,0,20,3780
7282.0,9408.56558222199,0.0,0,20,3780
7283.0,9408.56558222199,0.0,0,20,3780
7284.0,9408.56558222199,0.0,0,20,3780
7285.0,9408.56558222199,0.0,0,20,3780
7286.0,9408.56558222199,0.0,0,20,3780
7287.0,9408.56558222199,0.0,0,20,3780
7288.0,9408.56558222199,0.0,0,20,3780
7289.0,9408.56558222199,0.0,0,20,3780
7290.0,9408.56558222199,0.0,0,20,3780
7291.0,9408.56558222199,0.0,0,20,3780
7292.0,9408.56558222199,0.0,0,20,3780
7293.0,9408.56558222199,0.0,0,20,3780
7294.0,9408.56558222199,0.0,0,20,3780
7295.0,9408.56558222199,0.0,0,20,3780
7296.0,9408.56558222199,0.0,0,20,3780
7297.0,9408.56558222199,0.0,0,20,3780
7298.0,9408.56558222199,0.0,0,20,3780
7299.0,9408.56558222199,0.0,0,20,3780
7300.0,9408.56558222199,0.0,0,20,3780
7301.0,9408.56558222199,0.0,0,20,3780
7302.0,9408.56558222199,0.0,0,20,3780
7303.0,9408.56558222199,0.0,0,20,3780
7304.0,9408.56558222199,0.0,0,20,3780
7305.0,9408.56558222199,0.0,0,20,3780
7306.0,9408.56558222199,0.0,0,20,3780
7307.0,9408.56558222199,0.0,0,20,3780
7308.0,9408.56558222199,0.0,0,20,3780
7309.0,9408.56558222199,0.0,0,20,3780
7310.0,9408.56558222199,0.0,0,20,3780
7311.0,9408.56558222199,0.0,0,20,3780
7312.0,9408.56558222199,0.0,0,20,3780
7313.0,9408.56558222199,0.0,0,20,3780
7314.0,9408.56558222199,0.0,0,20,3780
7315.0,9408.56558222199,0.0,0,20,3780
7316.0,9408.56558222199,0.0,0,20,3780
7317.0,9408.56558222199,0.0,0,20,3780
7318.0,9408.56558222199,0.0,0,20,3780
7319.0,9408.56558222199,0.0,0,20,3780
7320.0,9408.56558222199,0.0,0,20,3780
7321.0,9408.56558222199,0.0,0,20,3780
7322.0,9408.56558222199,0.0,0,20,3780
7323.0,9408.56558222199,0.0,0,20,3780
7324.0,9408.56558222199,0.0,0,20,3780
7325.0,9408.56558222199,0.0,0,20,3780
7326.0,9408.56558222199,0.0,0,20,3780
7327.0,9408.56558222199,0.0,0,20,3780
7328.0,9408.56558222199,0.0,0,20,3780
7329.0,9408.56558222199,0.0,0,20,3780
7330.0,9408.56558222199,0.0,0,20,3780
7331.0,9408.56558222199,0.0,0,20,3780
7332.0,9408.56558222199,0.0,0,20,3780
7333.0,9408.56558222199,0.0,0,20,3780
7334.0,9408.56558222199,0.0,0,20,3780
7335.0,9408.56558222199,0.0,0,20,3780
7336.0,9408.56558222199,0.0,0,20,3780
7337.0,9408.56558222199,0.0,0,20,3780
7338.0,9408.56558222199,0.0,0,20,3780
7339.0,9408.56558222199,0.0,0,20,3780
7340.0,9408.56558222199,0.0,0,20,3780
7341.0,9408.56558222199,0.0,0,20,3780
7342.0,9408.56558222199,0.0,0,20,3780
7343.0,9408.56558222199,0.0,0,20,3780
7344.0,9408.56558222199,0.0,0,20,3780
7345.0,9408.56558222199,0.0,0,20,3780
7346.0,9408.56558222199,0.0,0,20,3780
7347.0,9408.56558222199,0.0,0,20,3780
7348.0,9408.56558222199,0.0,0,20,3780
7349.0,9408.56558222199,0.0,0,20,3780
7350.0,9408.56558222199,0.0,0,20,3780
7351.0,9408.56558222199,0.0,0,20,3780
7352.0,9408.56558222199,0.0,0,20,3780
7353.0,9408.56558222199,0.0,0,20,3780
7354.0,9408.56558222199,0.0,0,20,3780
7355.0,9408.56558222199,0.0,0,20,3780
7356.0,9408.56558222199,0.0,0,20,3780
7357.0,9408.56558222199,0.0,0,20,3780
7358.0,9408.56558222199,0.0,0,20,3780
7359.0,9408.56558222199,0.0,0,20,3780
7360.0,9408.56558222199,0.0,0,20,3780
7361.0,9408.56558222199,0.0,0,20,3780
7362.0,9408.56558222199,0.0,0,20,3780
7363.0,9408.56558222199,0.0,0,20,3780
7364.0,9408.56558222199,0.0,0,20,3780
7365.0,9408.56558222199,0.0,0,20,3780
7366.0,9408.56558222199,0.0,0,20,3780
7367.0,9408.56558222199,0.0,0,20,3780
7368.0,9408.56558222199,0.0,0,20,3780
7369.0,9408.56558222199,0.0,0,20,3780
7370.0,9408.56558222199,0.0,0,20,3780
7371.0,9408.56558222199,0.0,0,20,3780
7372.0,9408.56558222199,0.0,0,20,3780
7373.0,9408.56558222199,0.0,0,20,3780
7374.0,9408.56558222199,0.0,0,20,3780
7375.0,9408.56558222199,0.0,0,20,3780
7376.0,9408.56558222199,0.0,0,20,3780
7377.0,9408.56558222199,0.0,0,20,3780
7378.0,9408.56558222199,0.0,0,20,3780
7379.0,9408.56558222199,0.0,0,20,3780
7380.0,9408.56558222199,0.0,0,20,3780
7381.0,9408.56558222199,0.0,0,20,3780
7382.0,9408.56558222199,0.0,0,20,3780
7383.0,9408.56558222199,0.0,0,20,3780
7384.0,9408.56558222199,0.0,0,20,3780
7385.0,9408.56558222199,0.0,0,20,3780
7386.0,9408.56558222199,0.0,0,20,3780
7387.0,9408.56558222199,0.0,0,20,3780
7388.0,9408.56558222199,0.0,0,20,3780
7389.0,9408.56558222199,0.0,0,20,3780
7390.0,9408.56558222199,0.0,0,20,3780
7391.0,9408.56558222199,0.0,0,20,3780
7392.0,9408.56558222199,0.0,0,20,3780
7393.0,9408.56558222199,0.0,0,20,3780
7394.0,9408.56558222199,0.0,0,20,3780
7395.0,9408.56558222199,0.0,0,20,3780
7396.0,9408.56558222199,0.0,0,20,3780
7397.0,9408.56558222199,0.0,0,20,3780
7398.0,9408.56558222199,0.0,0,20,3780
7399.0,9408.56558222199,0.0,0,20,3780
7400.0,9408.56558222199,0.0,0,20,3780
7401.0,9408.56558222199,0.0,0,20,3780
7402.0,9408.56558222199,0.0,0,20,3780
7403.0,9408.56558222199,0.0,0,20,3780
7404.0,9408.56558222199,0.0,0,20,3780
7405.0,9408.56558222199,0.0,0,20,3780
7406.0,9408.56558222199,0.0,0,20,3780
7407.0,9408.56558222199,0.0,0,20,3780
7408.0,9408.56558222199,0.0,0,20,3780
7409.0,9408.56558222199,0.0,0,20,3780
7410.0,9408.56558222199,0.0,0,20,3780
7411.0,9408.56558222199,0.0,0,20,3780
7412.0,9408.56558222199,0.0,0,20,3780
7413.0,9408.56558222199,0.0,0,20,3780
7414.0,9408.56558222199,0.0,0,20,3780
7415.0,9408.56558222199,0.0,0,20,3780
7416.0,9408.56558222199,0.0,0,20,3780
7417.0,9408.56558222199,0.0,0,20,3780
7418.0,9408.56558222199,0.0,0,20,3780
7419.0,9408.56558222199,0.0,0,20,3780
7420.0,9408.56558222199,0.0,0,20,3780
7421.0,9408.56558222199,0.0,0,20,3780
7422.0,9408.56558222199,0.0,0,20,3780
7423.0,9408.56558222199,0.0,0,20,3780
7424.0,9408.56558222199,0.0,0,20,3780
7425.0,9408.56558222199,0.0,0,20,3780
7426.0,9408.56558222199,0.0,0,20,3780
7427.0,9408.56558222199,0.0,0,20,3780
7428.0,9408.56558222199,0.0,0,20,3780
7429.0,9408.56558222199,0.0,0,20,3780
7430.0,9408.56558222199,0.0,0,20,3780
7431.0,9408.56558222199,0.0,0,20,3780
7432.0,9408.56558222199,0.0,0,20,3780
7433.0,9408.56558222199,0.0,0,20,3780
7434.0,9408.56558222199,0.0,0,20,3780
7435.0,9408.56558222199,0.0,0,20,3780
7436.0,9408.56558222199,0.0,0,20,3780
7437.0,9408.56558222199,0.0,0,20,3780
7438.0,9408.56558222199,0.0,0,20,3780
7439.0,9408.56558222199,0.0,0,20,3780
7440.0,9408.56558222199,0.0,0,20,3780
7441.0,9408.56558222199,0.0,0,20,3780
7442.0,9408.56558222199,0.0,0,20,3780
7443.0,9408.56558222199,0.0,0,20,3780
7444.0,9408.56558222199,0.0,0,20,3780
7445.0,9408.56558222199,0.0,0,20,3780
7446.0,9408.56558222199,0.0,0,20,3780
7447.0,9408.56558222199,0.0,0,20,3780
7448.0,9408.56558222199,0.0,0,20,3780
7449.0,9408.56558222199,0.0,0,20,3780
7450.0,9408.56558222199,0.0,0,20,3780
7451.0,9408.56558222199,0.0,0,20,3780
7452.0,9408.56558222199,0.0,0,20,3780
7453.0,9408.56558222199,0.0,0,20,3780
7454.0,9408.56558222199,0.0,0,20,3780
7455.0,9408.56558222199,0.0,0,20,3780
7456.0,9408.56558222199,0.0,0,20,3780
7457.0,9408.56558222199,0.0,0,20,3780
7458.0,9408.56558222199,0.0,0,20,3780
7459.0,9408.56558222199,0.0,0,20,3780
7460.0,9408.56558222199,0.0,0,20,3780
7461.0,9408.56558222199,0.0,0,20,3780
7462.0,9408.56558222199,0.0,0,20,3780
7463.0,9408.56558222199,0.0,0,20,3780
7464.0,9408.56558222199,0.0,0,20,3780
7465.0,9408.56558222199,0.0,0,20,3780
7466.0,9408.56558222199,0.0,0,20,3780
7467.0,9408.56558222199,0.0,0,20,3780
7468.0,9408.56558222199,0.0,0,20,3780
7469.0,9408.56558222199,0.0,0,20,3780
7470.0,9408.56558222199,0.0,0,20,3780
7471.0,9408.56558222199,0.0,0,20,3780
7472.0,9408.56558222199,0.0,0,20,3780
7473.0,9408.56558222199,0.0,0,20,3780
7474.0,9408.56558222199,0.0,0,20,3780
7475.0,9408.56558222199,0.0,0,20,3780
7476.0,9408.56558222199,0.0,0,20,3780
7477.0,9408.56558222199,0.0,0,20,3780
7478.0,9408.56558222199,0.0,0,20,3780
7479.0,9408.56558222199,0.0,0,20,3780
7480.0,9408.56558222199,0.0,0,20,3780
7481.0,9408.56558222199,0.0,0,20,3780
7482.0,9408.56558222199,0.0,0,20,3780
7483.0,9408.56558222199,0.0,0,20,3780
7484.0,9408.56558222199,0.0,0,20,3780
7485.0,9408.56558222199,0.0,0,20,3780
7486.0,9408.56558222199,0.0,0,20,3780
7487.0,9408.56558222199,0.0,0,20,3780
7488.0,9408.56558222199,0.0,0,20,3780
7489.0,9408.56558222199,0.0,0,20,3780
7490.0,9408.56558222199,0.0,0,20,3780
7491.0,9408.56558222199,0.0,0,20,3780
7492.0,9408.56558222199,0.0,0,20,3780
7493.0,9408.56558222199,0.0,0,20,3780
7494.0,9408.56558222199,0.0,0,20,3780
7495.0,9408.56558222199,0.0,0,20,3780
7496.0,9408.56558222199,0.0,0,20,3780
7497.0,9408.56558222199,0.0,0,20,3780
7498.0,9408.56558222199,0.0,0,20,3780
7499.0,9408.56558222199,0.0,0,20,3780
7500.0,9408.56558222199,0.0,0,20,3780
7501.0,9408.56558222199,0.0,0,20,3780
7502.0,9408.56558222199,0.0,0,20,3780
7503.0,9408.56558222199,0.0,0,20,3780
7504.0,9408.56558222199,0.0,0,20,3780
7505.0,9408.56558222199,0.0,0,20,3780
7506.0,9408.56558222199,0.0,0,20,3780
7507.0,9408.56558222199,0.0,0,20,3780
7508.0,9408.56558222199,0.0,0,20,3780
7509.0,9408.56558222199,0.0,0,20,3780
7510.0,9408.56558222199,0.0,0,20,3780
7511.0,9408.56558222199,0.0,0,20,3780
7512.0,9408.56558222199,0.0,0,20,3780
7513.0,9408.56558222199,0.0,0,20,3780
7514.0,9408.56558222199,0.0,0,20,3780
7515.0,9408.56558222199,0.0,0,20,3780
7516.0,9408.56558222199,0.0,0,20,3780
7517.0,9408.56558222199,0.0,0,20,3780
7518.0,9408.56558222199,0.0,0,20,3780
7519.0,9408.56558222199,0.0,0,20,3780
7520.0,9408.56558222199,0.0,0,20,3780
7521.0,9408.56558222199,0.0,0,20,3780
7522.0,9408.56558222199,0.0,0,20,3780
7523.0,9408.56558222199,0.0,0,20,3780
7524.0,9408.56558222199,0.0,0,20,3780
7525.0,9408.56558222199,0.0,0,20,3780
7526.0,9408.56558222199,0.0,0,20,3780
7527.0,9408.56558222199,0.0,0,20,3780
7528.0,9408.56558222199,0.0,0,20,3780
7529.0,9408.56558222199,0.0,0,20,3780
7530.0,9408.56558222199,0.0,0,20,3780
7531.0,9408.56558222199,0.0,0,20,3780
7532.0,9408.56558222199,0.0,0,20,3780
7533.0,9408.56558222199,0.0,0,20,3780
7534.0,9408.56558222199,0.0,0,20,3780
7535.0,9408.56558222199,0.0,0,20,3780
7536.0,9408.56558222199,0.0,0,20,3780
7537.0,9408.56558222199,0.0,0,20,3780
7538.0,9408.56558222199,0.0,0,20,3780
7539.0,9408.56558222199,0.0,0,20,3780
7540.0,9408.56558222199,0.0,0,20,3780
7541.0,9408.56558222199,0.0,0,20,3780
7542.0,9408.56558222199,0.0,0,20,3780
7543.0,9408.56558222199,0.0,0,20,3780
7544.0,9408.56558222199,0.0,0,20,3780
7545.0,9408.56558222199,0.0,0,20,3780
7546.0,9408.56558222199,0.0,0,20,3780
7547.0,9408.56558222199,0.0,0,20,3780
7548.0,9408.56558222199,0.0,0,20,3780
7549.0,9408.56558222199,0.0,0,20,3780
7550.0,9408.56558222199,0.0,0,20,3780
7551.0,9408.56558222199,0.0,0,20,3780
7552.0,9408.56558222199,0.0,0,20,3780
7553.0,9408.56558222199,0.0,0,20,3780
7554.0,9408.56558222199,0.0,0,20,3780
7555.0,9408.56558222199,0.0,0,20,3780
7556.0,9408.56558222199,0.0,0,20,3780
7557.0,9408.56558222199,0.0,0,20,3780
7558.0,9408.56558222199,0.0,0,20,3780
7559.0,9408.56558222199,0.0,0,20,3780
7560.0,9408.56558222199,0.0,0,20,3780
7561.0,9408.56558222199,0.0,0,20,3780
7562.0,9408.56558222199,0.0,0,20,3780
7563.0,9408.56558222199,0.0,0,20,3780
7564.0,9408.56558222199,0.0,0,20,3780
7565.0,9408.56558222199,0.0,0,20,3780
7566.0,9408.56558222199,0.0,0,20,3780
7567.0,9408.56558222199,0.0,0,20,3780
7568.0,9408.56558222199,0.0,0,20,3780
7569.0,9408.56558222199,0.0,0,20,3780
7570.0,9408.56558222199,0.0,0,20,3780
7571.0,9408.56558222199,0.0,0,20,3780
7572.0,9408.56558222199,0.0,0,20,3780
7573.0,9408.56558222199,0.0,0,20,3780
7574.0,9408.56558222199,0.0,0,20,3780
7575.0,9408.56558222199,0.0,0,20,3780
7576.0,9408.56558222199,0.0,0,20,3780
7577.0,9408.56558222199,0.0,0,20,3780
7578.0,9408.56558222199,0.0,0,20,3780
7579.0,9408.56558222199,0.0,0,20,3780
7580.0,9408.56558222199,0.0,0,20,3780
7581.0,9408.56558222199,0.0,0,20,3780
7582.0,9408.56558222199,0.0,0,20,3780
7583.0,9408.56558222199,0.0,0,20,3780
7584.0,9408.56558222199,0.0,0,20,3780
7585.0,9408.56558222199,0.0,0,20,3780
7586.0,9408.56558222199,0.0,0,20,3780
7587.0,9408.56558222199,0.0,0,20,3780
7588.0,9408.56558222199,0.0,0,20,3780
7589.0,9408.56558222199,0.0,0,20,3780
7590.0,9408.56558222199,0.0,0,20,3780
7591.0,9408.56558222199,0.0,0,20,3780
7592.0,9408.56558222199,0.0,0,20,3780
7593.0,9408.56558222199,0.0,0,20,3780
7594.0,9408.56558222199,0.0,0,20,3780
7595.0,9408.56558222199,0.0,0,20,3780
7596.0,9408.56558222199,0.0,0,20,3780
7597.0,9408.56558222199,0.0,0,20,3780
7598.0,9408.56558222199,0.0,0,20,3780
7599.0,9408.56558222199,0.0,0,20,3780
7600.0,9408.56558222199,0.0,0,20,3780
7601.0,9408.56558222199,0.0,0,20,3780
7602.0,9408.56558222199,0.0,0,20,3780
7603.0,9408.56558222199,0.0,0,20,3780
7604.0,9408.56558222199,0.0,0,20,3780
7605.0,9408.56558222199,0.0,0,20,3780
7606.0,9408.56558222199,0.0,0,20,3780
7607.0,9408.56558222199,0.0,0,20,3780
7608.0,9408.56558222199,0.0,0,20,3780
7609.0,9408.56558222199,0.0,0,20,3780
7610.0,9408.56558222199,0.0,0,20,3780
7611.0,9408.56558222199,0.0,0,20,3780
7612.0,9408.56558222199,0.0,0,20,3780
7613.0,9408.56558222199,0.0,0,20,3780
7614.0,9408.56558222199,0.0,0,20,3780
7615.0,9408.56558222199,0.0,0,20,3780
7616.0,9408.56558222199,0.0,0,20,3780
7617.0,9408.56558222199,0.0,0,20,3780
7618.0,9408.56558222199,0.0,0,20,3780
7619.0,9408.56558222199,0.0,0,20,3780
7620.0,9408.56558222199,0.0,0,20,3780
7621.0,9408.56558222199,0.0,0,20,3780
7622.0,9408.56558222199,0.0,0,20,3780
7623.0,9408.56558222199,0.0,0,20,3780
7624.0,9408.56558222199,0.0,0,20,3780
7625.0,9408.56558222199,0.0,0,20,3780
7626.0,9408.56558222199,0.0,0,20,3780
7627.0,9408.56558222199,0.0,0,20,3780
7628.0,9408.56558222199,0.0,0,20,3780
7629.0,9408.56558222199,0.0,0,20,3780
7630.0,9408.56558222199,0.0,0,20,3780
7631.0,9408.56558222199,0.0,0,20,3780
7632.0,9408.56558222199,0.0,0,20,3780
7633.0,9408.56558222199,0.0,0,20,3780
7634.0,9408.56558222199,0.0,0,20,3780
7635.0,9408.56558222199,0.0,0,20,3780
7636.0,9408.56558222199,0.0,0,20,3780
7637.0,9408.56558222199,0.0,0,20,3780
7638.0,9408.56558222199,0.0,0,20,3780
7639.0,9408.56558222199,0.0,0,20,3780
7640.0,9408.56558222199,0.0,0,20,3780
7641.0,9408.56558222199,0.0,0,20,3780
7642.0,9408.56558222199,0.0,0,20,3780
7643.0,9408.56558222199,0.0,0,20,3780
7644.0,9408.56558222199,0.0,0,20,3780
7645.0,9408.56558222199,0.0,0,20,3780
7646.0,9408.56558222199,0.0,0,20,3780
7647.0,9408.56558222199,0.0,0,20,3780
7648.0,9408.56558222199,0.0,0,20,3780
7649.0,9408.56558222199,0.0,0,20,3780
7650.0,9408.56558222199,0.0,0,20,3780
7651.0,9408.56558222199,0.0,0,20,3780
7652.0,9408.56558222199,0.0,0,20,3780
7653.0,9408.56558222199,0.0,0,20,3780
7654.0,9408.56558222199,0.0,0,20,3780
7655.0,9408.56558222199,0.0,0,20,3780
7656.0,9408.56558222199,0.0,0,20,3780
7657.0,9408.56558222199,0.0,0,20,3780
7658.0,9408.56558222199,0.0,0,20,3780
7659.0,9408.56558222199,0.0,0,20,3780
7660.0,9408.56558222199,0.0,0,20,3780
7661.0,9408.56558222199,0.0,0,20,3780
7662.0,9408.56558222199,0.0,0,20,3780
7663.0,9408.56558222199,0.0,0,20,3780
7664.0,9408.56558222199,0.0,0,20,3780
7665.0,9408.56558222199,0.0,0,20,3780
7666.0,9408.56558222199,0.0,0,20,3780
7667.0,9408.56558222199,0.0,0,20,3780
7668.0,9408.56558222199,0.0,0,20,3780
7669.0,9408.56558222199,0.0,0,20,3780
7670.0,9408.56558222199,0.0,0,20,3780
7671.0,9408.56558222199,0.0,0,20,3780
7672.0,9408.56558222199,0.0,0,20,3780
7673.0,9408.56558222199,0.0,0,20,3780
7674.0,9408.56558222199,0.0,0,20,3780
7675.0,9408.56558222199,0.0,0,20,3780
7676.0,9408.56558222199,0.0,0,20,3780
7677.0,9408.56558222199,0.0,0,20,3780
7678.0,9408.56558222199,0.0,0,20,3780
7679.0,9408.56558222199,0.0,0,20,3780
7680.0,9408.56558222199,0.0,0,20,3780
7681.0,9408.56558222199,0.0,0,20,3780
7682.0,9408.56558222199,0.0,0,20,3780
7683.0,9408.56558222199,0.0,0,20,3780
7684.0,9408.56558222199,0.0,0,20,3780
7685.0,9408.56558222199,0.0,0,20,3780
7686.0,9408.56558222199,0.0,0,20,3780
7687.0,9408.56558222199,0.0,0,20,3780
7688.0,9408.56558222199,0.0,0,20,3780
7689.0,9408.56558222199,0.0,0,20,3780
7690.0,9408.56558222199,0.0,0,20,3780
7691.0,9408.56558222199,0.0,0,20,3780
7692.0,9408.56558222199,0.0,0,20,3780
7693.0,9408.56558222199,0.0,0,20,3780
7694.0,9408.56558222199,0.0,0,20,3780
7695.0,9408.56558222199,0.0,0,20,3780
7696.0,9408.56558222199,0.0,0,20,3780
7697.0,9408.56558222199,0.0,0,20,3780
7698.0,9408.56558222199,0.0,0,20,3780
7699.0,9408.56558222199,0.0,0,20,3780
7700.0,9408.56558222199,0.0,0,20,3780
7701.0,9408.56558222199,0.0,0,20,3780
7702.0,9408.56558222199,0.0,0,20,3780
7703.0,9408.56558222199,0.0,0,20,3780
7704.0,9408.56558222199,0.0,0,20,3780
7705.0,9408.56558222199,0.0,0,20,3780
7706.0,9408.56558222199,0.0,0,20,3780
7707.0,9408.56558222199,0.0,0,20,3780
7708.0,9408.56558222199,0.0,0,20,3780
7709.0,9408.56558222199,0.0,0,20,3780
7710.0,9408.56558222199,0.0,0,20,3780
7711.0,9408.56558222199,0.0,0,20,3780
7712.0,9408.56558222199,0.0,0,20,3780
7713.0,9408.56558222199,0.0,0,20,3780
7714.0,9408.56558222199,0.0,0,20,3780
7715.0,9408.56558222199,0.0,0,20,3780
7716.0,9408.56558222199,0.0,0,20,3780
7717.0,9408.56558222199,0.0,0,20,3780
7718.0,9408.56558222199,0.0,0,20,3780
7719.0,9408.56558222199,0.0,0,20,3780
7720.0,9408.56558222199,0.0,0,20,3780
7721.0,9408.56558222199,0.0,0,20,3780
7722.0,9408.56558222199,0.0,0,20,3780
7723.0,9408.56558222199,0.0,0,20,3780
7724.0,9408.56558222199,0.0,0,20,3780
7725.0,9408.56558222199,0.0,0,20,3780
7726.0,9408.56558222199,0.0,0,20,3780
7727.0,9408.56558222199,0.0,0,20,3780
7728.0,9408.56558222199,0.0,0,20,3780
7729.0,9408.56558222199,0.0,0,20,3780
7730.0,9408.56558222199,0.0,0,20,3780
7731.0,9408.56558222199,0.0,0,20,3780
7732.0,9408.56558222199,0.0,0,20,3780
7733.0,9408.56558222199,0.0,0,20,3780
7734.0,9408.56558222199,0.0,0,20,3780
7735.0,9408.56558222199,0.0,0,20,3780
7736.0,9408.56558222199,0.0,0,20,3780
7737.0,9408.56558222199,0.0,0,20,3780
7738.0,9408.56558222199,0.0,0,20,3780
7739.0,9408.56558222199,0.0,0,20,3780
7740.0,9408.56558222199,0.0,0,20,3780
7741.0,9408.56558222199,0.0,0,20,3780
7742.0,9408.56558222199,0.0,0,20,3780
7743.0,9408.56558222199,0.0,0,20,3780
7744.0,9408.56558222199,0.0,0,20,3780
7745.0,9408.56558222199,0.0,0,20,3780
7746.0,9408.56558222199,0.0,0,20,3780
7747.0,9408.56558222199,0.0,0,20,3780
7748.0,9408.56558222199,0.0,0,20,3780
7749.0,9408.56558222199,0.0,0,20,3780
7750.0,9408.56558222199,0.0,0,20,3780
7751.0,9408.56558222199,0.0,0,20,3780
7752.0,9408.56558222199,0.0,0,20,3780
7753.0,9408.56558222199,0.0,0,20,3780
7754.0,9408.56558222199,0.0,0,20,3780
7755.0,9408.56558222199,0.0,0,20,3780
7756.0,9408.56558222199,0.0,0,20,3780
7757.0,9408.56558222199,0.0,0,20,3780
7758.0,9408.56558222199,0.0,0,20,3780
7759.0,9408.56558222199,0.0,0,20,3780
7760.0,9408.56558222199,0.0,0,20,3780
7761.0,9408.56558222199,0.0,0,20,3780
7762.0,9408.56558222199,0.0,0,20,3780
7763.0,9408.56558222199,0.0,0,20,3780
7764.0,9408.56558222199,0.0,0,20,3780
7765.0,9408.56558222199,0.0,0,20,3780
7766.0,9408.56558222199,0.0,0,20,3780
7767.0,9408.56558222199,0.0,0,20,3780
7768.0,9408.56558222199,0.0,0,20,3780
7769.0,9408.56558222199,0.0,0,20,3780
7770.0,9408.56558222199,0.0,0,20,3780
7771.0,9408.56558222199,0.0,0,20,3780
7772.0,9408.56558222199,0.0,0,20,3780
7773.0,9408.56558222199,0.0,0,20,3780
7774.0,9408.56558222199,0.0,0,20,3780
7775.0,9408.56558222199,0.0,0,20,3780
7776.0,9408.56558222199,0.0,0,20,3780
7777.0,9408.56558222199,0.0,0,20,3780
7778.0,9408.56558222199,0.0,0,20,3780
7779.0,9408.56558222199,0.0,0,20,3780
7780.0,9408.56558222199,0.0,0,20,3780
7781.0,9408.56558222199,0.0,0,20,3780
7782.0,9408.56558222199,0.0,0,20,3780
7783.0,9408.56558222199,0.0,0,20,3780
7784.0,9408.56558222199,0.0,0,20,3780
7785.0,9408.56558222199,0.0,0,20,3780
7786.0,9408.56558222199,0.0,0,20,3780
7787.0,9408.56558222199,0.0,0,20,3780
7788.0,9408.56558222199,0.0,0,20,3780
7789.0,9408.56558222199,0.0,0,20,3780
7790.0,9408.56558222199,0.0,0,20,3780
7791.0,9408.56558222199,0.0,0,20,3780
7792.0,9408.56558222199,0.0,0,20,3780
7793.0,9408.56558222199,0.0,0,20,3780
7794.0,9408.56558222199,0.0,0,20,3780
7795.0,9408.56558222199,0.0,0,20,3780
7796.0,9408.56558222199,0.0,0,20,3780
7797.0,9408.56558222199,0.0,0,20,3780
7798.0,9408.56558222199,0.0,0,20,3780
7799.0,9408.56558222199,0.0,0,20,3780
7800.0,9408.56558222199,0.0,0,20,3780
7801.0,9408.56558222199,0.0,0,20,3780
7802.0,9408.56558222199,0.0,0,20,3780
7803.0,9408.56558222199,0.0,0,20,3780
7804.0,9408.56558222199,0.0,0,20,3780
7805.0,9408.56558222199,0.0,0,20,3780
7806.0,9408.56558222199,0.0,0,20,3780
7807.0,9408.56558222199,0.0,0,20,3780
7808.0,9408.56558222199,0.0,0,20,3780
7809.0,9408.56558222199,0.0,0,20,3780
7810.0,9408.56558222199,0.0,0,20,3780
7811.0,9408.56558222199,0.0,0,20,3780
7812.0,9408.56558222199,0.0,0,20,3780
7813.0,9408.56558222199,0.0,0,20,3780
7814.0,9408.56558222199,0.0,0,20,3780
7815.0,9408.56558222199,0.0,0,20,3780
7816.0,9408.56558222199,0.0,0,20,3780
7817.0,9408.56558222199,0.0,0,20,3780
7818.0,9408.56558222199,0.0,0,20,3780
7819.0,9408.56558222199,0.0,0,20,3780
7820.0,9408.56558222199,0.0,0,20,3780
7821.0,9408.56558222199,0.0,0,20,3780
7822.0,9408.56558222199,0.0,0,20,3780
7823.0,9408.56558222199,0.0,0,20,3780
7824.0,9408.56558222199,0.0,0,20,3780
7825.0,9408.56558222199,0.0,0,20,3780
7826.0,9408.56558222199,0.0,0,20,3780
7827.0,9408.56558222199,0.0,0,20,3780
7828.0,9408.56558222199,0.0,0,20,3780
7829.0,9408.56558222199,0.0,0,20,3780
7830.0,9408.56558222199,0.0,0,20,3780
7831.0,9408.56558222199,0.0,0,20,3780
7832.0,9408.56558222199,0.0,0,20,3780
7833.0,9408.56558222199,0.0,0,20,3780
7834.0,9408.56558222199,0.0,0,20,3780
7835.0,9408.56558222199,0.0,0,20,3780
7836.0,9408.56558222199,0.0,0,20,3780
7837.0,9408.56558222199,0.0,0,20,3780
7838.0,9408.56558222199,0.0,0,20,3780
7839.0,9408.56558222199,0.0,0,20,3780
7840.0,9408.56558222199,0.0,0,20,3780
7841.0,9408.56558222199,0.0,0,20,3780
7842.0,9408.56558222199,0.0,0,20,3780
7843.0,9408.56558222199,0.0,0,20,3780
7844.0,9408.56558222199,0.0,0,20,3780
7845.0,9408.56558222199,0.0,0,20,3780
7846.0,9408.56558222199,0.0,0,20,3780
7847.0,9408.56558222199,0.0,0,20,3780
7848.0,9408.56558222199,0.0,0,20,3780
7849.0,9408.56558222199,0.0,0,20,3780
7850.0,9408.56558222199,0.0,0,20,3780
7851.0,9408.56558222199,0.0,0,20,3780
7852.0,9408.56558222199,0.0,0,20,3780
7853.0,9408.56558222199,0.0,0,20,3780
7854.0,9408.56558222199,0.0,0,20,3780
7855.0,9408.56558222199,0.0,0,20,3780
7856.0,9408.56558222199,0.0,0,20,3780
7857.0,9408.56558222199,0.0,0,20,3780
7858.0,9408.56558222199,0.0,0,20,3780
7859.0,9408.56558222199,0.0,0,20,3780
7860.0,9408.56558222199,0.0,0,20,3780
7861.0,9408.56558222199,0.0,0,20,3780
7862.0,9408.56558222199,0.0,0,20,3780
7863.0,9408.56558222199,0.0,0,20,3780
7864.0,9408.56558222199,0.0,0,20,3780
7865.0,9408.56558222199,0.0,0,20,3780
7866.0,9408.56558222199,0.0,0,20,3780
7867.0,9408.56558222199,0.0,0,20,3780
7868.0,9408.56558222199,0.0,0,20,3780
7869.0,9408.56558222199,0.0,0,20,3780
7870.0,9408.56558222199,0.0,0,20,3780
7871.0,9408.56558222199,0.0,0,20,3780
7872.0,9408.56558222199,0.0,0,20,3780
7873.0,9408.56558222199,0.0,0,20,3780
7874.0,9408.56558222199,0.0,0,20,3780
7875.0,9408.56558222199,0.0,0,20,3780
7876.0,9408.56558222199,0.0,0,20,3780
7877.0,9408.56558222199,0.0,0,20,3780
7878.0,9408.56558222199,0.0,0,20,3780
7879.0,9408.56558222199,0.0,0,20,3780
7880.0,9408.56558222199,0.0,0,20,3780
7881.0,9408.56558222199,0.0,0,20,3780
7882.0,9408.56558222199,0.0,0,20,3780
7883.0,9408.56558222199,0.0,0,20,3780
7884.0,9408.56558222199,0.0,0,20,3780
7885.0,9408.56558222199,0.0,0,20,3780
7886.0,9408.56558222199,0.0,0,20,3780
7887.0,9408.56558222199,0.0,0,20,3780
7888.0,9408.56558222199,0.0,0,20,3780
7889.0,9408.56558222199,0.0,0,20,3780
7890.0,9408.56558222199,0.0,0,20,3780
7891.0,9408.56558222199,0.0,0,20,3780
7892.0,9408.56558222199,0.0,0,20,3780
7893.0,9408.56558222199,0.0,0,20,3780
7894.0,9408.56558222199,0.0,0,20,3780
7895.0,9408.56558222199,0.0,0,20,3780
7896.0,9408.56558222199,0.0,0,20,3780
7897.0,9408.56558222199,0.0,0,20,3780
7898.0,9408.56558222199,0.0,0,20,3780
7899.0,9408.56558222199,0.0,0,20,3780
7900.0,9408.56558222199,0.0,0,20,3780
7901.0,9408.56558222199,0.0,0,20,3780
7902.0,9408.56558222199,0.0,0,20,3780
7903.0,9408.56558222199,0.0,0,20,3780
7904.0,9408.56558222199,0.0,0,20,3780
7905.0,9408.56558222199,0.0,0,20,3780
7906.0,9408.56558222199,0.0,0,20,3780
7907.0,9408.56558222199,0.0,0,20,3780
7908.0,9408.56558222199,0.0,0,20,3780
7909.0,9408.56558222199,0.0,0,20,3780
7910.0,9408.56558222199,0.0,0,20,3780
7911.0,9408.56558222199,0.0,0,20,3780
7912.0,9408.56558222199,0.0,0,20,3780
7913.0,9408.56558222199,0.0,0,20,3780
7914.0,9408.56558222199,0.0,0,20,3780
7915.0,9408.56558222199,0.0,0,20,3780
7916.0,9408.56558222199,0.0,0,20,3780
7917.0,9408.56558222199,0.0,0,20,3780
7918.0,9408.56558222199,0.0,0,20,3780
7919.0,9408.56558222199,0.0,0,20,3780
7920.0,9408.56558222199,0.0,0,20,3780
7921.0,9408.56558222199,0.0,0,20,3780
7922.0,9408.56558222199,0.0,0,20,3780
7923.0,9408.56558222199,0.0,0,20,3780
7924.0,9408.56558222199,0.0,0,20,3780
7925.0,9408.56558222199,0.0,0,20,3780
7926.0,9408.56558222199,0.0,0,20,3780
7927.0,9408.56558222199,0.0,0,20,3780
7928.0,9408.56558222199,0.0,0,20,3780
7929.0,9408.56558222199,0.0,0,20,3780
7930.0,9408.56558222199,0.0,0,20,3780
7931.0,9408.56558222199,0.0,0,20,3780
7932.0,9408.56558222199,0.0,0,20,3780
7933.0,9408.56558222199,0.0,0,20,3780
7934.0,9408.56558222199,0.0,0,20,3780
7935.0,9408.56558222199,0.0,0,20,3780
7936.0,9408.56558222199,0.0,0,20,3780
7937.0,9408.56558222199,0.0,0,20,3780
7938.0,9408.56558222199,0.0,0,20,3780
7939.0,9408.56558222199,0.0,0,20,3780
7940.0,9408.56558222199,0.0,0,20,3780
7941.0,9408.56558222199,0.0,0,20,3780
7942.0,9408.56558222199,0.0,0,20,3780
7943.0,9408.56558222199,0.0,0,20,3780
7944.0,9408.56558222199,0.0,0,20,3780
7945.0,9408.56558222199,0.0,0,20,3780
7946.0,9408.56558222199,0.0,0,20,3780
7947.0,9408.56558222199,0.0,0,20,3780
7948.0,9408.56558222199,0.0,0,20,3780
7949.0,9408.56558222199,0.0,0,20,3780
7950.0,9408.56558222199,0.0,0,20,3780
7951.0,9408.56558222199,0.0,0,20,3780
7952.0,9408.56558222199,0.0,0,20,3780
7953.0,9408.56558222199,0.0,0,20,3780
7954.0,9408.56558222199,0.0,0,20,3780
7955.0,9408.56558222199,0.0,0,20,3780
7956.0,9408.56558222199,0.0,0,20,3780
7957.0,9408.56558222199,0.0,0,20,3780
7958.0,9408.56558222199,0.0,0,20,3780
7959.0,9408.56558222199,0.0,0,20,3780
7960.0,9408.56558222199,0.0,0,20,3780
7961.0,9408.56558222199,0.0,0,20,3780
7962.0,9408.56558222199,0.0,0,20,3780
7963.0,9408.56558222199,0.0,0,20,3780
7964.0,9408.56558222199,0.0,0,20,3780
7965.0,9408.56558222199,0.0,0,20,3780
7966.0,9408.56558222199,0.0,0,20,3780
7967.0,9408.56558222199,0.0,0,20,3780
7968.0,9408.56558222199,0.0,0,20,3780
7969.0,9408.56558222199,0.0,0,20,3780
7970.0,9408.56558222199,0.0,0,20,3780
7971.0,9408.56558222199,0.0,0,20,3780
7972.0,9408.56558222199,0.0,0,20,3780
7973.0,9408.56558222199,0.0,0,20,3780
7974.0,9408.56558222199,0.0,0,20,3780
7975.0,9408.56558222199,0.0,0,20,3780
7976.0,9408.56558222199,0.0,0,20,3780
7977.0,9408.56558222199,0.0,0,20,3780
7978.0,9408.56558222199,0.0,0,20,3780
7979.0,9408.56558222199,0.0,0,20,3780
7980.0,9408.56558222199,0.0,0,20,3780
7981.0,9408.56558222199,0.0,0,20,3780
7982.0,9408.56558222199,0.0,0,20,3780
7983.0,9408.56558222199,0.0,0,20,3780
7984.0,9408.56558222199,0.0,0,20,3780
7985.0,9408.56558222199,0.0,0,20,3780
7986.0,9408.56558222199,0.0,0,20,3780
7987.0,9408.56558222199,0.0,0,20,3780
7988.0,9408.56558222199,0.0,0,20,3780
7989.0,9408.56558222199,0.0,0,20,3780
7990.0,9408.56558222199,0.0,0,20,3780
7991.0,9408.56558222199,0.0,0,20,3780
7992.0,9408.56558222199,0.0,0,20,3780
7993.0,9408.56558222199,0.0,0,20,3780
7994.0,9408.56558222199,0.0,0,20,3780
7995.0,9408.56558222199,0.0,0,20,3780
7996.0,9408.56558222199,0.0,0,20,3780
7997.0,9408.56558222199,0.0,0,20,3780
7998.0,9408.56558222199,0.0,0,20,3780
7999.0,9408.56558222199,0.0,0,20,3780
8000.0,9408.56558222199,0.0,0,20,3780
8001.0,9408.56558222199,0.0,0,20,3780
8002.0,9408.56558222199,0.0,0,20,3780
8003.0,9408.56558222199,0.0,0,20,3780
8004.0,9408.56558222199,0.0,0,20,3780
8005.0,9408.56558222199,0.0,0,20,3780
8006.0,9408.56558222199,0.0,0,20,3780
8007.0,9408.56558222199,0.0,0,20,3780
8008.0,9408.56558222199,0.0,0,20,3780
8009.0,9408.56558222199,0.0,0,20,3780
8010.0,9408.56558222199,0.0,0,20,3780
8011.0,9408.56558222199,0.0,0,20,3780
8012.0,9408.56558222199,0.0,0,20,3780
8013.0,9408.56558222199,0.0,0,20,3780
8014.0,9408.56558222199,0.0,0,20,3780
8015.0,9408.56558222199,0.0,0,20,3780
8016.0,9408.56558222199,0.0,0,20,3780
8017.0,9408.56558222199,0.0,0,20,3780
8018.0,9408.56558222199,0.0,0,20,3780
8019.0,9408.56558222199,0.0,0,20,3780
8020.0,9408.56558222199,0.0,0,20,3780
8021.0,9408.56558222199,0.0,0,20,3780
8022.0,9408.56558222199,0.0,0,20,3780
8023.0,9408.56558222199,0.0,0,20,3780
8024.0,9408.56558222199,0.0,0,20,3780
8025.0,9408.56558222199,0.0,0,20,3780
8026.0,9408.56558222199,0.0,0,20,3780
8027.0,9408.56558222199,0.0,0,20,3780
8028.0,9408.56558222199,0.0,0,20,3780
8029.0,9408.56558222199,0.0,0,20,3780
8030.0,9408.56558222199,0.0,0,20,3780
8031.0,9408.56558222199,0.0,0,20,3780
8032.0,9408.56558222199,0.0,0,20,3780
8033.0,9408.56558222199,0.0,0,20,3780
8034.0,9408.56558222199,0.0,0,20,3780
8035.0,9408.56558222199,0.0,0,20,3780
8036.0,9408.56558222199,0.0,0,20,3780
8037.0,9408.56558222199,0.0,0,20,3780
8038.0,9408.56558222199,0.0,0,20,3780
8039.0,9408.56558222199,0.0,0,20,3780
8040.0,9408.56558222199,0.0,0,20,3780
8041.0,9408.56558222199,0.0,0,20,3780
8042.0,9408.56558222199,0.0,0,20,3780
8043.0,9408.56558222199,0.0,0,20,3780
8044.0,9408.56558222199,0.0,0,20,3780
8045.0,9408.56558222199,0.0,0,20,3780
8046.0,9408.56558222199,0.0,0,20,3780
8047.0,9408.56558222199,0.0,0,20,3780
8048.0,9408.56558222199,0.0,0,20,3780
8049.0,9408.56558222199,0.0,0,20,3780
8050.0,9408.56558222199,0.0,0,20,3780
8051.0,9408.56558222199,0.0,0,20,3780
8052.0,9408.56558222199,0.0,0,20,3780
8053.0,9408.56558222199,0.0,0,20,3780
8054.0,9408.56558222199,0.0,0,20,3780
8055.0,9408.56558222199,0.0,0,20,3780
8056.0,9408.56558222199,0.0,0,20,3780
8057.0,9408.56558222199,0.0,0,20,3780
8058.0,9408.56558222199,0.0,0,20,3780
8059.0,9408.56558222199,0.0,0,20,3780
8060.0,9408.56558222199,0.0,0,20,3780
8061.0,9408.56558222199,0.0,0,20,3780
8062.0,9408.56558222199,0.0,0,20,3780
8063.0,9408.56558222199,0.0,0,20,3780
8064.0,9408.56558222199,0.0,0,20,3780
8065.0,9408.56558222199,0.0,0,20,3780
8066.0,9408.56558222199,0.0,0,20,3780
8067.0,9408.56558222199,0.0,0,20,3780
8068.0,9408.56558222199,0.0,0,20,3780
8069.0,9408.56558222199,0.0,0,20,3780
8070.0,9408.56558222199,0.0,0,20,3780
8071.0,9408.56558222199,0.0,0,20,3780
8072.0,9408.56558222199,0.0,0,20,3780
8073.0,9408.56558222199,0.0,0,20,3780
8074.0,9408.56558222199,0.0,0,20,3780
8075.0,9408.56558222199,0.0,0,20,3780
8076.0,9408.56558222199,0.0,0,20,3780
8077.0,9408.56558222199,0.0,0,20,3780
8078.0,9408.56558222199,0.0,0,20,3780
8079.0,9408.56558222199,0.0,0,20,3780
8080.0,9408.56558222199,0.0,0,20,3780
8081.0,9408.56558222199,0.0,0,20,3780
8082.0,9408.56558222199,0.0,0,20,3780
8083.0,9408.56558222199,0.0,0,20,3780
8084.0,9408.56558222199,0.0,0,20,3780
8085.0,9408.56558222199,0.0,0,20,3780
8086.0,9408.56558222199,0.0,0,20,3780
8087.0,9408.56558222199,0.0,0,20,3780
8088.0,9408.56558222199,0.0,0,20,3780
8089.0,9408.56558222199,0.0,0,20,3780
8090.0,9408.56558222199,0.0,0,20,3780
8091.0,9408.56558222199,0.0,0,20,3780
8092.0,9408.56558222199,0.0,0,20,3780
8093.0,9408.56558222199,0.0,0,20,3780
8094.0,9408.56558222199,0.0,0,20,3780
8095.0,9408.56558222199,0.0,0,20,3780
8096.0,9408.56558222199,0.0,0,20,3780
8097.0,9408.56558222199,0.0,0,20,3780
8098.0,9408.56558222199,0.0,0,20,3780
8099.0,9408.56558222199,0.0,0,20,3780
8100.0,9408.56558222199,0.0,0,20,3780
8101.0,9408.56558222199,0.0,0,20,3780
8102.0,9408.56558222199,0.0,0,20,3780
8103.0,9408.56558222199,0.0,0,20,3780
8104.0,9408.56558222199,0.0,0,20,3780
8105.0,9408.56558222199,0.0,0,20,3780
8106.0,9408.56558222199,0.0,0,20,3780
8107.0,9408.56558222199,0.0,0,20,3780
8108.0,9408.56558222199,0.0,0,20,3780
8109.0,9408.56558222199,0.0,0,20,3780
8110.0,9408.56558222199,0.0,0,20,3780
8111.0,9408.56558222199,0.0,0,20,3780
8112.0,9408.56558222199,0.0,0,20,3780
8113.0,9408.56558222199,0.0,0,20,3780
8114.0,9408.56558222199,0.0,0,20,3780
8115.0,9408.56558222199,0.0,0,20,3780
8116.0,9408.56558222199,0.0,0,20,3780
8117.0,9408.56558222199,0.0,0,20,3780
8118.0,9408.56558222199,0.0,0,20,3780
8119.0,9408.56558222199,0.0,0,20,3780
8120.0,9408.56558222199,0.0,0,20,3780
8121.0,9408.56558222199,0.0,0,20,3780
8122.0,9408.56558222199,0.0,0,20,3780
8123.0,9408.56558222199,0.0,0,20,3780
8124.0,9408.56558222199,0.0,0,20,3780
8125.0,9408.56558222199,0.0,0,20,3780
8126.0,9408.56558222199,0.0,0,20,3780
8127.0,9408.56558222199,0.0,0,20,3780
8128.0,9408.56558222199,0.0,0,20,3780
8129.0,9408.56558222199,0.0,0,20,3780
8130.0,9408.56558222199,0.0,0,20,3780
8131.0,9408.56558222199,0.0,0,20,3780
8132.0,9408.56558222199,0.0,0,20,3780
8133.0,9408.56558222199,0.0,0,20,3780
8134.0,9408.56558222199,0.0,0,20,3780
8135.0,9408.56558222199,0.0,0,20,3780
8136.0,9408.56558222199,0.0,0,20,3780
8137.0,9408.56558222199,0.0,0,20,3780
8138.0,9408.56558222199,0.0,0,20,3780
8139.0,9408.56558222199,0.0,0,20,3780
8140.0,9408.56558222199,0.0,0,20,3780
8141.0,9408.56558222199,0.0,0,20,3780
8142.0,9408.56558222199,0.0,0,20,3780
8143.0,9408.56558222199,0.0,0,20,3780
8144.0,9408.56558222199,0.0,0,20,3780
8145.0,9408.56558222199,0.0,0,20,3780
8146.0,9408.56558222199,0.0,0,20,3780
8147.0,9408.56558222199,0.0,0,20,3780
8148.0,9408.56558222199,0.0,0,20,3780
8149.0,9408.56558222199,0.0,0,20,3780
8150.0,9408.56558222199,0.0,0,20,3780
8151.0,9408.56558222199,0.0,0,20,3780
8152.0,9408.56558222199,0.0,0,20,3780
8153.0,9408.56558222199,0.0,0,20,3780
8154.0,9408.56558222199,0.0,0,20,3780
8155.0,9408.56558222199,0.0,0,20,3780
8156.0,9408.56558222199,0.0,0,20,3780
8157.0,9408.56558222199,0.0,0,20,3780
8158.0,9408.56558222199,0.0,0,20,3780
8159.0,9408.56558222199,0.0,0,20,3780
8160.0,9408.56558222199,0.0,0,20,3780
8161.0,9408.56558222199,0.0,0,20,3780
8162.0,9408.56558222199,0.0,0,20,3780
8163.0,9408.56558222199,0.0,0,20,3780
8164.0,9408.56558222199,0.0,0,20,3780
8165.0,9408.56558222199,0.0,0,20,3780
8166.0,9408.56558222199,0.0,0,20,3780
8167.0,9408.56558222199,0.0,0,20,3780
8168.0,9408.56558222199,0.0,0,20,3780
8169.0,9408.56558222199,0.0,0,20,3780
8170.0,9408.56558222199,0.0,0,20,3780
8171.0,9408.56558222199,0.0,0,20,3780
8172.0,9408.56558222199,0.0,0,20,3780
8173.0,9408.56558222199,0.0,0,20,3780
8174.0,9408.56558222199,0.0,0,20,3780
8175.0,9408.56558222199,0.0,0,20,3780
8176.0,9408.56558222199,0.0,0,20,3780
8177.0,9408.56558222199,0.0,0,20,3780
8178.0,9408.56558222199,0.0,0,20,3780
8179.0,9408.56558222199,0.0,0,20,3780
8180.0,9408.56558222199,0.0,0,20,3780
8181.0,9408.56558222199,0.0,0,20,3780
8182.0,9408.56558222199,0.0,0,20,3780
8183.0,9408.56558222199,0.0,0,20,3780
8184.0,9408.56558222199,0.0,0,20,3780
8185.0,9408.56558222199,0.0,0,20,3780
8186.0,9408.56558222199,0.0,0,20,3780
8187.0,9408.56558222199,0.0,0,20,3780
8188.0,9408.56558222199,0.0,0,20,3780
8189.0,9408.56558222199,0.0,0,20,3780
8190.0,9408.56558222199,0.0,0,20,3780
8191.0,9408.56558222199,0.0,0,20,3780
8192.0,9408.56558222199,0.0,0,20,3780
8193.0,9408.56558222199,0.0,0,20,3780
8194.0,9408.56558222199,0.0,0,20,3780
8195.0,9408.56558222199,0.0,0,20,3780
8196.0,9408.56558222199,0.0,0,20,3780
8197.0,9408.56558222199,0.0,0,20,3780
8198.0,9408.56558222199,0.0,0,20,3780
8199.0,9408.56558222199,0.0,0,20,3780
8200.0,9408.56558222199,0.0,0,20,3780
8201.0,9408.56558222199,0.0,0,20,3780
8202.0,9408.56558222199,0.0,0,20,3780
8203.0,9408.56558222199,0.0,0,20,3780
8204.0,9408.56558222199,0.0,0,20,3780
8205.0,9408.56558222199,0.0,0,20,3780
8206.0,9408.56558222199,0.0,0,20,3780
8207.0,9408.56558222199,0.0,0,20,3780
8208.0,9408.56558222199,0.0,0,20,3780
8209.0,9408.56558222199,0.0,0,20,3780
8210.0,9408.56558222199,0.0,0,20,3780
8211.0,9408.56558222199,0.0,0,20,3780
8212.0,9408.56558222199,0.0,0,20,3780
8213.0,9408.56558222199,0.0,0,20,3780
8214.0,9408.56558222199,0.0,0,20,3780
8215.0,9408.56558222199,0.0,0,20,3780
8216.0,9408.56558222199,0.0,0,20,3780
8217.0,9408.56558222199,0.0,0,20,3780
8218.0,9408.56558222199,0.0,0,20,3780
8219.0,9408.56558222199,0.0,0,20,3780
8220.0,9408.56558222199,0.0,0,20,3780
8221.0,9408.56558222199,0.0,0,20,3780
8222.0,9408.56558222199,0.0,0,20,3780
8223.0,9408.56558222199,0.0,0,20,3780
8224.0,9408.56558222199,0.0,0,20,3780
8225.0,9408.56558222199,0.0,0,20,3780
8226.0,9408.56558222199,0.0,0,20,3780
8227.0,9408.56558222199,0.0,0,20,3780
8228.0,9408.56558222199,0.0,0,20,3780
8229.0,9408.56558222199,0.0,0,20,3780
8230.0,9408.56558222199,0.0,0,20,3780
8231.0,9408.56558222199,0.0,0,20,3780
8232.0,9408.56558222199,0.0,0,20,3780
8233.0,9408.56558222199,0.0,0,20,3780
8234.0,9408.56558222199,0.0,0,20,3780
8235.0,9408.56558222199,0.0,0,20,3780
8236.0,9408.56558222199,0.0,0,20,3780
8237.0,9408.56558222199,0.0,0,20,3780
8238.0,9408.56558222199,0.0,0,20,3780
8239.0,9408.56558222199,0.0,0,20,3780
8240.0,9408.56558222199,0.0,0,20,3780
8241.0,9408.56558222199,0.0,0,20,3780
8242.0,9408.56558222199,0.0,0,20,3780
8243.0,9408.56558222199,0.0,0,20,3780
8244.0,9408.56558222199,0.0,0,20,3780
8245.0,9408.56558222199,0.0,0,20,3780
8246.0,9408.56558222199,0.0,0,20,3780
8247.0,9408.56558222199,0.0,0,20,3780
8248.0,9408.56558222199,0.0,0,20,3780
8249.0,9408.56558222199,0.0,0,20,3780
8250.0,9408.56558222199,0.0,0,20,3780
8251.0,9408.56558222199,0.0,0,20,3780
8252.0,9408.56558222199,0.0,0,20,3780
8253.0,9408.56558222199,0.0,0,20,3780
8254.0,9408.56558222199,0.0,0,20,3780
8255.0,9408.56558222199,0.0,0,20,3780
8256.0,9408.56558222199,0.0,0,20,3780
8257.0,9408.56558222199,0.0,0,20,3780
8258.0,9408.56558222199,0.0,0,20,3780
8259.0,9408.56558222199,0.0,0,20,3780
8260.0,9408.56558222199,0.0,0,20,3780
8261.0,9408.56558222199,0.0,0,20,3780
8262.0,9408.56558222199,0.0,0,20,3780
8263.0,9408.56558222199,0.0,0,20,3780
8264.0,9408.56558222199,0.0,0,20,3780
8265.0,9408.56558222199,0.0,0,20,3780
8266.0,9408.56558222199,0.0,0,20,3780
8267.0,9408.56558222199,0.0,0,20,3780
8268.0,9408.56558222199,0.0,0,20,3780
8269.0,9408.56558222199,0.0,0,20,3780
8270.0,9408.56558222199,0.0,0,20,3780
8271.0,9408.56558222199,0.0,0,20,3780
8272.0,9408.56558222199,0.0,0,20,3780
8273.0,9408.56558222199,0.0,0,20,3780
8274.0,9408.56558222199,0.0,0,20,3780
8275.0,9408.56558222199,0.0,0,20,3780
8276.0,9408.56558222199,0.0,0,20,3780
8277.0,9408.56558222199,0.0,0,20,3780
8278.0,9408.56558222199,0.0,0,20,3780
8279.0,9408.56558222199,0.0,0,20,3780
8280.0,9408.56558222199,0.0,0,20,3780
8281.0,9408.56558222199,0.0,0,20,3780
8282.0,9408.56558222199,0.0,0,20,3780
8283.0,9408.56558222199,0.0,0,20,3780
8284.0,9408.56558222199,0.0,0,20,3780
8285.0,9408.56558222199,0.0,0,20,3780
8286.0,9408.56558222199,0.0,0,20,3780
8287.0,9408.56558222199,0.0,0,20,3780
8288.0,9408.56558222199,0.0,0,20,3780
8289.0,9408.56558222199,0.0,0,20,3780
8290.0,9408.56558222199,0.0,0,20,3780
8291.0,9408.56558222199,0.0,0,20,3780
8292.0,9408.56558222199,0.0,0,20,3780
8293.0,9408.56558222199,0.0,0,20,3780
8294.0,9408.56558222199,0.0,0,20,3780
8295.0,9408.56558222199,0.0,0,20,3780
8296.0,9408.56558222199,0.0,0,20,3780
8297.0,9408.56558222199,0.0,0,20,3780
8298.0,9408.56558222199,0.0,0,20,3780
8299.0,9408.56558222199,0.0,0,20,3780
8300.0,9408.56558222199,0.0,0,20,3780
8301.0,9408.56558222199,0.0,0,20,3780
8302.0,9408.56558222199,0.0,0,20,3780
8303.0,9408.56558222199,0.0,0,20,3780
8304.0,9408.56558222199,0.0,0,20,3780
8305.0,9408.56558222199,0.0,0,20,3780
8306.0,9408.56558222199,0.0,0,20,3780
8307.0,9408.56558222199,0.0,0,20,3780
8308.0,9408.56558222199,0.0,0,20,3780
8309.0,9408.56558222199,0.0,0,20,3780
8310.0,9408.56558222199,0.0,0,20,3780
8311.0,9408.56558222199,0.0,0,20,3780
8312.0,9408.56558222199,0.0,0,20,3780
8313.0,9408.56558222199,0.0,0,20,3780
8314.0,9408.56558222199,0.0,0,20,3780
8315.0,9408.56558222199,0.0,0,20,3780
8316.0,9408.56558222199,0.0,0,20,3780
8317.0,9408.56558222199,0.0,0,20,3780
8318.0,9408.56558222199,0.0,0,20,3780
8319.0,9408.56558222199,0.0,0,20,3780
8320.0,9408.56558222199,0.0,0,20,3780
8321.0,9408.56558222199,0.0,0,20,3780
8322.0,9408.56558222199,0.0,0,20,3780
8323.0,9408.56558222199,0.0,0,20,3780
8324.0,9408.56558222199,0.0,0,20,3780
8325.0,9408.56558222199,0.0,0,20,3780
8326.0,9408.56558222199,0.0,0,20,3780
8327.0,9408.56558222199,0.0,0,20,3780
8328.0,9408.56558222199,0.0,0,20,3780
8329.0,9408.56558222199,0.0,0,20,3780
8330.0,9408.56558222199,0.0,0,20,3780
8331.0,9408.56558222199,0.0,0,20,3780
8332.0,9408.56558222199,0.0,0,20,3780
8333.0,9408.56558222199,0.0,0,20,3780
8334.0,9408.56558222199,0.0,0,20,3780
8335.0,9408.56558222199,0.0,0,20,3780
8336.0,9408.56558222199,0.0,0,20,3780
8337.0,9408.56558222199,0.0,0,20,3780
8338.0,9408.56558222199,0.0,0,20,3780
8339.0,9408.56558222199,0.0,0,20,3780
8340.0,9408.56558222199,0.0,0,20,3780
8341.0,9408.56558222199,0.0,0,20,3780
8342.0,9408.56558222199,0.0,0,20,3780
8343.0,9408.56558222199,0.0,0,20,3780
8344.0,9408.56558222199,0.0,0,20,3780
8345.0,9408.56558222199,0.0,0,20,3780
8346.0,9408.56558222199,0.0,0,20,3780
8347.0,9408.56558222199,0.0,0,20,3780
8348.0,9408.56558222199,0.0,0,20,3780
8349.0,9408.56558222199,0.0,0,20,3780
8350.0,9408.56558222199,0.0,0,20,3780
8351.0,9408.56558222199,0.0,0,20,3780
8352.0,9408.56558222199,0.0,0,20,3780
8353.0,9408.56558222199,0.0,0,20,3780
8354.0,9408.56558222199,0.0,0,20,3780
8355.0,9408.56558222199,0.0,0,20,3780
8356.0,9408.56558222199,0.0,0,20,3780
8357.0,9408.56558222199,0.0,0,20,3780
8358.0,9408.56558222199,0.0,0,20,3780
8359.0,9408.56558222199,0.0,0,20,3780
8360.0,9408.56558222199,0.0,0,20,3780
8361.0,9408.56558222199,0.0,0,20,3780
8362.0,9408.56558222199,0.0,0,20,3780
8363.0,9408.56558222199,0.0,0,20,3780
8364.0,9408.56558222199,0.0,0,20,3780
8365.0,9408.56558222199,0.0,0,20,3780
8366.0,9408.56558222199,0.0,0,20,3780
8367.0,9408.56558222199,0.0,0,20,3780
8368.0,9408.56558222199,0.0,0,20,3780
8369.0,9408.56558222199,0.0,0,20,3780
8370.0,9408.56558222199,0.0,0,20,3780
8371.0,9408.56558222199,0.0,0,20,3780
8372.0,9408.56558222199,0.0,0,20,3780
8373.0,9408.56558222199,0.0,0,20,3780
8374.0,9408.56558222199,0.0,0,20,3780
8375.0,9408.56558222199,0.0,0,20,3780
8376.0,9408.56558222199,0.0,0,20,3780
8377.0,9408.56558222199,0.0,0,20,3780
8378.0,9408.56558222199,0.0,0,20,3780
8379.0,9408.56558222199,0.0,0,20,3780
8380.0,9408.56558222199,0.0,0,20,3780
8381.0,9408.56558222199,0.0,0,20,3780
8382.0,9408.56558222199,0.0,0,20,3780
8383.0,9408.56558222199,0.0,0,20,3780
8384.0,9408.56558222199,0.0,0,20,3780
8385.0,9408.56558222199,0.0,0,20,3780
8386.0,9408.56558222199,0.0,0,20,3780
8387.0,9408.56558222199,0.0,0,20,3780
8388.0,9408.56558222199,0.0,0,20,3780
8389.0,9408.56558222199,0.0,0,20,3780
8390.0,9408.56558222199,0.0,0,20,3780
8391.0,9408.56558222199,0.0,0,20,3780
8392.0,9408.56558222199,0.0,0,20,3780
8393.0,9408.56558222199,0.0,0,20,3780
8394.0,9408.56558222199,0.0,0,20,3780
8395.0,9408.56558222199,0.0,0,20,3780
8396.0,9408.56558222199,0.0,0,20,3780
8397.0,9408.56558222199,0.0,0,20,3780
8398.0,9408.56558222199,0.0,0,20,3780
8399.0,9408.56558222199,0.0,0,20,3780
8400.0,9408.56558222199,0.0,0,20,3780
8401.0,9408.56558222199,0.0,0,20,3780
8402.0,9408.56558222199,0.0,0,20,3780
8403.0,9408.56558222199,0.0,0,20,3780
8404.0,9408.56558222199,0.0,0,20,3780
8405.0,9408.56558222199,0.0,0,20,3780
8406.0,9408.56558222199,0.0,0,20,3780
8407.0,9408.56558222199,0.0,0,20,3780
8408.0,9408.56558222199,0.0,0,20,3780
8409.0,9408.56558222199,0.0,0,20,3780
8410.0,9408.56558222199,0.0,0,20,3780
8411.0,9408.56558222199,0.0,0,20,3780
8412.0,9408.56558222199,0.0,0,20,3780
8413.0,9408.56558222199,0.0,0,20,3780
8414.0,9408.56558222199,0.0,0,20,3780
8415.0,9408.56558222199,0.0,0,20,3780
8416.0,9408.56558222199,0.0,0,20,3780
8417.0,9408.56558222199,0.0,0,20,3780
8418.0,9408.56558222199,0.0,0,20,3780
8419.0,9408.56558222199,0.0,0,20,3780
8420.0,9408.56558222199,0.0,0,20,3780
8421.0,9408.56558222199,0.0,0,20,3780
8422.0,9408.56558222199,0.0,0,20,3780
8423.0,9408.56558222199,0.0,0,20,3780
8424.0,9408.56558222199,0.0,0,20,3780
8425.0,9408.56558222199,0.0,0,20,3780
8426.0,9408.56558222199,0.0,0,20,3780
8427.0,9408.56558222199,0.0,0,20,3780
8428.0,9408.56558222199,0.0,0,20,3780
8429.0,9408.56558222199,0.0,0,20,3780
8430.0,9408.56558222199,0.0,0,20,3780
8431.0,9408.56558222199,0.0,0,20,3780
8432.0,9408.56558222199,0.0,0,20,3780
8433.0,9408.56558222199,0.0,0,20,3780
8434.0,9408.56558222199,0.0,0,20,3780
8435.0,9408.56558222199,0.0,0,20,3780
8436.0,9408.56558222199,0.0,0,20,3780
8437.0,9408.56558222199,0.0,0,20,3780
8438.0,9408.56558222199,0.0,0,20,3780
8439.0,9408.56558222199,0.0,0,20,3780
8440.0,9408.56558222199,0.0,0,20,3780
8441.0,9408.56558222199,0.0,0,20,3780
8442.0,9408.56558222199,0.0,0,20,3780
8443.0,9408.56558222199,0.0,0,20,3780
8444.0,9408.56558222199,0.0,0,20,3780
8445.0,9408.56558222199,0.0,0,20,3780
8446.0,9408.56558222199,0.0,0,20,3780
8447.0,9408.56558222199,0.0,0,20,3780
8448.0,9408.56558222199,0.0,0,20,3780
8449.0,9408.56558222199,0.0,0,20,3780
8450.0,9408.56558222199,0.0,0,20,3780
8451.0,9408.56558222199,0.0,0,20,3780
8452.0,9408.56558222199,0.0,0,20,3780
8453.0,9408.56558222199,0.0,0,20,3780
8454.0,9408.56558222199,0.0,0,20,3780
8455.0,9408.56558222199,0.0,0,20,3780
8456.0,9408.56558222199,0.0,0,20,3780
8457.0,9408.56558222199,0.0,0,20,3780
8458.0,9408.56558222199,0.0,0,20,3780
8459.0,9408.56558222199,0.0,0,20,3780
8460.0,9408.56558222199,0.0,0,20,3780
8461.0,9408.56558222199,0.0,0,20,3780
8462.0,9408.56558222199,0.0,0,20,3780
8463.0,9408.56558222199,0.0,0,20,3780
8464.0,9408.56558222199,0.0,0,20,3780
8465.0,9408.56558222199,0.0,0,20,3780
8466.0,9408.56558222199,0.0,0,20,3780
8467.0,9408.56558222199,0.0,0,20,3780
8468.0,9408.56558222199,0.0,0,20,3780
8469.0,9408.56558222199,0.0,0,20,3780
8470.0,9408.56558222199,0.0,0,20,3780
8471.0,9408.56558222199,0.0,0,20,3780
8472.0,9408.56558222199,0.0,0,20,3780
8473.0,9408.56558222199,0.0,0,20,3780
8474.0,9408.56558222199,0.0,0,20,3780
8475.0,9408.56558222199,0.0,0,20,3780
8476.0,9408.56558222199,0.0,0,20,3780
8477.0,9408.56558222199,0.0,0,20,3780
8478.0,9408.56558222199,0.0,0,20,3780
8479.0,9408.56558222199,0.0,0,20,3780
8480.0,9408.56558222199,0.0,0,20,3780
8481.0,9408.56558222199,0.0,0,20,3780
8482.0,9408.56558222199,0.0,0,20,3780
8483.0,9408.56558222199,0.0,0,20,3780
8484.0,9408.56558222199,0.0,0,20,3780
8485.0,9408.56558222199,0.0,0,20,3780
8486.0,9408.56558222199,0.0,0,20,3780
8487.0,9408.56558222199,0.0,0,20,3780
8488.0,9408.56558222199,0.0,0,20,3780
8489.0,9408.56558222199,0.0,0,20,3780
8490.0,9408.56558222199,0.0,0,20,3780
8491.0,9408.56558222199,0.0,0,20,3780
8492.0,9408.56558222199,0.0,0,20,3780
8493.0,9408.56558222199,0.0,0,20,3780
8494.0,9408.56558222199,0.0,0,20,3780
8495.0,9408.56558222199,0.0,0,20,3780
8496.0,9408.56558222199,0.0,0,20,3780
8497.0,9408.56558222199,0.0,0,20,3780
8498.0,9408.56558222199,0.0,0,20,3780
8499.0,9408.56558222199,0.0,0,20,3780
8500.0,9408.56558222199,0.0,0,20,3780
8501.0,9408.56558222199,0.0,0,20,3780
8502.0,9408.56558222199,0.0,0,20,3780
8503.0,9408.56558222199,0.0,0,20,3780
8504.0,9408.56558222199,0.0,0,20,3780
8505.0,9408.56558222199,0.0,0,20,3780
8506.0,9408.56558222199,0.0,0,20,3780
8507.0,9408.56558222199,0.0,0,20,3780
8508.0,9408.56558222199,0.0,0,20,3780
8509.0,9408.56558222199,0.0,0,20,3780
8510.0,9408.56558222199,0.0,0,20,3780
8511.0,9408.56558222199,0.0,0,20,3780
8512.0,9408.56558222199,0.0,0,20,3780
8513.0,9408.56558222199,0.0,0,20,3780
8514.0,9408.56558222199,0.0,0,20,3780
8515.0,9408.56558222199,0.0,0,20,3780
8516.0,9408.56558222199,0.0,0,20,3780
8517.0,9408.56558222199,0.0,0,20,3780
8518.0,9408.56558222199,0.0,0,20,3780
8519.0,9408.56558222199,0.0,0,20,3780
8520.0,9408.56558222199,0.0,0,20,3780
8521.0,9408.56558222199,0.0,0,20,3780
8522.0,9408.56558222199,0.0,0,20,3780
8523.0,9408.56558222199,0.0,0,20,3780
8524.0,9408.56558222199,0.0,0,20,3780
8525.0,9408.56558222199,0.0,0,20,3780
8526.0,9408.56558222199,0.0,0,20,3780
8527.0,9408.56558222199,0.0,0,20,3780
8528.0,9408.56558222199,0.0,0,20,3780
8529.0,9408.56558222199,0.0,0,20,3780
8530.0,9408.56558222199,0.0,0,20,3780
8531.0,9408.56558222199,0.0,0,20,3780
8532.0,9408.56558222199,0.0,0,20,3780
8533.0,9408.56558222199,0.0,0,20,3780
8534.0,9408.56558222199,0.0,0,20,3780
8535.0,9408.56558222199,0.0,0,20,3780
8536.0,9408.56558222199,0.0,0,20,3780
8537.0,9408.56558222199,0.0,0,20,3780
8538.0,9408.56558222199,0.0,0,20,3780
8539.0,9408.56558222199,0.0,0,20,3780
8540.0,9408.56558222199,0.0,0,20,3780
8541.0,9408.56558222199,0.0,0,20,3780
8542.0,9408.56558222199,0.0,0,20,3780
8543.0,9408.56558222199,0.0,0,20,3780
8544.0,9408.56558222199,0.0,0,20,3780
8545.0,9408.56558222199,0.0,0,20,3780
8546.0,9408.56558222199,0.0,0,20,3780
8547.0,9408.56558222199,0.0,0,20,3780
8548.0,9408.56558222199,0.0,0,20,3780
8549.0,9408.56558222199,0.0,0,20,3780
8550.0,9408.56558222199,0.0,0,20,3780
8551.0,9408.56558222199,0.0,0,20,3780
8552.0,9408.56558222199,0.0,0,20,3780
8553.0,9408.56558222199,0.0,0,20,3780
8554.0,9408.56558222199,0.0,0,20,3780
8555.0,9408.56558222199,0.0,0,20,3780
8556.0,9408.56558222199,0.0,0,20,3780
8557.0,9408.56558222199,0.0,0,20,3780
8558.0,9408.56558222199,0.0,0,20,3780
8559.0,9408.56558222199,0.0,0,20,3780
8560.0,9408.56558222199,0.0,0,20,3780
8561.0,9408.56558222199,0.0,0,20,3780
8562.0,9408.56558222199,0.0,0,20,3780
8563.0,9408.56558222199,0.0,0,20,3780
8564.0,9408.56558222199,0.0,0,20,3780
8565.0,9408.56558222199,0.0,0,20,3780
8566.0,9408.56558222199,0.0,0,20,3780
8567.0,9408.56558222199,0.0,0,20,3780
8568.0,9408.56558222199,0.0,0,20,3780
8569.0,9408.56558222199,0.0,0,20,3780
8570.0,9408.56558222199,0.0,0,20,3780
8571.0,9408.56558222199,0.0,0,20,3780
8572.0,9408.56558222199,0.0,0,20,3780
8573.0,9408.56558222199,0.0,0,20,3780
8574.0,9408.56558222199,0.0,0,20,3780
8575.0,9408.56558222199,0.0,0,20,3780
8576.0,9408.56558222199,0.0,0,20,3780
8577.0,9408.56558222199,0.0,0,20,3780
8578.0,9408.56558222199,0.0,0,20,3780
8579.0,9408.56558222199,0.0,0,20,3780
8580.0,9408.56558222199,0.0,0,20,3780
8581.0,9408.56558222199,0.0,0,20,3780
8582.0,9408.56558222199,0.0,0,20,3780
8583.0,9408.56558222199,0.0,0,20,3780
8584.0,9408.56558222199,0.0,0,20,3780
8585.0,9408.56558222199,0.0,0,20,3780
8586.0,9408.56558222199,0.0,0,20,3780
8587.0,9408.56558222199,0.0,0,20,3780
8588.0,9408.56558222199,0.0,0,20,3780
8589.0,9408.56558222199,0.0,0,20,3780
8590.0,9408.56558222199,0.0,0,20,3780
8591.0,9408.56558222199,0.0,0,20,3780
8592.0,9408.56558222199,0.0,0,20,3780
8593.0,9408.56558222199,0.0,0,20,3780
8594.0,9408.56558222199,0.0,0,20,3780
8595.0,9408.56558222199,0.0,0,20,3780
8596.0,9408.56558222199,0.0,0,20,3780
8597.0,9408.56558222199,0.0,0,20,3780
8598.0,9408.56558222199,0.0,0,20,3780
8599.0,9408.56558222199,0.0,0,20,3780
8600.0,9408.56558222199,0.0,0,20,3780
8601.0,9408.56558222199,0.0,0,20,3780
8602.0,9408.56558222199,0.0,0,20,3780
8603.0,9408.56558222199,0.0,0,20,3780
8604.0,9408.56558222199,0.0,0,20,3780
8605.0,9408.56558222199,0.0,0,20,3780
8606.0,9408.56558222199,0.0,0,20,3780
8607.0,9408.56558222199,0.0,0,20,3780
8608.0,9408.56558222199,0.0,0,20,3780
8609.0,9408.56558222199,0.0,0,20,3780
8610.0,9408.56558222199,0.0,0,20,3780
8611.0,9408.56558222199,0.0,0,20,3780
8612.0,9408.56558222199,0.0,0,20,3780
8613.0,9408.56558222199,0.0,0,20,3780
8614.0,9408.56558222199,0.0,0,20,3780
8615.0,9408.56558222199,0.0,0,20,3780
8616.0,9408.56558222199,0.0,0,20,3780
8617.0,9408.56558222199,0.0,0,20,3780
8618.0,9408.56558222199,0.0,0,20,3780
8619.0,9408.56558222199,0.0,0,20,3780
8620.0,9408.56558222199,0.0,0,20,3780
8621.0,9408.56558222199,0.0,0,20,3780
8622.0,9408.56558222199,0.0,0,20,3780
8623.0,9408.56558222199,0.0,0,20,3780
8624.0,9408.56558222199,0.0,0,20,3780
8625.0,9408.56558222199,0.0,0,20,3780
8626.0,9408.56558222199,0.0,0,20,3780
8627.0,9408.56558222199,0.0,0,20,3780
8628.0,9408.56558222199,0.0,0,20,3780
8629.0,9408.56558222199,0.0,0,20,3780
8630.0,9408.56558222199,0.0,0,20,3780
8631.0,9408.56558222199,0.0,0,20,3780
8632.0,9408.56558222199,0.0,0,20,3780
8633.0,9408.56558222199,0.0,0,20,3780
8634.0,9408.56558222199,0.0,0,20,3780
8635.0,9408.56558222199,0.0,0,20,3780
8636.0,9408.56558222199,0.0,0,20,3780
8637.0,9408.56558222199,0.0,0,20,3780
8638.0,9408.56558222199,0.0,0,20,3780
8639.0,9408.56558222199,0.0,0,20,3780
8640.0,9408.56558222199,0.0,0,20,3780
8641.0,9408.56558222199,0.0,0,20,3780
8642.0,9408.56558222199,0.0,0,20,3780
8643.0,9408.56558222199,0.0,0,20,3780
8644.0,9408.56558222199,0.0,0,20,3780
8645.0,9408.56558222199,0.0,0,20,3780
8646.0,9408.56558222199,0.0,0,20,3780
8647.0,9408.56558222199,0.0,0,20,3780
8648.0,9408.56558222199,0.0,0,20,3780
8649.0,9408.56558222199,0.0,0,20,3780
8650.0,9408.56558222199,0.0,0,20,3780
8651.0,9408.56558222199,0.0,0,20,3780
8652.0,9408.56558222199,0.0,0,20,3780
8653.0,9408.56558222199,0.0,0,20,3780
8654.0,9408.56558222199,0.0,0,20,3780
8655.0,9408.56558222199,0.0,0,20,3780
8656.0,9408.56558222199,0.0,0,20,3780
8657.0,9408.56558222199,0.0,0,20,3780
8658.0,9408.56558222199,0.0,0,20,3780
8659.0,9408.56558222199,0.0,0,20,3780
8660.0,9408.56558222199,0.0,0,20,3780
8661.0,9408.56558222199,0.0,0,20,3780
8662.0,9408.56558222199,0.0,0,20,3780
8663.0,9408.56558222199,0.0,0,20,3780
8664.0,9408.56558222199,0.0,0,20,3780
8665.0,9408.56558222199,0.0,0,20,3780
8666.0,9408.56558222199,0.0,0,20,3780
8667.0,9408.56558222199,0.0,0,20,3780
8668.0,9408.56558222199,0.0,0,20,3780
8669.0,9408.56558222199,0.0,0,20,3780
8670.0,9408.56558222199,0.0,0,20,3780
8671.0,9408.56558222199,0.0,0,20,3780
8672.0,9408.56558222199,0.0,0,20,3780
8673.0,9408.56558222199,0.0,0,20,3780
8674.0,9408.56558222199,0.0,0,20,3780
8675.0,9408.56558222199,0.0,0,20,3780
8676.0,9408.56558222199,0.0,0,20,3780
8677.0,9408.56558222199,0.0,0,20,3780
8678.0,9408.56558222199,0.0,0,20,3780
8679.0,9408.56558222199,0.0,0,20,3780
8680.0,9408.56558222199,0.0,0,20,3780
8681.0,9408.56558222199,0.0,0,20,3780
8682.0,9408.56558222199,0.0,0,20,3780
8683.0,9408.56558222199,0.0,0,20,3780
8684.0,9408.56558222199,0.0,0,20,3780
8685.0,9408.56558222199,0.0,0,20,3780
8686.0,9408.56558222199,0.0,0,20,3780
8687.0,9408.56558222199,0.0,0,20,3780
8688.0,9408.56558222199,0.0,0,20,3780
8689.0,9408.56558222199,0.0,0,20,3780
8690.0,9408.56558222199,0.0,0,20,3780
8691.0,9408.56558222199,0.0,0,20,3780
8692.0,9408.56558222199,0.0,0,20,3780
8693.0,9408.56558222199,0.0,0,20,3780
8694.0,9408.56558222199,0.0,0,20,3780
8695.0,9408.56558222199,0.0,0,20,3780
8696.0,9408.56558222199,0.0,0,20,3780
8697.0,9408.56558222199,0.0,0,20,3780
8698.0,9408.56558222199,0.0,0,20,3780
8699.0,9408.56558222199,0.0,0,20,3780
8700.0,9408.56558222199,0.0,0,20,3780
8701.0,9408.56558222199,0.0,0,20,3780
8702.0,9408.56558222199,0.0,0,20,3780
8703.0,9408.56558222199,0.0,0,20,3780
8704.0,9408.56558222199,0.0,0,20,3780
8705.0,9408.56558222199,0.0,0,20,3780
8706.0,9408.56558222199,0.0,0,20,3780
8707.0,9408.56558222199,0.0,0,20,3780
8708.0,9408.56558222199,0.0,0,20,3780
8709.0,9408.56558222199,0.0,0,20,3780
8710.0,9408.56558222199,0.0,0,20,3780
8711.0,9408.56558222199,0.0,0,20,3780
8712.0,9408.56558222199,0.0,0,20,3780
8713.0,9408.56558222199,0.0,0,20,3780
8714.0,9408.56558222199,0.0,0,20,3780
8715.0,9408.56558222199,0.0,0,20,3780
8716.0,9408.56558222199,0.0,0,20,3780
8717.0,9408.56558222199,0.0,0,20,3780
8718.0,9408.56558222199,0.0,0,20,3780
8719.0,9408.56558222199,0.0,0,20,3780
8720.0,9408.56558222199,0.0,0,20,3780
8721.0,9408.56558222199,0.0,0,20,3780
8722.0,9408.56558222199,0.0,0,20,3780
8723.0,9408.56558222199,0.0,0,20,3780
8724.0,9408.56558222199,0.0,0,20,3780
8725.0,9408.56558222199,0.0,0,20,3780
8726.0,9408.56558222199,0.0,0,20,3780
8727.0,9408.56558222199,0.0,0,20,3780
8728.0,9408.56558222199,0.0,0,20,3780
8729.0,9408.56558222199,0.0,0,20,3780
8730.0,9408.56558222199,0.0,0,20,3780
8731.0,9408.56558222199,0.0,0,20,3780
8732.0,9408.56558222199,0.0,0,20,3780
8733.0,9408.56558222199,0.0,0,20,3780
8734.0,9408.56558222199,0.0,0,20,3780
8735.0,9408.56558222199,0.0,0,20,3780
8736.0,9408.56558222199,0.0,0,20,3780
8737.0,9408.56558222199,0.0,0,20,3780
8738.0,9408.56558222199,0.0,0,20,3780
8739.0,9408.56558222199,0.0,0,20,3780
8740.0,9408.56558222199,0.0,0,20,3780
8741.0,9408.56558222199,0.0,0,20,3780
8742.0,9408.56558222199,0.0,0,20,3780
8743.0,9408.56558222199,0.0,0,20,3780
8744.0,9408.56558222199,0.0,0,20,3780
8745.0,9408.56558222199,0.0,0,20,3780
8746.0,9408.56558222199,0.0,0,20,3780
8747.0,9408.56558222199,0.0,0,20,3780
8748.0,9408.56558222199,0.0,0,20,3780
8749.0,9408.56558222199,0.0,0,20,3780
8750.0,9408.56558222199,0.0,0,20,3780
8751.0,9408.56558222199,0.0,0,20,3780
8752.0,9408.56558222199,0.0,0,20,3780
8753.0,9408.56558222199,0.0,0,20,3780
8754.0,9408.56558222199,0.0,0,20,3780
8755.0,9408.56558222199,0.0,0,20,3780
8756.0,9408.56558222199,0.0,0,20,3780
8757.0,9408.56558222199,0.0,0,20,3780
8758.0,9408.56558222199,0.0,0,20,3780
8759.0,9408.56558222199,0.0,0,20,3780
8760.0,9408.56558222199,0.0,0,20,3780
8761.0,9408.56558222199,0.0,0,20,3780
8762.0,9408.56558222199,0.0,0,20,3780
8763.0,9408.56558222199,0.0,0,20,3780
8764.0,9408.56558222199,0.0,0,20,3780
8765.0,9408.56558222199,0.0,0,20,3780
8766.0,9408.56558222199,0.0,0,20,3780
8767.0,9408.56558222199,0.0,0,20,3780
8768.0,9408.56558222199,0.0,0,20,3780
8769.0,9408.56558222199,0.0,0,20,3780
8770.0,9408.56558222199,0.0,0,20,3780
8771.0,9408.56558222199,0.0,0,20,3780
8772.0,9408.56558222199,0.0,0,20,3780
8773.0,9408.56558222199,0.0,0,20,3780
8774.0,9408.56558222199,0.0,0,20,3780
8775.0,9408.56558222199,0.0,0,20,3780
8776.0,9408.56558222199,0.0,0,20,3780
8777.0,9408.56558222199,0.0,0,20,3780
8778.0,9408.56558222199,0.0,0,20,3780
8779.0,9408.56558222199,0.0,0,20,3780
8780.0,9408.56558222199,0.0,0,20,3780
8781.0,9408.56558222199,0.0,0,20,3780
8782.0,9408.56558222199,0.0,0,20,3780
8783.0,9408.56558222199,0.0,0,20,3780
8784.0,9408.56558222199,0.0,0,20,3780
8785.0,9408.56558222199,0.0,0,20,3780
8786.0,9408.56558222199,0.0,0,20,3780
8787.0,9408.56558222199,0.0,0,20,3780
8788.0,9408.56558222199,0.0,0,20,3780
8789.0,9408.56558222199,0.0,0,20,3780
8790.0,9408.56558222199,0.0,0,20,3780
8791.0,9408.56558222199,0.0,0,20,3780
8792.0,9408.56558222199,0.0,0,20,3780
8793.0,9408.56558222199,0.0,0,20,3780
8794.0,9408.56558222199,0.0,0,20,3780
8795.0,9408.56558222199,0.0,0,20,3780
8796.0,9408.56558222199,0.0,0,20,3780
8797.0,9408.56558222199,0.0,0,20,3780
8798.0,9408.56558222199,0.0,0,20,3780
8799.0,9408.56558222199,0.0,0,20,3780
8800.0,9408.56558222199,0.0,0,20,3780
8801.0,9408.56558222199,0.0,0,20,3780
8802.0,9408.56558222199,0.0,0,20,3780
8803.0,9408.56558222199,0.0,0,20,3780
8804.0,9408.56558222199,0.0,0,20,3780
8805.0,9408.56558222199,0.0,0,20,3780
8806.0,9408.56558222199,0.0,0,20,3780
8807.0,9408.56558222199,0.0,0,20,3780
8808.0,9408.56558222199,0.0,0,20,3780
8809.0,9408.56558222199,0.0,0,20,3780
8810.0,9408.56558222199,0.0,0,20,3780
8811.0,9408.56558222199,0.0,0,20,3780
8812.0,9408.56558222199,0.0,0,20,3780
8813.0,9408.56558222199,0.0,0,20,3780
8814.0,9408.56558222199,0.0,0,20,3780
8815.0,9408.56558222199,0.0,0,20,3780
8816.0,9408.56558222199,0.0,0,20,3780
8817.0,9408.56558222199,0.0,0,20,3780
8818.0,9408.56558222199,0.0,0,20,3780
8819.0,9408.56558222199,0.0,0,20,3780
8820.0,9408.56558222199,0.0,0,20,3780
8821.0,9408.56558222199,0.0,0,20,3780
8822.0,9408.56558222199,0.0,0,20,3780
8823.0,9408.56558222199,0.0,0,20,3780
8824.0,9408.56558222199,0.0,0,20,3780
8825.0,9408.56558222199,0.0,0,20,3780
8826.0,9408.56558222199,0.0,0,20,3780
8827.0,9408.56558222199,0.0,0,20,3780
8828.0,9408.56558222199,0.0,0,20,3780
8829.0,9408.56558222199,0.0,0,20,3780
8830.0,9408.56558222199,0.0,0,20,3780
8831.0,9408.56558222199,0.0,0,20,3780
8832.0,9408.56558222199,0.0,0,20,3780
8833.0,9408.56558222199,0.0,0,20,3780
8834.0,9408.56558222199,0.0,0,20,3780
8835.0,9408.56558222199,0.0,0,20,3780
8836.0,9408.56558222199,0.0,0,20,3780
8837.0,9408.56558222199,0.0,0,20,3780
8838.0,9408.56558222199,0.0,0,20,3780
8839.0,9408.56558222199,0.0,0,20,3780
8840.0,9408.56558222199,0.0,0,20,3780
8841.0,9408.56558222199,0.0,0,20,3780
8842.0,9408.56558222199,0.0,0,20,3780
8843.0,9408.56558222199,0.0,0,20,3780
8844.0,9408.56558222199,0.0,0,20,3780
8845.0,9408.56558222199,0.0,0,20,3780
8846.0,9408.56558222199,0.0,0,20,3780
8847.0,9408.56558222199,0.0,0,20,3780
8848.0,9408.56558222199,0.0,0,20,3780
8849.0,9408.56558222199,0.0,0,20,3780
8850.0,9408.56558222199,0.0,0,20,3780
8851.0,9408.56558222199,0.0,0,20,3780
8852.0,9408.56558222199,0.0,0,20,3780
8853.0,9408.56558222199,0.0,0,20,3780
8854.0,9408.56558222199,0.0,0,20,3780
8855.0,9408.56558222199,0.0,0,20,3780
8856.0,9408.56558222199,0.0,0,20,3780
8857.0,9408.56558222199,0.0,0,20,3780
8858.0,9408.56558222199,0.0,0,20,3780
8859.0,9408.56558222199,0.0,0,20,3780
8860.0,9408.56558222199,0.0,0,20,3780
8861.0,9408.56558222199,0.0,0,20,3780
8862.0,9408.56558222199,0.0,0,20,3780
8863.0,9408.56558222199,0.0,0,20,3780
8864.0,9408.56558222199,0.0,0,20,3780
8865.0,9408.56558222199,0.0,0,20,3780
8866.0,9408.56558222199,0.0,0,20,3780
8867.0,9408.56558222199,0.0,0,20,3780
8868.0,9408.56558222199,0.0,0,20,3780
8869.0,9408.56558222199,0.0,0,20,3780
8870.0,9408.56558222199,0.0,0,20,3780
8871.0,9408.56558222199,0.0,0,20,3780
8872.0,9408.56558222199,0.0,0,20,3780
8873.0,9408.56558222199,0.0,0,20,3780
8874.0,9408.56558222199,0.0,0,20,3780
8875.0,9408.56558222199,0.0,0,20,3780
8876.0,9408.56558222199,0.0,0,20,3780
8877.0,9408.56558222199,0.0,0,20,3780
8878.0,9408.56558222199,0.0,0,20,3780
8879.0,9408.56558222199,0.0,0,20,3780
8880.0,9408.56558222199,0.0,0,20,3780
8881.0,9408.56558222199,0.0,0,20,3780
8882.0,9408.56558222199,0.0,0,20,3780
8883.0,9408.56558222199,0.0,0,20,3780
8884.0,9408.56558222199,0.0,0,20,3780
8885.0,9408.56558222199,0.0,0,20,3780
8886.0,9408.56558222199,0.0,0,20,3780
8887.0,9408.56558222199,0.0,0,20,3780
8888.0,9408.56558222199,0.0,0,20,3780
8889.0,9408.56558222199,0.0,0,20,3780
8890.0,9408.56558222199,0.0,0,20,3780
8891.0,9408.56558222199,0.0,0,20,3780
8892.0,9408.56558222199,0.0,0,20,3780
8893.0,9408.56558222199,0.0,0,20,3780
8894.0,9408.56558222199,0.0,0,20,3780
8895.0,9408.56558222199,0.0,0,20,3780
8896.0,9408.56558222199,0.0,0,20,3780
8897.0,9408.56558222199,0.0,0,20,3780
8898.0,9408.56558222199,0.0,0,20,3780
8899.0,9408.56558222199,0.0,0,20,3780
8900.0,9408.56558222199,0.0,0,20,3780
8901.0,9408.56558222199,0.0,0,20,3780
8902.0,9408.56558222199,0.0,0,20,3780
8903.0,9408.56558222199,0.0,0,20,3780
8904.0,9408.56558222199,0.0,0,20,3780
8905.0,9408.56558222199,0.0,0,20,3780
8906.0,9408.56558222199,0.0,0,20,3780
8907.0,9408.56558222199,0.0,0,20,3780
8908.0,9408.56558222199,0.0,0,20,3780
8909.0,9408.56558222199,0.0,0,20,3780
8910.0,9408.56558222199,0.0,0,20,3780
8911.0,9408.56558222199,0.0,0,20,3780
8912.0,9408.56558222199,0.0,0,20,3780
8913.0,9408.56558222199,0.0,0,20,3780
8914.0,9408.56558222199,0.0,0,20,3780
8915.0,9408.56558222199,0.0,0,20,3780
8916.0,9408.56558222199,0.0,0,20,3780
8917.0,9408.56558222199,0.0,0,20,3780
8918.0,9408.56558222199,0.0,0,20,3780
8919.0,9408.56558222199,0.0,0,20,3780
8920.0,9408.56558222199,0.0,0,20,3780
8921.0,9408.56558222199,0.0,0,20,3780
8922.0,9408.56558222199,0.0,0,20,3780
8923.0,9408.56558222199,0.0,0,20,3780
8924.0,9408.56558222199,0.0,0,20,3780
8925.0,9408.56558222199,0.0,0,20,3780
8926.0,9408.56558222199,0.0,0,20,3780
8927.0,9408.56558222199,0.0,0,20,3780
8928.0,9408.56558222199,0.0,0,20,3780
8929.0,9408.56558222199,0.0,0,20,3780
8930.0,9408.56558222199,0.0,0,20,3780
8931.0,9408.56558222199,0.0,0,20,3780
8932.0,9408.56558222199,0.0,0,20,3780
8933.0,9408.56558222199,0.0,0,20,3780
8934.0,9408.56558222199,0.0,0,20,3780
8935.0,9408.56558222199,0.0,0,20,3780
8936.0,9408.56558222199,0.0,0,20,3780
8937.0,9408.56558222199,0.0,0,20,3780
8938.0,9408.56558222199,0.0,0,20,3780
8939.0,9408.56558222199,0.0,0,20,3780
8940.0,9408.56558222199,0.0,0,20,3780
8941.0,9408.56558222199,0.0,0,20,3780
8942.0,9408.56558222199,0.0,0,20,3780
8943.0,9408.56558222199,0.0,0,20,3780
8944.0,9408.56558222199,0.0,0,20,3780
8945.0,9408.56558222199,0.0,0,20,3780
8946.0,9408.56558222199,0.0,0,20,3780
8947.0,9408.56558222199,0.0,0,20,3780
8948.0,9408.56558222199,0.0,0,20,3780
8949.0,9408.56558222199,0.0,0,20,3780
8950.0,9408.56558222199,0.0,0,20,3780
8951.0,9408.56558222199,0.0,0,20,3780
8952.0,9408.56558222199,0.0,0,20,3780
8953.0,9408.56558222199,0.0,0,20,3780
8954.0,9408.56558222199,0.0,0,20,3780
8955.0,9408.56558222199,0.0,0,20,3780
8956.0,9408.56558222199,0.0,0,20,3780
8957.0,9408.56558222199,0.0,0,20,3780
8958.0,9408.56558222199,0.0,0,20,3780
8959.0,9408.56558222199,0.0,0,20,3780
8960.0,9408.56558222199,0.0,0,20,3780
8961.0,9408.56558222199,0.0,0,20,3780
8962.0,9408.56558222199,0.0,0,20,3780
8963.0,9408.56558222199,0.0,0,20,3780
8964.0,9408.56558222199,0.0,0,20,3780
8965.0,9408.56558222199,0.0,0,20,3780
8966.0,9408.56558222199,0.0,0,20,3780
8967.0,9408.56558222199,0.0,0,20,3780
8968.0,9408.56558222199,0.0,0,20,3780
8969.0,9408.56558222199,0.0,0,20,3780
8970.0,9408.56558222199,0.0,0,20,3780
8971.0,9408.56558222199,0.0,0,20,3780
8972.0,9408.56558222199,0.0,0,20,3780
8973.0,9408.56558222199,0.0,0,20,3780
8974.0,9408.56558222199,0.0,0,20,3780
8975.0,9408.56558222199,0.0,0,20,3780
8976.0,9408.56558222199,0.0,0,20,3780
8977.0,9408.56558222199,0.0,0,20,3780
8978.0,9408.56558222199,0.0,0,20,3780
8979.0,9408.56558222199,0.0,0,20,3780
8980.0,9408.56558222199,0.0,0,20,3780
8981.0,9408.56558222199,0.0,0,20,3780
8982.0,9408.56558222199,0.0,0,20,3780
8983.0,9408.56558222199,0.0,0,20,3780
8984.0,9408.56558222199,0.0,0,20,3780
8985.0,9408.56558222199,0.0,0,20,3780
8986.0,9408.56558222199,0.0,0,20,3780
8987.0,9408.56558222199,0.0,0,20,3780
8988.0,9408.56558222199,0.0,0,20,3780
8989.0,9408.56558222199,0.0,0,20,3780
8990.0,9408.56558222199,0.0,0,20,3780
8991.0,9408.56558222199,0.0,0,20,3780
8992.0,9408.56558222199,0.0,0,20,3780
8993.0,9408.56558222199,0.0,0,20,3780
8994.0,9408.56558222199,0.0,0,20,3780
8995.0,9408.56558222199,0.0,0,20,3780
8996.0,9408.56558222199,0.0,0,20,3780
8997.0,9408.56558222199,0.0,0,20,3780
8998.0,9408.56558222199,0.0,0,20,3780
8999.0,9408.56558222199,0.0,0,20,3780
9000.0,9408.56558222199,0.0,0,20,3780
9001.0,9408.56558222199,0.0,0,20,3780
9002.0,9408.56558222199,0.0,0,20,3780
9003.0,9408.56558222199,0.0,0,20,3780
9004.0,9408.56558222199,0.0,0,20,3780
9005.0,9408.56558222199,0.0,0,20,3780
9006.0,9408.56558222199,0.0,0,20,3780
9007.0,9408.56558222199,0.0,0,20,3780
9008.0,9408.56558222199,0.0,0,20,3780
9009.0,9408.56558222199,0.0,0,20,3780
9010.0,9408.56558222199,0.0,0,20,3780
9011.0,9408.56558222199,0.0,0,20,3780
9012.0,9408.56558222199,0.0,0,20,3780
9013.0,9408.56558222199,0.0,0,20,3780
9014.0,9408.56558222199,0.0,0,20,3780
9015.0,9408.56558222199,0.0,0,20,3780
9016.0,9408.56558222199,0.0,0,20,3780
9017.0,9408.56558222199,0.0,0,20,3780
9018.0,9408.56558222199,0.0,0,20,3780
9019.0,9408.56558222199,0.0,0,20,3780
9020.0,9408.56558222199,0.0,0,20,3780
9021.0,9408.56558222199,0.0,0,20,3780
9022.0,9408.56558222199,0.0,0,20,3780
9023.0,9408.56558222199,0.0,0,20,3780
9024.0,9408.56558222199,0.0,0,20,3780
9025.0,9408.56558222199,0.0,0,20,3780
9026.0,9408.56558222199,0.0,0,20,3780
9027.0,9408.56558222199,0.0,0,20,3780
9028.0,9408.56558222199,0.0,0,20,3780
9029.0,9408.56558222199,0.0,0,20,3780
9030.0,9408.56558222199,0.0,0,20,3780
9031.0,9408.56558222199,0.0,0,20,3780
9032.0,9408.56558222199,0.0,0,20,3780
9033.0,9408.56558222199,0.0,0,20,3780
9034.0,9408.56558222199,0.0,0,20,3780
9035.0,9408.56558222199,0.0,0,20,3780
9036.0,9408.56558222199,0.0,0,20,3780
9037.0,9408.56558222199,0.0,0,20,3780
9038.0,9408.56558222199,0.0,0,20,3780
9039.0,9408.56558222199,0.0,0,20,3780
9040.0,9408.56558222199,0.0,0,20,3780
9041.0,9408.56558222199,0.0,0,20,3780
9042.0,9408.56558222199,0.0,0,20,3780
9043.0,9408.56558222199,0.0,0,20,3780
9044.0,9408.56558222199,0.0,0,20,3780
9045.0,9408.56558222199,0.0,0,20,3780
9046.0,9408.56558222199,0.0,0,20,3780
9047.0,9408.56558222199,0.0,0,20,3780
9048.0,9408.56558222199,0.0,0,20,3780
9049.0,9408.56558222199,0.0,0,20,3780
9050.0,9408.56558222199,0.0,0,20,3780
9051.0,9408.56558222199,0.0,0,20,3780
9052.0,9408.56558222199,0.0,0,20,3780
9053.0,9408.56558222199,0.0,0,20,3780
9054.0,9408.56558222199,0.0,0,20,3780
9055.0,9408.56558222199,0.0,0,20,3780
9056.0,9408.56558222199,0.0,0,20,3780
9057.0,9408.56558222199,0.0,0,20,3780
9058.0,9408.56558222199,0.0,0,20,3780
9059.0,9408.56558222199,0.0,0,20,3780
9060.0,9408.56558222199,0.0,0,20,3780
9061.0,9408.56558222199,0.0,0,20,3780
9062.0,9408.56558222199,0.0,0,20,3780
9063.0,9408.56558222199,0.0,0,20,3780
9064.0,9408.56558222199,0.0,0,20,3780
9065.0,9408.56558222199,0.0,0,20,3780
9066.0,9408.56558222199,0.0,0,20,3780
9067.0,9408.56558222199,0.0,0,20,3780
9068.0,9408.56558222199,0.0,0,20,3780
9069.0,9408.56558222199,0.0,0,20,3780
9070.0,9408.56558222199,0.0,0,20,3780
9071.0,9408.56558222199,0.0,0,20,3780
9072.0,9408.56558222199,0.0,0,20,3780
9073.0,9408.56558222199,0.0,0,20,3780
9074.0,9408.56558222199,0.0,0,20,3780
9075.0,9408.56558222199,0.0,0,20,3780
9076.0,9408.56558222199,0.0,0,20,3780
9077.0,9408.56558222199,0.0,0,20,3780
9078.0,9408.56558222199,0.0,0,20,3780
9079.0,9408.56558222199,0.0,0,20,3780
9080.0,9408.56558222199,0.0,0,20,3780
9081.0,9408.56558222199,0.0,0,20,3780
9082.0,9408.56558222199,0.0,0,20,3780
9083.0,9408.56558222199,0.0,0,20,3780
9084.0,9408.56558222199,0.0,0,20,3780
9085.0,9408.56558222199,0.0,0,20,3780
9086.0,9408.56558222199,0.0,0,20,3780
9087.0,9408.56558222199,0.0,0,20,3780
9088.0,9408.56558222199,0.0,0,20,3780
9089.0,9408.56558222199,0.0,0,20,3780
9090.0,9408.56558222199,0.0,0,20,3780
9091.0,9408.56558222199,0.0,0,20,3780
9092.0,9408.56558222199,0.0,0,20,3780
9093.0,9408.56558222199,0.0,0,20,3780
9094.0,9408.56558222199,0.0,0,20,3780
9095.0,9408.56558222199,0.0,0,20,3780
9096.0,9408.56558222199,0.0,0,20,3780
9097.0,9408.56558222199,0.0,0,20,3780
9098.0,9408.56558222199,0.0,0,20,3780
9099.0,9408.56558222199,0.0,0,20,3780
9100.0,9408.56558222199,0.0,0,20,3780
9101.0,9408.56558222199,0.0,0,20,3780
9102.0,9408.56558222199,0.0,0,20,3780
9103.0,9408.56558222199,0.0,0,20,3780
9104.0,9408.56558222199,0.0,0,20,3780
9105.0,9408.56558222199,0.0,0,20,3780
9106.0,9408.56558222199,0.0,0,20,3780
9107.0,9408.56558222199,0.0,0,20,3780
9108.0,9408.56558222199,0.0,0,20,3780
9109.0,9408.56558222199,0.0,0,20,3780
9110.0,9408.56558222199,0.0,0,20,3780
9111.0,9408.56558222199,0.0,0,20,3780
9112.0,9408.56558222199,0.0,0,20,3780
9113.0,9408.56558222199,0.0,0,20,3780
9114.0,9408.56558222199,0.0,0,20,3780
9115.0,9408.56558222199,0.0,0,20,3780
9116.0,9408.56558222199,0.0,0,20,3780
9117.0,9408.56558222199,0.0,0,20,3780
9118.0,9408.56558222199,0.0,0,20,3780
9119.0,9408.56558222199,0.0,0,20,3780
9120.0,9408.56558222199,0.0,0,20,3780
9121.0,9408.56558222199,0.0,0,20,3780
9122.0,9408.56558222199,0.0,0,20,3780
9123.0,9408.56558222199,0.0,0,20,3780
9124.0,9408.56558222199,0.0,0,20,3780
9125.0,9408.56558222199,0.0,0,20,3780
9126.0,9408.56558222199,0.0,0,20,3780
9127.0,9408.56558222199,0.0,0,20,3780
9128.0,9408.56558222199,0.0,0,20,3780
9129.0,9408.56558222199,0.0,0,20,3780
9130.0,9408.56558222199,0.0,0,20,3780
9131.0,9408.56558222199,0.0,0,20,3780
9132.0,9408.56558222199,0.0,0,20,3780
9133.0,9408.56558222199,0.0,0,20,3780
9134.0,9408.56558222199,0.0,0,20,3780
9135.0,9408.56558222199,0.0,0,20,3780
9136.0,9408.56558222199,0.0,0,20,3780
9137.0,9408.56558222199,0.0,0,20,3780
9138.0,9408.56558222199,0.0,0,20,3780
9139.0,9408.56558222199,0.0,0,20,3780
9140.0,9408.56558222199,0.0,0,20,3780
9141.0,9408.56558222199,0.0,0,20,3780
9142.0,9408.56558222199,0.0,0,20,3780
9143.0,9408.56558222199,0.0,0,20,3780
9144.0,9408.56558222199,0.0,0,20,3780
9145.0,9408.56558222199,0.0,0,20,3780
9146.0,9408.56558222199,0.0,0,20,3780
9147.0,9408.56558222199,0.0,0,20,3780
9148.0,9408.56558222199,0.0,0,20,3780
9149.0,9408.56558222199,0.0,0,20,3780
9150.0,9408.56558222199,0.0,0,20,3780
9151.0,9408.56558222199,0.0,0,20,3780
9152.0,9408.56558222199,0.0,0,20,3780
9153.0,9408.56558222199,0.0,0,20,3780
9154.0,9408.56558222199,0.0,0,20,3780
9155.0,9408.56558222199,0.0,0,20,3780
9156.0,9408.56558222199,0.0,0,20,3780
9157.0,9408.56558222199,0.0,0,20,3780
9158.0,9408.56558222199,0.0,0,20,3780
9159.0,9408.56558222199,0.0,0,20,3780
9160.0,9408.56558222199,0.0,0,20,3780
9161.0,9408.56558222199,0.0,0,20,3780
9162.0,9408.56558222199,0.0,0,20,3780
9163.0,9408.56558222199,0.0,0,20,3780
9164.0,9408.56558222199,0.0,0,20,3780
9165.0,9408.56558222199,0.0,0,20,3780
9166.0,9408.56558222199,0.0,0,20,3780
9167.0,9408.56558222199,0.0,0,20,3780
9168.0,9408.56558222199,0.0,0,20,3780
9169.0,9408.56558222199,0.0,0,20,3780
9170.0,9408.56558222199,0.0,0,20,3780
9171.0,9408.56558222199,0.0,0,20,3780
9172.0,9408.56558222199,0.0,0,20,3780
9173.0,9408.56558222199,0.0,0,20,3780
9174.0,9408.56558222199,0.0,0,20,3780
9175.0,9408.56558222199,0.0,0,20,3780
9176.0,9408.56558222199,0.0,0,20,3780
9177.0,9408.56558222199,0.0,0,20,3780
9178.0,9408.56558222199,0.0,0,20,3780
9179.0,9408.56558222199,0.0,0,20,3780
9180.0,9408.56558222199,0.0,0,20,3780
9181.0,9408.56558222199,0.0,0,20,3780
9182.0,9408.56558222199,0.0,0,20,3780
9183.0,9408.56558222199,0.0,0,20,3780
9184.0,9408.56558222199,0.0,0,20,3780
9185.0,9408.56558222199,0.0,0,20,3780
9186.0,9408.56558222199,0.0,0,20,3780
9187.0,9408.56558222199,0.0,0,20,3780
9188.0,9408.56558222199,0.0,0,20,3780
9189.0,9408.56558222199,0.0,0,20,3780
9190.0,9408.56558222199,0.0,0,20,3780
9191.0,9408.56558222199,0.0,0,20,3780
9192.0,9408.56558222199,0.0,0,20,3780
9193.0,9408.56558222199,0.0,0,20,3780
9194.0,9408.56558222199,0.0,0,20,3780
9195.0,9408.56558222199,0.0,0,20,3780
9196.0,9408.56558222199,0.0,0,20,3780
9197.0,9408.56558222199,0.0,0,20,3780
9198.0,9408.56558222199,0.0,0,20,3780
9199.0,9408.56558222199,0.0,0,20,3780
9200.0,9408.56558222199,0.0,0,20,3780
9201.0,9408.56558222199,0.0,0,20,3780
9202.0,9408.56558222199,0.0,0,20,3780
9203.0,9408.56558222199,0.0,0,20,3780
9204.0,9408.56558222199,0.0,0,20,3780
9205.0,9408.56558222199,0.0,0,20,3780
9206.0,9408.56558222199,0.0,0,20,3780
9207.0,9408.56558222199,0.0,0,20,3780
9208.0,9408.56558222199,0.0,0,20,3780
9209.0,9408.56558222199,0.0,0,20,3780
9210.0,9408.56558222199,0.0,0,20,3780
9211.0,9408.56558222199,0.0,0,20,3780
9212.0,9408.56558222199,0.0,0,20,3780
9213.0,9408.56558222199,0.0,0,20,3780
9214.0,9408.56558222199,0.0,0,20,3780
9215.0,9408.56558222199,0.0,0,20,3780
9216.0,9408.56558222199,0.0,0,20,3780
9217.0,9408.56558222199,0.0,0,20,3780
9218.0,9408.56558222199,0.0,0,20,3780
9219.0,9408.56558222199,0.0,0,20,3780
9220.0,9408.56558222199,0.0,0,20,3780
9221.0,9408.56558222199,0.0,0,20,3780
9222.0,9408.56558222199,0.0,0,20,3780
9223.0,9408.56558222199,0.0,0,20,3780
9224.0,9408.56558222199,0.0,0,20,3780
9225.0,9408.56558222199,0.0,0,20,3780
9226.0,9408.56558222199,0.0,0,20,3780
9227.0,9408.56558222199,0.0,0,20,3780
9228.0,9408.56558222199,0.0,0,20,3780
9229.0,9408.56558222199,0.0,0,20,3780
9230.0,9408.56558222199,0.0,0,20,3780
9231.0,9408.56558222199,0.0,0,20,3780
9232.0,9408.56558222199,0.0,0,20,3780
9233.0,9408.56558222199,0.0,0,20,3780
9234.0,9408.56558222199,0.0,0,20,3780
9235.0,9408.56558222199,0.0,0,20,3780
9236.0,9408.56558222199,0.0,0,20,3780
9237.0,9408.56558222199,0.0,0,20,3780
9238.0,9408.56558222199,0.0,0,20,3780
9239.0,9408.56558222199,0.0,0,20,3780
9240.0,9408.56558222199,0.0,0,20,3780
9241.0,9408.56558222199,0.0,0,20,3780
9242.0,9408.56558222199,0.0,0,20,3780
9243.0,9408.56558222199,0.0,0,20,3780
9244.0,9408.56558222199,0.0,0,20,3780
9245.0,9408.56558222199,0.0,0,20,3780
9246.0,9408.56558222199,0.0,0,20,3780
9247.0,9408.56558222199,0.0,0,20,3780
9248.0,9408.56558222199,0.0,0,20,3780
9249.0,9408.56558222199,0.0,0,20,3780
9250.0,9408.56558222199,0.0,0,20,3780
9251.0,9408.56558222199,0.0,0,20,3780
9252.0,9408.56558222199,0.0,0,20,3780
9253.0,9408.56558222199,0.0,0,20,3780
9254.0,9408.56558222199,0.0,0,20,3780
9255.0,9408.56558222199,0.0,0,20,3780
9256.0,9408.56558222199,0.0,0,20,3780
9257.0,9408.56558222199,0.0,0,20,3780
9258.0,9408.56558222199,0.0,0,20,3780
9259.0,9408.56558222199,0.0,0,20,3780
9260.0,9408.56558222199,0.0,0,20,3780
9261.0,9408.56558222199,0.0,0,20,3780
9262.0,9408.56558222199,0.0,0,20,3780
9263.0,9408.56558222199,0.0,0,20,3780
9264.0,9408.56558222199,0.0,0,20,3780
9265.0,9408.56558222199,0.0,0,20,3780
9266.0,9408.56558222199,0.0,0,20,3780
9267.0,9408.56558222199,0.0,0,20,3780
9268.0,9408.56558222199,0.0,0,20,3780
9269.0,9408.56558222199,0.0,0,20,3780
9270.0,9408.56558222199,0.0,0,20,3780
9271.0,9408.56558222199,0.0,0,20,3780
9272.0,9408.56558222199,0.0,0,20,3780
9273.0,9408.56558222199,0.0,0,20,3780
9274.0,9408.56558222199,0.0,0,20,3780
9275.0,9408.56558222199,0.0,0,20,3780
9276.0,9408.56558222199,0.0,0,20,3780
9277.0,9408.56558222199,0.0,0,20,3780
9278.0,9408.56558222199,0.0,0,20,3780
9279.0,9408.56558222199,0.0,0,20,3780
9280.0,9408.56558222199,0.0,0,20,3780
9281.0,9408.56558222199,0.0,0,20,3780
9282.0,9408.56558222199,0.0,0,20,3780
9283.0,9408.56558222199,0.0,0,20,3780
9284.0,9408.56558222199,0.0,0,20,3780
9285.0,9408.56558222199,0.0,0,20,3780
9286.0,9408.56558222199,0.0,0,20,3780
9287.0,9408.56558222199,0.0,0,20,3780
9288.0,9408.56558222199,0.0,0,20,3780
9289.0,9408.56558222199,0.0,0,20,3780
9290.0,9408.56558222199,0.0,0,20,3780
9291.0,9408.56558222199,0.0,0,20,3780
9292.0,9408.56558222199,0.0,0,20,3780
9293.0,9408.56558222199,0.0,0,20,3780
9294.0,9408.56558222199,0.0,0,20,3780
9295.0,9408.56558222199,0.0,0,20,3780
9296.0,9408.56558222199,0.0,0,20,3780
9297.0,9408.56558222199,0.0,0,20,3780
9298.0,9408.56558222199,0.0,0,20,3780
9299.0,9408.56558222199,0.0,0,20,3780
9300.0,9408.56558222199,0.0,0,20,3780
9301.0,9408.56558222199,0.0,0,20,3780
9302.0,9408.56558222199,0.0,0,20,3780
9303.0,9408.56558222199,0.0,0,20,3780
9304.0,9408.56558222199,0.0,0,20,3780
9305.0,9408.56558222199,0.0,0,20,3780
9306.0,9408.56558222199,0.0,0,20,3780
9307.0,9408.56558222199,0.0,0,20,3780
9308.0,9408.56558222199,0.0,0,20,3780
9309.0,9408.56558222199,0.0,0,20,3780
9310.0,9408.56558222199,0.0,0,20,3780
9311.0,9408.56558222199,0.0,0,20,3780
9312.0,9408.56558222199,0.0,0,20,3780
9313.0,9408.56558222199,0.0,0,20,3780
9314.0,9408.56558222199,0.0,0,20,3780
9315.0,9408.56558222199,0.0,0,20,3780
9316.0,9408.56558222199,0.0,0,20,3780
9317.0,9408.56558222199,0.0,0,20,3780
9318.0,9408.56558222199,0.0,0,20,3780
9319.0,9408.56558222199,0.0,0,20,3780
9320.0,9408.56558222199,0.0,0,20,3780
9321.0,9408.56558222199,0.0,0,20,3780
9322.0,9408.56558222199,0.0,0,20,3780
9323.0,9408.56558222199,0.0,0,20,3780
9324.0,9408.56558222199,0.0,0,20,3780
9325.0,9408.56558222199,0.0,0,20,3780
9326.0,9408.56558222199,0.0,0,20,3780
9327.0,9408.56558222199,0.0,0,20,3780
9328.0,9408.56558222199,0.0,0,20,3780
9329.0,9408.56558222199,0.0,0,20,3780
9330.0,9408.56558222199,0.0,0,20,3780
9331.0,9408.56558222199,0.0,0,20,3780
9332.0,9408.56558222199,0.0,0,20,3780
9333.0,9408.56558222199,0.0,0,20,3780
9334.0,9408.56558222199,0.0,0,20,3780
9335.0,9408.56558222199,0.0,0,20,3780
9336.0,9408.56558222199,0.0,0,20,3780
9337.0,9408.56558222199,0.0,0,20,3780
9338.0,9408.56558222199,0.0,0,20,3780
9339.0,9408.56558222199,0.0,0,20,3780
9340.0,9408.56558222199,0.0,0,20,3780
9341.0,9408.56558222199,0.0,0,20,3780
9342.0,9408.56558222199,0.0,0,20,3780
9343.0,9408.56558222199,0.0,0,20,3780
9344.0,9408.56558222199,0.0,0,20,3780
9345.0,9408.56558222199,0.0,0,20,3780
9346.0,9408.56558222199,0.0,0,20,3780
9347.0,9408.56558222199,0.0,0,20,3780
9348.0,9408.56558222199,0.0,0,20,3780
9349.0,9408.56558222199,0.0,0,20,3780
9350.0,9408.56558222199,0.0,0,20,3780
9351.0,9408.56558222199,0.0,0,20,3780
9352.0,9408.56558222199,0.0,0,20,3780
9353.0,9408.56558222199,0.0,0,20,3780
9354.0,9408.56558222199,0.0,0,20,3780
9355.0,9408.56558222199,0.0,0,20,3780
9356.0,9408.56558222199,0.0,0,20,3780
9357.0,9408.56558222199,0.0,0,20,3780
9358.0,9408.56558222199,0.0,0,20,3780
9359.0,9408.56558222199,0.0,0,20,3780
9360.0,9408.56558222199,0.0,0,20,3780
9361.0,9408.56558222199,0.0,0,20,3780
9362.0,9408.56558222199,0.0,0,20,3780
9363.0,9408.56558222199,0.0,0,20,3780
9364.0,9408.56558222199,0.0,0,20,3780
9365.0,9408.56558222199,0.0,0,20,3780
9366.0,9408.56558222199,0.0,0,20,3780
9367.0,9408.56558222199,0.0,0,20,3780
9368.0,9408.56558222199,0.0,0,20,3780
9369.0,9408.56558222199,0.0,0,20,3780
9370.0,9408.56558222199,0.0,0,20,3780
9371.0,9408.56558222199,0.0,0,20,3780
9372.0,9408.56558222199,0.0,0,20,3780
9373.0,9408.56558222199,0.0,0,20,3780
9374.0,9408.56558222199,0.0,0,20,3780
9375.0,9408.56558222199,0.0,0,20,3780
9376.0,9408.56558222199,0.0,0,20,3780
9377.0,9408.56558222199,0.0,0,20,3780
9378.0,9408.56558222199,0.0,0,20,3780
9379.0,9408.56558222199,0.0,0,20,3780
9380.0,9408.56558222199,0.0,0,20,3780
9381.0,9408.56558222199,0.0,0,20,3780
9382.0,9408.56558222199,0.0,0,20,3780
9383.0,9408.56558222199,0.0,0,20,3780
9384.0,9408.56558222199,0.0,0,20,3780
9385.0,9408.56558222199,0.0,0,20,3780
9386.0,9408.56558222199,0.0,0,20,3780
9387.0,9408.56558222199,0.0,0,20,3780
9388.0,9408.56558222199,0.0,0,20,3780
9389.0,9408.56558222199,0.0,0,20,3780
9390.0,9408.56558222199,0.0,0,20,3780
9391.0,9408.56558222199,0.0,0,20,3780
9392.0,9408.56558222199,0.0,0,20,3780
9393.0,9408.56558222199,0.0,0,20,3780
9394.0,9408.56558222199,0.0,0,20,3780
9395.0,9408.56558222199,0.0,0,20,3780
9396.0,9408.56558222199,0.0,0,20,3780
9397.0,9408.56558222199,0.0,0,20,3780
9398.0,9408.56558222199,0.0,0,20,3780
9399.0,9408.56558222199,0.0,0,20,3780
9400.0,9408.56558222199,0.0,0,20,3780
9401.0,9408.56558222199,0.0,0,20,3780
9402.0,9408.56558222199,0.0,0,20,3780
9403.0,9408.56558222199,0.0,0,20,3780
9404.0,9408.56558222199,0.0,0,20,3780
9405.0,9408.56558222199,0.0,0,20,3780
9406.0,9408.56558222199,0.0,0,20,3780
9407.0,9408.56558222199,0.0,0,20,3780
9408.0,9408.56558222199,0.0,0,20,3780
9409.0,9408.56558222199,0.0,0,20,3780
9410.0,9408.56558222199,0.0,0,20,3780
9411.0,9408.56558222199,0.0,0,20,3780
9412.0,9408.56558222199,0.0,0,20,3780
9413.0,9408.56558222199,0.0,0,20,3780
9414.0,9408.56558222199,0.0,0,20,3780
9415.0,9408.56558222199,0.0,0,20,3780
9416.0,9408.56558222199,0.0,0,20,3780
9417.0,9408.56558222199,0.0,0,20,3780
9418.0,9408.56558222199,0.0,0,20,3780
9419.0,9408.56558222199,0.0,0,20,3780
9420.0,9408.56558222199,0.0,0,20,3780
9421.0,9408.56558222199,0.0,0,20,3780
9422.0,9408.56558222199,0.0,0,20,3780
9423.0,9408.56558222199,0.0,0,20,3780
9424.0,9408.56558222199,0.0,0,20,3780
9425.0,9408.56558222199,0.0,0,20,3780
9426.0,9408.56558222199,0.0,0,20,3780
9427.0,9408.56558222199,0.0,0,20,3780
9428.0,9408.56558222199,0.0,0,20,3780
9429.0,9408.56558222199,0.0,0,20,3780
9430.0,9408.56558222199,0.0,0,20,3780
9431.0,9408.56558222199,0.0,0,20,3780
9432.0,9408.56558222199,0.0,0,20,3780
9433.0,9408.56558222199,0.0,0,20,3780
9434.0,9408.56558222199,0.0,0,20,3780
9435.0,9408.56558222199,0.0,0,20,3780
9436.0,9408.56558222199,0.0,0,20,3780
9437.0,9408.56558222199,0.0,0,20,3780
9438.0,9408.56558222199,0.0,0,20,3780
9439.0,9408.56558222199,0.0,0,20,3780
9440.0,9408.56558222199,0.0,0,20,3780
9441.0,9408.56558222199,0.0,0,20,3780
9442.0,9408.56558222199,0.0,0,20,3780
9443.0,9408.56558222199,0.0,0,20,3780
9444.0,9408.56558222199,0.0,0,20,3780
9445.0,9408.56558222199,0.0,0,20,3780
9446.0,9408.56558222199,0.0,0,20,3780
9447.0,9408.56558222199,0.0,0,20,3780
9448.0,9408.56558222199,0.0,0,20,3780
9449.0,9408.56558222199,0.0,0,20,3780
9450.0,9408.56558222199,0.0,0,20,3780
9451.0,9408.56558222199,0.0,0,20,3780
9452.0,9408.56558222199,0.0,0,20,3780
9453.0,9408.56558222199,0.0,0,20,3780
9454.0,9408.56558222199,0.0,0,20,3780
9455.0,9408.56558222199,0.0,0,20,3780
9456.0,9408.56558222199,0.0,0,20,3780
9457.0,9408.56558222199,0.0,0,20,3780
9458.0,9408.56558222199,0.0,0,20,3780
9459.0,9408.56558222199,0.0,0,20,3780
9460.0,9408.56558222199,0.0,0,20,3780
9461.0,9408.56558222199,0.0,0,20,3780
9462.0,9408.56558222199,0.0,0,20,3780
9463.0,9408.56558222199,0.0,0,20,3780
9464.0,9408.56558222199,0.0,0,20,3780
9465.0,9408.56558222199,0.0,0,20,3780
9466.0,9408.56558222199,0.0,0,20,3780
9467.0,9408.56558222199,0.0,0,20,3780
9468.0,9408.56558222199,0.0,0,20,3780
9469.0,9408.56558222199,0.0,0,20,3780
9470.0,9408.56558222199,0.0,0,20,3780
9471.0,9408.56558222199,0.0,0,20,3780
9472.0,9408.56558222199,0.0,0,20,3780
9473.0,9408.56558222199,0.0,0,20,3780
9474.0,9408.56558222199,0.0,0,20,3780
9475.0,9408.56558222199,0.0,0,20,3780
9476.0,9408.56558222199,0.0,0,20,3780
9477.0,9408.56558222199,0.0,0,20,3780
9478.0,9408.56558222199,0.0,0,20,3780
9479.0,9408.56558222199,0.0,0,20,3780
9480.0,9408.56558222199,0.0,0,20,3780
9481.0,9408.56558222199,0.0,0,20,3780
9482.0,9408.56558222199,0.0,0,20,3780
9483.0,9408.56558222199,0.0,0,20,3780
9484.0,9408.56558222199,0.0,0,20,3780
9485.0,9408.56558222199,0.0,0,20,3780
9486.0,9408.56558222199,0.0,0,20,3780
9487.0,9408.56558222199,0.0,0,20,3780
9488.0,9408.56558222199,0.0,0,20,3780
9489.0,9408.56558222199,0.0,0,20,3780
9490.0,9408.56558222199,0.0,0,20,3780
9491.0,9408.56558222199,0.0,0,20,3780
9492.0,9408.56558222199,0.0,0,20,3780
9493.0,9408.56558222199,0.0,0,20,3780
9494.0,9408.56558222199,0.0,0,20,3780
9495.0,9408.56558222199,0.0,0,20,3780
9496.0,9408.56558222199,0.0,0,20,3780
9497.0,9408.56558222199,0.0,0,20,3780
9498.0,9408.56558222199,0.0,0,20,3780
9499.0,9408.56558222199,0.0,0,20,3780
9500.0,9408.56558222199,0.0,0,20,3780
9501.0,9408.56558222199,0.0,0,20,3780
9502.0,9408.56558222199,0.0,0,20,3780
9503.0,9408.56558222199,0.0,0,20,3780
9504.0,9408.56558222199,0.0,0,20,3780
9505.0,9408.56558222199,0.0,0,20,3780
9506.0,9408.56558222199,0.0,0,20,3780
9507.0,9408.56558222199,0.0,0,20,3780
9508.0,9408.56558222199,0.0,0,20,3780
9509.0,9408.56558222199,0.0,0,20,3780
9510.0,9408.56558222199,0.0,0,20,3780
9511.0,9408.56558222199,0.0,0,20,3780
9512.0,9408.56558222199,0.0,0,20,3780
9513.0,9408.56558222199,0.0,0,20,3780
9514.0,9408.56558222199,0.0,0,20,3780
9515.0,9408.56558222199,0.0,0,20,3780
9516.0,9408.56558222199,0.0,0,20,3780
9517.0,9408.56558222199,0.0,0,20,3780
9518.0,9408.56558222199,0.0,0,20,3780
9519.0,9408.56558222199,0.0,0,20,3780
9520.0,9408.56558222199,0.0,0,20,3780
9521.0,9408.56558222199,0.0,0,20,3780
9522.0,9408.56558222199,0.0,0,20,3780
9523.0,9408.56558222199,0.0,0,20,3780
9524.0,9408.56558222199,0.0,0,20,3780
9525.0,9408.56558222199,0.0,0,20,3780
9526.0,9408.56558222199,0.0,0,20,3780
9527.0,9408.56558222199,0.0,0,20,3780
9528.0,9408.56558222199,0.0,0,20,3780
9529.0,9408.56558222199,0.0,0,20,3780
9530.0,9408.56558222199,0.0,0,20,3780
9531.0,9408.56558222199,0.0,0,20,3780
9532.0,9408.56558222199,0.0,0,20,3780
9533.0,9408.56558222199,0.0,0,20,3780
9534.0,9408.56558222199,0.0,0,20,3780
9535.0,9408.56558222199,0.0,0,20,3780
9536.0,9408.56558222199,0.0,0,20,3780
9537.0,9408.56558222199,0.0,0,20,3780
9538.0,9408.56558222199,0.0,0,20,3780
9539.0,9408.56558222199,0.0,0,20,3780
9540.0,9408.56558222199,0.0,0,20,3780
9541.0,9408.56558222199,0.0,0,20,3780
9542.0,9408.56558222199,0.0,0,20,3780
9543.0,9408.56558222199,0.0,0,20,3780
9544.0,9408.56558222199,0.0,0,20,3780
9545.0,9408.56558222199,0.0,0,20,3780
9546.0,9408.56558222199,0.0,0,20,3780
9547.0,9408.56558222199,0.0,0,20,3780
9548.0,9408.56558222199,0.0,0,20,3780
9549.0,9408.56558222199,0.0,0,20,3780
9550.0,9408.56558222199,0.0,0,20,3780
9551.0,9408.56558222199,0.0,0,20,3780
9552.0,9408.56558222199,0.0,0,20,3780
9553.0,9408.56558222199,0.0,0,20,3780
9554.0,9408.56558222199,0.0,0,20,3780
9555.0,9408.56558222199,0.0,0,20,3780
9556.0,9408.56558222199,0.0,0,20,3780
9557.0,9408.56558222199,0.0,0,20,3780
9558.0,9408.56558222199,0.0,0,20,3780
9559.0,9408.56558222199,0.0,0,20,3780
9560.0,9408.56558222199,0.0,0,20,3780
9561.0,9408.56558222199,0.0,0,20,3780
9562.0,9408.56558222199,0.0,0,20,3780
9563.0,9408.56558222199,0.0,0,20,3780
9564.0,9408.56558222199,0.0,0,20,3780
9565.0,9408.56558222199,0.0,0,20,3780
9566.0,9408.56558222199,0.0,0,20,3780
9567.0,9408.56558222199,0.0,0,20,3780
9568.0,9408.56558222199,0.0,0,20,3780
9569.0,9408.56558222199,0.0,0,20,3780
9570.0,9408.56558222199,0.0,0,20,3780
9571.0,9408.56558222199,0.0,0,20,3780
9572.0,9408.56558222199,0.0,0,20,3780
9573.0,9408.56558222199,0.0,0,20,3780
9574.0,9408.56558222199,0.0,0,20,3780
9575.0,9408.56558222199,0.0,0,20,3780
9576.0,9408.56558222199,0.0,0,20,3780
9577.0,9408.56558222199,0.0,0,20,3780
9578.0,9408.56558222199,0.0,0,20,3780
9579.0,9408.56558222199,0.0,0,20,3780
9580.0,9408.56558222199,0.0,0,20,3780
9581.0,9408.56558222199,0.0,0,20,3780
9582.0,9408.56558222199,0.0,0,20,3780
9583.0,9408.56558222199,0.0,0,20,3780
9584.0,9408.56558222199,0.0,0,20,3780
9585.0,9408.56558222199,0.0,0,20,3780
9586.0,9408.56558222199,0.0,0,20,3780
9587.0,9408.56558222199,0.0,0,20,3780
9588.0,9408.56558222199,0.0,0,20,3780
9589.0,9408.56558222199,0.0,0,20,3780
9590.0,9408.56558222199,0.0,0,20,3780
9591.0,9408.56558222199,0.0,0,20,3780
9592.0,9408.56558222199,0.0,0,20,3780
9593.0,9408.56558222199,0.0,0,20,3780
9594.0,9408.56558222199,0.0,0,20,3780
9595.0,9408.56558222199,0.0,0,20,3780
9596.0,9408.56558222199,0.0,0,20,3780
9597.0,9408.56558222199,0.0,0,20,3780
9598.0,9408.56558222199,0.0,0,20,3780
9599.0,9408.56558222199,0.0,0,20,3780
9600.0,9408.56558222199,0.0,0,20,3780
9601.0,9408.56558222199,0.0,0,20,3780
9602.0,9408.56558222199,0.0,0,20,3780
9603.0,9408.56558222199,0.0,0,20,3780
9604.0,9408.56558222199,0.0,0,20,3780
9605.0,9408.56558222199,0.0,0,20,3780
9606.0,9408.56558222199,0.0,0,20,3780
9607.0,9408.56558222199,0.0,0,20,3780
9608.0,9408.56558222199,0.0,0,20,3780
9609.0,9408.56558222199,0.0,0,20,3780
9610.0,9408.56558222199,0.0,0,20,3780
9611.0,9408.56558222199,0.0,0,20,3780
9612.0,9408.56558222199,0.0,0,20,3780
9613.0,9408.56558222199,0.0,0,20,3780
9614.0,9408.56558222199,0.0,0,20,3780
9615.0,9408.56558222199,0.0,0,20,3780
9616.0,9408.56558222199,0.0,0,20,3780
9617.0,9408.56558222199,0.0,0,20,3780
9618.0,9408.56558222199,0.0,0,20,3780
9619.0,9408.56558222199,0.0,0,20,3780
9620.0,9408.56558222199,0.0,0,20,3780
9621.0,9408.56558222199,0.0,0,20,3780
9622.0,9408.56558222199,0.0,0,20,3780
9623.0,9408.56558222199,0.0,0,20,3780
9624.0,9408.56558222199,0.0,0,20,3780
9625.0,9408.56558222199,0.0,0,20,3780
9626.0,9408.56558222199,0.0,0,20,3780
9627.0,9408.56558222199,0.0,0,20,3780
9628.0,9408.56558222199,0.0,0,20,3780
9629.0,9408.56558222199,0.0,0,20,3780
9630.0,9408.56558222199,0.0,0,20,3780
9631.0,9408.56558222199,0.0,0,20,3780
9632.0,9408.56558222199,0.0,0,20,3780
9633.0,9408.56558222199,0.0,0,20,3780
9634.0,9408.56558222199,0.0,0,20,3780
9635.0,9408.56558222199,0.0,0,20,3780
9636.0,9408.56558222199,0.0,0,20,3780
9637.0,9408.56558222199,0.0,0,20,3780
9638.0,9408.56558222199,0.0,0,20,3780
9639.0,9408.56558222199,0.0,0,20,3780
9640.0,9408.56558222199,0.0,0,20,3780
9641.0,9408.56558222199,0.0,0,20,3780
9642.0,9408.56558222199,0.0,0,20,3780
9643.0,9408.56558222199,0.0,0,20,3780
9644.0,9408.56558222199,0.0,0,20,3780
9645.0,9408.56558222199,0.0,0,20,3780
9646.0,9408.56558222199,0.0,0,20,3780
9647.0,9408.56558222199,0.0,0,20,3780
9648.0,9408.56558222199,0.0,0,20,3780
9649.0,9408.56558222199,0.0,0,20,3780
9650.0,9408.56558222199,0.0,0,20,3780
9651.0,9408.56558222199,0.0,0,20,3780
9652.0,9408.56558222199,0.0,0,20,3780
9653.0,9408.56558222199,0.0,0,20,3780
9654.0,9408.56558222199,0.0,0,20,3780
9655.0,9408.56558222199,0.0,0,20,3780
9656.0,9408.56558222199,0.0,0,20,3780
9657.0,9408.56558222199,0.0,0,20,3780
9658.0,9408.56558222199,0.0,0,20,3780
9659.0,9408.56558222199,0.0,0,20,3780
9660.0,9408.56558222199,0.0,0,20,3780
9661.0,9408.56558222199,0.0,0,20,3780
9662.0,9408.56558222199,0.0,0,20,3780
9663.0,9408.56558222199,0.0,0,20,3780
9664.0,9408.56558222199,0.0,0,20,3780
9665.0,9408.56558222199,0.0,0,20,3780
9666.0,9408.56558222199,0.0,0,20,3780
9667.0,9408.56558222199,0.0,0,20,3780
9668.0,9408.56558222199,0.0,0,20,3780
9669.0,9408.56558222199,0.0,0,20,3780
9670.0,9408.56558222199,0.0,0,20,3780
9671.0,9408.56558222199,0.0,0,20,3780
9672.0,9408.56558222199,0.0,0,20,3780
9673.0,9408.56558222199,0.0,0,20,3780
9674.0,9408.56558222199,0.0,0,20,3780
9675.0,9408.56558222199,0.0,0,20,3780
9676.0,9408.56558222199,0.0,0,20,3780
9677.0,9408.56558222199,0.0,0,20,3780
9678.0,9408.56558222199,0.0,0,20,3780
9679.0,9408.56558222199,0.0,0,20,3780
9680.0,9408.56558222199,0.0,0,20,3780
9681.0,9408.56558222199,0.0,0,20,3780
9682.0,9408.56558222199,0.0,0,20,3780
9683.0,9408.56558222199,0.0,0,20,3780
9684.0,9408.56558222199,0.0,0,20,3780
9685.0,9408.56558222199,0.0,0,20,3780
9686.0,9408.56558222199,0.0,0,20,3780
9687.0,9408.56558222199,0.0,0,20,3780
9688.0,9408.56558222199,0.0,0,20,3780
9689.0,9408.56558222199,0.0,0,20,3780
9690.0,9408.56558222199,0.0,0,20,3780
9691.0,9408.56558222199,0.0,0,20,3780
9692.0,9408.56558222199,0.0,0,20,3780
9693.0,9408.56558222199,0.0,0,20,3780
9694.0,9408.56558222199,0.0,0,20,3780
9695.0,9408.56558222199,0.0,0,20,3780
9696.0,9408.56558222199,0.0,0,20,3780
9697.0,9408.56558222199,0.0,0,20,3780
9698.0,9408.56558222199,0.0,0,20,3780
9699.0,9408.56558222199,0.0,0,20,3780
9700.0,9408.56558222199,0.0,0,20,3780
9701.0,9408.56558222199,0.0,0,20,3780
9702.0,9408.56558222199,0.0,0,20,3780
9703.0,9408.56558222199,0.0,0,20,3780
9704.0,9408.56558222199,0.0,0,20,3780
9705.0,9408.56558222199,0.0,0,20,3780
9706.0,9408.56558222199,0.0,0,20,3780
9707.0,9408.56558222199,0.0,0,20,3780
9708.0,9408.56558222199,0.0,0,20,3780
9709.0,9408.56558222199,0.0,0,20,3780
9710.0,9408.56558222199,0.0,0,20,3780
9711.0,9408.56558222199,0.0,0,20,3780
9712.0,9408.56558222199,0.0,0,20,3780
9713.0,9408.56558222199,0.0,0,20,3780
9714.0,9408.56558222199,0.0,0,20,3780
9715.0,9408.56558222199,0.0,0,20,3780
9716.0,9408.56558222199,0.0,0,20,3780
9717.0,9408.56558222199,0.0,0,20,3780
9718.0,9408.56558222199,0.0,0,20,3780
9719.0,9408.56558222199,0.0,0,20,3780
9720.0,9408.56558222199,0.0,0,20,3780
9721.0,9408.56558222199,0.0,0,20,3780
9722.0,9408.56558222199,0.0,0,20,3780
9723.0,9408.56558222199,0.0,0,20,3780
9724.0,9408.56558222199,0.0,0,20,3780
9725.0,9408.56558222199,0.0,0,20,3780
9726.0,9408.56558222199,0.0,0,20,3780
9727.0,9408.56558222199,0.0,0,20,3780
9728.0,9408.56558222199,0.0,0,20,3780
9729.0,9408.56558222199,0.0,0,20,3780
9730.0,9408.56558222199,0.0,0,20,3780
9731.0,9408.56558222199,0.0,0,20,3780
9732.0,9408.56558222199,0.0,0,20,3780
9733.0,9408.56558222199,0.0,0,20,3780
9734.0,9408.56558222199,0.0,0,20,3780
9735.0,9408.56558222199,0.0,0,20,3780
9736.0,9408.56558222199,0.0,0,20,3780
9737.0,9408.56558222199,0.0,0,20,3780
9738.0,9408.56558222199,0.0,0,20,3780
9739.0,9408.56558222199,0.0,0,20,3780
9740.0,9408.56558222199,0.0,0,20,3780
9741.0,9408.56558222199,0.0,0,20,3780
9742.0,9408.56558222199,0.0,0,20,3780
9743.0,9408.56558222199,0.0,0,20,3780
9744.0,9408.56558222199,0.0,0,20,3780
9745.0,9408.56558222199,0.0,0,20,3780
9746.0,9408.56558222199,0.0,0,20,3780
9747.0,9408.56558222199,0.0,0,20,3780
9748.0,9408.56558222199,0.0,0,20,3780
9749.0,9408.56558222199,0.0,0,20,3780
9750.0,9408.56558222199,0.0,0,20,3780
9751.0,9408.56558222199,0.0,0,20,3780
9752.0,9408.56558222199,0.0,0,20,3780
9753.0,9408.56558222199,0.0,0,20,3780
9754.0,9408.56558222199,0.0,0,20,3780
9755.0,9408.56558222199,0.0,0,20,3780
9756.0,9408.56558222199,0.0,0,20,3780
9757.0,9408.56558222199,0.0,0,20,3780
9758.0,9408.56558222199,0.0,0,20,3780
9759.0,9408.56558222199,0.0,0,20,3780
9760.0,9408.56558222199,0.0,0,20,3780
9761.0,9408.56558222199,0.0,0,20,3780
9762.0,9408.56558222199,0.0,0,20,3780
9763.0,9408.56558222199,0.0,0,20,3780
9764.0,9408.56558222199,0.0,0,20,3780
9765.0,9408.56558222199,0.0,0,20,3780
9766.0,9408.56558222199,0.0,0,20,3780
9767.0,9408.56558222199,0.0,0,20,3780
9768.0,9408.56558222199,0.0,0,20,3780
9769.0,9408.56558222199,0.0,0,20,3780
9770.0,9408.56558222199,0.0,0,20,3780
9771.0,9408.56558222199,0.0,0,20,3780
9772.0,9408.56558222199,0.0,0,20,3780
9773.0,9408.56558222199,0.0,0,20,3780
9774.0,9408.56558222199,0.0,0,20,3780
9775.0,9408.56558222199,0.0,0,20,3780
9776.0,9408.56558222199,0.0,0,20,3780
9777.0,9408.56558222199,0.0,0,20,3780
9778.0,9408.56558222199,0.0,0,20,3780
9779.0,9408.56558222199,0.0,0,20,3780
9780.0,9408.56558222199,0.0,0,20,3780
9781.0,9408.56558222199,0.0,0,20,3780
9782.0,9408.56558222199,0.0,0,20,3780
9783.0,9408.56558222199,0.0,0,20,3780
9784.0,9408.56558222199,0.0,0,20,3780
9785.0,9408.56558222199,0.0,0,20,3780
9786.0,9408.56558222199,0.0,0,20,3780
9787.0,9408.56558222199,0.0,0,20,3780
9788.0,9408.56558222199,0.0,0,20,3780
9789.0,9408.56558222199,0.0,0,20,3780
9790.0,9408.56558222199,0.0,0,20,3780
9791.0,9408.56558222199,0.0,0,20,3780
9792.0,9408.56558222199,0.0,0,20,3780
9793.0,9408.56558222199,0.0,0,20,3780
9794.0,9408.56558222199,0.0,0,20,3780
9795.0,9408.56558222199,0.0,0,20,3780
9796.0,9408.56558222199,0.0,0,20,3780
9797.0,9408.56558222199,0.0,0,20,3780
9798.0,9408.56558222199,0.0,0,20,3780
9799.0,9408.56558222199,0.0,0,20,3780
9800.0,9408.56558222199,0.0,0,20,3780
9801.0,9408.56558222199,0.0,0,20,3780
9802.0,9408.56558222199,0.0,0,20,3780
9803.0,9408.56558222199,0.0,0,20,3780
9804.0,9408.56558222199,0.0,0,20,3780
9805.0,9408.56558222199,0.0,0,20,3780
9806.0,9408.56558222199,0.0,0,20,3780
9807.0,9408.56558222199,0.0,0,20,3780
9808.0,9408.56558222199,0.0,0,20,3780
9809.0,9408.56558222199,0.0,0,20,3780
9810.0,9408.56558222199,0.0,0,20,3780
9811.0,9408.56558222199,0.0,0,20,3780
9812.0,9408.56558222199,0.0,0,20,3780
9813.0,9408.56558222199,0.0,0,20,3780
9814.0,9408.56558222199,0.0,0,20,3780
9815.0,9408.56558222199,0.0,0,20,3780
9816.0,9408.56558222199,0.0,0,20,3780
9817.0,9408.56558222199,0.0,0,20,3780
9818.0,9408.56558222199,0.0,0,20,3780
9819.0,9408.56558222199,0.0,0,20,3780
9820.0,9408.56558222199,0.0,0,20,3780
9821.0,9408.56558222199,0.0,0,20,3780
9822.0,9408.56558222199,0.0,0,20,3780
9823.0,9408.56558222199,0.0,0,20,3780
9824.0,9408.56558222199,0.0,0,20,3780
9825.0,9408.56558222199,0.0,0,20,3780
9826.0,9408.56558222199,0.0,0,20,3780
9827.0,9408.56558222199,0.0,0,20,3780
9828.0,9408.56558222199,0.0,0,20,3780
9829.0,9408.56558222199,0.0,0,20,3780
9830.0,9408.56558222199,0.0,0,20,3780
9831.0,9408.56558222199,0.0,0,20,3780
9832.0,9408.56558222199,0.0,0,20,3780
9833.0,9408.56558222199,0.0,0,20,3780
9834.0,9408.56558222199,0.0,0,20,3780
9835.0,9408.56558222199,0.0,0,20,3780
9836.0,9408.56558222199,0.0,0,20,3780
9837.0,9408.56558222199,0.0,0,20,3780
9838.0,9408.56558222199,0.0,0,20,3780
9839.0,9408.56558222199,0.0,0,20,3780
9840.0,9408.56558222199,0.0,0,20,3780
9841.0,9408.56558222199,0.0,0,20,3780
9842.0,9408.56558222199,0.0,0,20,3780
9843.0,9408.56558222199,0.0,0,20,3780
9844.0,9408.56558222199,0.0,0,20,3780
9845.0,9408.56558222199,0.0,0,20,3780
9846.0,9408.56558222199,0.0,0,20,3780
9847.0,9408.56558222199,0.0,0,20,3780
9848.0,9408.56558222199,0.0,0,20,3780
9849.0,9408.56558222199,0.0,0,20,3780
9850.0,9408.56558222199,0.0,0,20,3780
9851.0,9408.56558222199,0.0,0,20,3780
9852.0,9408.56558222199,0.0,0,20,3780
9853.0,9408.56558222199,0.0,0,20,3780
9854.0,9408.56558222199,0.0,0,20,3780
9855.0,9408.56558222199,0.0,0,20,3780
9856.0,9408.56558222199,0.0,0,20,3780
9857.0,9408.56558222199,0.0,0,20,3780
9858.0,9408.56558222199,0.0,0,20,3780
9859.0,9408.56558222199,0.0,0,20,3780
9860.0,9408.56558222199,0.0,0,20,3780
9861.0,9408.56558222199,0.0,0,20,3780
9862.0,9408.56558222199,0.0,0,20,3780
9863.0,9408.56558222199,0.0,0,20,3780
9864.0,9408.56558222199,0.0,0,20,3780
9865.0,9408.56558222199,0.0,0,20,3780
9866.0,9408.56558222199,0.0,0,20,3780
9867.0,9408.56558222199,0.0,0,20,3780
9868.0,9408.56558222199,0.0,0,20,3780
9869.0,9408.56558222199,0.0,0,20,3780
9870.0,9408.56558222199,0.0,0,20,3780
9871.0,9408.56558222199,0.0,0,20,3780
9872.0,9408.56558222199,0.0,0,20,3780
9873.0,9408.56558222199,0.0,0,20,3780
9874.0,9408.56558222199,0.0,0,20,3780
9875.0,9408.56558222199,0.0,0,20,3780
9876.0,9408.56558222199,0.0,0,20,3780
9877.0,9408.56558222199,0.0,0,20,3780
9878.0,9408.56558222199,0.0,0,20,3780
9879.0,9408.56558222199,0.0,0,20,3780
9880.0,9408.56558222199,0.0,0,20,3780
9881.0,9408.56558222199,0.0,0,20,3780
9882.0,9408.56558222199,0.0,0,20,3780
9883.0,9408.56558222199,0.0,0,20,3780
9884.0,9408.56558222199,0.0,0,20,3780
9885.0,9408.56558222199,0.0,0,20,3780
9886.0,9408.56558222199,0.0,0,20,3780
9887.0,9408.56558222199,0.0,0,20,3780
9888.0,9408.56558222199,0.0,0,20,3780
9889.0,9408.56558222199,0.0,0,20,3780
9890.0,9408.56558222199,0.0,0,20,3780
9891.0,9408.56558222199,0.0,0,20,3780
9892.0,9408.56558222199,0.0,0,20,3780
9893.0,9408.56558222199,0.0,0,20,3780
9894.0,9408.56558222199,0.0,0,20,3780
9895.0,9408.56558222199,0.0,0,20,3780
9896.0,9408.56558222199,0.0,0,20,3780
9897.0,9408.56558222199,0.0,0,20,3780
9898.0,9408.56558222199,0.0,0,20,3780
9899.0,9408.56558222199,0.0,0,20,3780
9900.0,9408.56558222199,0.0,0,20,3780
9901.0,9408.56558222199,0.0,0,20,3780
9902.0,9408.56558222199,0.0,0,20,3780
9903.0,9408.56558222199,0.0,0,20,3780
9904.0,9408.56558222199,0.0,0,20,3780
9905.0,9408.56558222199,0.0,0,20,3780
9906.0,9408.56558222199,0.0,0,20,3780
9907.0,9408.56558222199,0.0,0,20,3780
9908.0,9408.56558222199,0.0,0,20,3780
9909.0,9408.56558222199,0.0,0,20,3780
9910.0,9408.56558222199,0.0,0,20,3780
9911.0,9408.56558222199,0.0,0,20,3780
9912.0,9408.56558222199,0.0,0,20,3780
9913.0,9408.56558222199,0.0,0,20,3780
9914.0,9408.56558222199,0.0,0,20,3780
9915.0,9408.56558222199,0.0,0,20,3780
9916.0,9408.56558222199,0.0,0,20,3780
9917.0,9408.56558222199,0.0,0,20,3780
9918.0,9408.56558222199,0.0,0,20,3780
9919.0,9408.56558222199,0.0,0,20,3780
9920.0,9408.56558222199,0.0,0,20,3780
9921.0,9408.56558222199,0.0,0,20,3780
9922.0,9408.56558222199,0.0,0,20,3780
9923.0,9408.56558222199,0.0,0,20,3780
9924.0,9408.56558222199,0.0,0,20,3780
9925.0,9408.56558222199,0.0,0,20,3780
9926.0,9408.56558222199,0.0,0,20,3780
9927.0,9408.56558222199,0.0,0,20,3780
9928.0,9408.56558222199,0.0,0,20,3780
9929.0,9408.56558222199,0.0,0,20,3780
9930.0,9408.56558222199,0.0,0,20,3780
9931.0,9408.56558222199,0.0,0,20,3780
9932.0,9408.56558222199,0.0,0,20,3780
9933.0,9408.56558222199,0.0,0,20,3780
9934.0,9408.56558222199,0.0,0,20,3780
9935.0,9408.56558222199,0.0,0,20,3780
9936.0,9408.56558222199,0.0,0,20,3780
9937.0,9408.56558222199,0.0,0,20,3780
9938.0,9408.56558222199,0.0,0,20,3780
9939.0,9408.56558222199,0.0,0,20,3780
9940.0,9408.56558222199,0.0,0,20,3780
9941.0,9408.56558222199,0.0,0,20,3780
9942.0,9408.56558222199,0.0,0,20,3780
9943.0,9408.56558222199,0.0,0,20,3780
9944.0,9408.56558222199,0.0,0,20,3780
9945.0,9408.56558222199,0.0,0,20,3780
9946.0,9408.56558222199,0.0,0,20,3780
9947.0,9408.56558222199,0.0,0,20,3780
9948.0,9408.56558222199,0.0,0,20,3780
9949.0,9408.56558222199,0.0,0,20,3780
9950.0,9408.56558222199,0.0,0,20,3780
9951.0,9408.56558222199,0.0,0,20,3780
9952.0,9408.56558222199,0.0,0,20,3780
9953.0,9408.56558222199,0.0,0,20,3780
9954.0,9408.56558222199,0.0,0,20,3780
9955.0,9408.56558222199,0.0,0,20,3780
9956.0,9408.56558222199,0.0,0,20,3780
9957.0,9408.56558222199,0.0,0,20,3780
9958.0,9408.56558222199,0.0,0,20,3780
9959.0,9408.56558222199,0.0,0,20,3780
9960.0,9408.56558222199,0.0,0,20,3780
9961.0,9408.56558222199,0.0,0,20,3780
9962.0,9408.56558222199,0.0,0,20,3780
9963.0,9408.56558222199,0.0,0,20,3780
9964.0,9408.56558222199,0.0,0,20,3780
9965.0,9408.56558222199,0.0,0,20,3780
9966.0,9408.56558222199,0.0,0,20,3780
9967.0,9408.56558222199,0.0,0,20,3780
9968.0,9408.56558222199,0.0,0,20,3780
9969.0,9408.56558222199,0.0,0,20,3780
9970.0,9408.56558222199,0.0,0,20,3780
9971.0,9408.56558222199,0.0,0,20,3780
9972.0,9408.56558222199,0.0,0,20,3780
9973.0,9408.56558222199,0.0,0,20,3780
9974.0,9408.56558222199,0.0,0,20,3780
9975.0,9408.56558222199,0.0,0,20,3780
9976.0,9408.56558222199,0.0,0,20,3780
9977.0,9408.56558222199,0.0,0,20,3780
9978.0,9408.56558222199,0.0,0,20,3780
9979.0,9408.56558222199,0.0,0,20,3780
9980.0,9408.56558222199,0.0,0,20,3780
9981.0,9408.56558222199,0.0,0,20,3780
9982.0,9408.56558222199,0.0,0,20,3780
9983.0,9408.56558222199,0.0,0,20,3780
9984.0,9408.56558222199,0.0,0,20,3780
9985.0,9408.56558222199,0.0,0,20,3780
9986.0,9408.56558222199,0.0,0,20,3780
9987.0,9408.56558222199,0.0,0,20,3780
9988.0,9408.56558222199,0.0,0,20,3780
9989.0,9408.56558222199,0.0,0,20,3780
9990.0,9408.56558222199,0.0,0,20,3780
9991.0,9408.56558222199,0.0,0,20,3780
9992.0,9408.56558222199,0.0,0,20,3780
9993.0,9408.56558222199,0.0,0,20,3780
9994.0,9408.56558222199,0.0,0,20,3780
9995.0,9408.56558222199,0.0,0,20,3780
9996.0,9408.56558222199,0.0,0,20,3780
9997.0,9408.56558222199,0.0,0,20,3780
9998.0,9408.56558222199,0.0,0,20,3780
9999.0,9408.56558222199,0.0,0,20,3780
10000.0,9408.56558222199,0.0,0,20,3780
10001.0,9408.56558222199,0.0,0,20,3780
10002.0,9408.56558222199,0.0,0,20,3780
10003.0,9408.56558222199,0.0,0,20,3780
10004.0,9408.56558222199,0.0,0,20,3780
10005.0,9408.56558222199,0.0,0,20,3780
10006.0,9408.56558222199,0.0,0,20,3780
10007.0,9408.56558222199,0.0,0,20,3780
10008.0,9408.56558222199,0.0,0,20,3780
10009.0,9408.56558222199,0.0,0,20,3780
10010.0,9408.56558222199,0.0,0,20,3780
10011.0,9408.56558222199,0.0,0,20,3780
10012.0,9408.56558222199,0.0,0,20,3780
10013.0,9408.56558222199,0.0,0,20,3780
10014.0,9408.56558222199,0.0,0,20,3780
10015.0,9408.56558222199,0.0,0,20,3780
10016.0,9408.56558222199,0.0,0,20,3780
10017.0,9408.56558222199,0.0,0,20,3780
10018.0,9408.56558222199,0.0,0,20,3780
10019.0,9408.56558222199,0.0,0,20,3780
10020.0,9408.56558222199,0.0,0,20,3780
10021.0,9408.56558222199,0.0,0,20,3780
10022.0,9408.56558222199,0.0,0,20,3780
10023.0,9408.56558222199,0.0,0,20,3780
10024.0,9408.56558222199,0.0,0,20,3780
10025.0,9408.56558222199,0.0,0,20,3780
10026.0,9408.56558222199,0.0,0,20,3780
10027.0,9408.56558222199,0.0,0,20,3780
10028.0,9408.56558222199,0.0,0,20,3780
10029.0,9408.56558222199,0.0,0,20,3780
10030.0,9408.56558222199,0.0,0,20,3780
10031.0,9408.56558222199,0.0,0,20,3780
10032.0,9408.56558222199,0.0,0,20,3780
10033.0,9408.56558222199,0.0,0,20,3780
10034.0,9408.56558222199,0.0,0,20,3780
10035.0,9408.56558222199,0.0,0,20,3780
10036.0,9408.56558222199,0.0,0,20,3780
10037.0,9408.56558222199,0.0,0,20,3780
10038.0,9408.56558222199,0.0,0,20,3780
10039.0,9408.56558222199,0.0,0,20,3780
10040.0,9408.56558222199,0.0,0,20,3780
10041.0,9408.56558222199,0.0,0,20,3780
10042.0,9408.56558222199,0.0,0,20,3780
10043.0,9408.56558222199,0.0,0,20,3780
10044.0,9408.56558222199,0.0,0,20,3780
10045.0,9408.56558222199,0.0,0,20,3780
10046.0,9408.56558222199,0.0,0,20,3780
10047.0,9408.56558222199,0.0,0,20,3780
10048.0,9408.56558222199,0.0,0,20,3780
10049.0,9408.56558222199,0.0,0,20,3780
10050.0,9408.56558222199,0.0,0,20,3780
10051.0,9408.56558222199,0.0,0,20,3780
10052.0,9408.56558222199,0.0,0,20,3780
10053.0,9408.56558222199,0.0,0,20,3780
10054.0,9408.56558222199,0.0,0,20,3780
10055.0,9408.56558222199,0.0,0,20,3780
10056.0,9408.56558222199,0.0,0,20,3780
10057.0,9408.56558222199,0.0,0,20,3780
10058.0,9408.56558222199,0.0,0,20,3780
10059.0,9408.56558222199,0.0,0,20,3780
10060.0,9408.56558222199,0.0,0,20,3780
10061.0,9408.56558222199,0.0,0,20,3780
10062.0,9408.56558222199,0.0,0,20,3780
10063.0,9408.56558222199,0.0,0,20,3780
10064.0,9408.56558222199,0.0,0,20,3780
10065.0,9408.56558222199,0.0,0,20,3780
10066.0,9408.56558222199,0.0,0,20,3780
10067.0,9408.56558222199,0.0,0,20,3780
10068.0,9408.56558222199,0.0,0,20,3780
10069.0,9408.56558222199,0.0,0,20,3780
10070.0,9408.56558222199,0.0,0,20,3780
10071.0,9408.56558222199,0.0,0,20,3780
10072.0,9408.56558222199,0.0,0,20,3780
10073.0,9408.56558222199,0.0,0,20,3780
10074.0,9408.56558222199,0.0,0,20,3780
10075.0,9408.56558222199,0.0,0,20,3780
10076.0,9408.56558222199,0.0,0,20,3780
10077.0,9408.56558222199,0.0,0,20,3780
10078.0,9408.56558222199,0.0,0,20,3780
10079.0,9408.56558222199,0.0,0,20,3780
10080.0,9408.56558222199,0.0,0,20,3780
10081.0,9408.56558222199,0.0,0,20,3780
10082.0,9408.56558222199,0.0,0,20,3780
10083.0,9408.56558222199,0.0,0,20,3780
10084.0,9408.56558222199,0.0,0,20,3780
10085.0,9408.56558222199,0.0,0,20,3780
10086.0,9408.56558222199,0.0,0,20,3780
10087.0,9408.56558222199,0.0,0,20,3780
10088.0,9408.56558222199,0.0,0,20,3780
10089.0,9408.56558222199,0.0,0,20,3780
10090.0,9408.56558222199,0.0,0,20,3780
10091.0,9408.56558222199,0.0,0,20,3780
10092.0,9408.56558222199,0.0,0,20,3780
10093.0,9408.56558222199,0.0,0,20,3780
10094.0,9408.56558222199,0.0,0,20,3780
10095.0,9408.56558222199,0.0,0,20,3780
10096.0,9408.56558222199,0.0,0,20,3780
10097.0,9408.56558222199,0.0,0,20,3780
10098.0,9408.56558222199,0.0,0,20,3780
10099.0,9408.56558222199,0.0,0,20,3780
10100.0,9408.56558222199,0.0,0,20,3780
10101.0,9408.56558222199,0.0,0,20,3780
10102.0,9408.56558222199,0.0,0,20,3780
10103.0,9408.56558222199,0.0,0,20,3780
10104.0,9408.56558222199,0.0,0,20,3780
10105.0,9408.56558222199,0.0,0,20,3780
10106.0,9408.56558222199,0.0,0,20,3780
10107.0,9408.56558222199,0.0,0,20,3780
10108.0,9408.56558222199,0.0,0,20,3780
10109.0,9408.56558222199,0.0,0,20,3780
10110.0,9408.56558222199,0.0,0,20,3780
10111.0,9408.56558222199,0.0,0,20,3780
10112.0,9408.56558222199,0.0,0,20,3780
10113.0,9408.56558222199,0.0,0,20,3780
10114.0,9408.56558222199,0.0,0,20,3780
10115.0,9408.56558222199,0.0,0,20,3780
10116.0,9408.56558222199,0.0,0,20,3780
10117.0,9408.56558222199,0.0,0,20,3780
10118.0,9408.56558222199,0.0,0,20,3780
10119.0,9408.56558222199,0.0,0,20,3780
10120.0,9408.56558222199,0.0,0,20,3780
10121.0,9408.56558222199,0.0,0,20,3780
10122.0,9408.56558222199,0.0,0,20,3780
10123.0,9408.56558222199,0.0,0,20,3780
10124.0,9408.56558222199,0.0,0,20,3780
10125.0,9408.56558222199,0.0,0,20,3780
10126.0,9408.56558222199,0.0,0,20,3780
10127.0,9408.56558222199,0.0,0,20,3780
10128.0,9408.56558222199,0.0,0,20,3780
10129.0,9408.56558222199,0.0,0,20,3780
10130.0,9408.56558222199,0.0,0,20,3780
10131.0,9408.56558222199,0.0,0,20,3780
10132.0,9408.56558222199,0.0,0,20,3780
10133.0,9408.56558222199,0.0,0,20,3780
10134.0,9408.56558222199,0.0,0,20,3780
10135.0,9408.56558222199,0.0,0,20,3780
10136.0,9408.56558222199,0.0,0,20,3780
10137.0,9408.56558222199,0.0,0,20,3780
10138.0,9408.56558222199,0.0,0,20,3780
10139.0,9408.56558222199,0.0,0,20,3780
10140.0,9408.56558222199,0.0,0,20,3780
10141.0,9408.56558222199,0.0,0,20,3780
10142.0,9408.56558222199,0.0,0,20,3780
10143.0,9408.56558222199,0.0,0,20,3780
10144.0,9408.56558222199,0.0,0,20,3780
10145.0,9408.56558222199,0.0,0,20,3780
10146.0,9408.56558222199,0.0,0,20,3780
10147.0,9408.56558222199,0.0,0,20,3780
10148.0,9408.56558222199,0.0,0,20,3780
10149.0,9408.56558222199,0.0,0,20,3780
10150.0,9408.56558222199,0.0,0,20,3780
10151.0,9408.56558222199,0.0,0,20,3780
10152.0,9408.56558222199,0.0,0,20,3780
10153.0,9408.56558222199,0.0,0,20,3780
10154.0,9408.56558222199,0.0,0,20,3780
10155.0,9408.56558222199,0.0,0,20,3780
10156.0,9408.56558222199,0.0,0,20,3780
10157.0,9408.56558222199,0.0,0,20,3780
10158.0,9408.56558222199,0.0,0,20,3780
10159.0,9408.56558222199,0.0,0,20,3780
10160.0,9408.56558222199,0.0,0,20,3780
10161.0,9408.56558222199,0.0,0,20,3780
10162.0,9408.56558222199,0.0,0,20,3780
10163.0,9408.56558222199,0.0,0,20,3780
10164.0,9408.56558222199,0.0,0,20,3780
10165.0,9408.56558222199,0.0,0,20,3780
10166.0,9408.56558222199,0.0,0,20,3780
10167.0,9408.56558222199,0.0,0,20,3780
10168.0,9408.56558222199,0.0,0,20,3780
10169.0,9408.56558222199,0.0,0,20,3780
10170.0,9408.56558222199,0.0,0,20,3780
10171.0,9408.56558222199,0.0,0,20,3780
10172.0,9408.56558222199,0.0,0,20,3780
10173.0,9408.56558222199,0.0,0,20,3780
10174.0,9408.56558222199,0.0,0,20,3780
10175.0,9408.56558222199,0.0,0,20,3780
10176.0,9408.56558222199,0.0,0,20,3780
10177.0,9408.56558222199,0.0,0,20,3780
10178.0,9408.56558222199,0.0,0,20,3780
10179.0,9408.56558222199,0.0,0,20,3780
10180.0,9408.56558222199,0.0,0,20,3780
10181.0,9408.56558222199,0.0,0,20,3780
10182.0,9408.56558222199,0.0,0,20,3780
10183.0,9408.56558222199,0.0,0,20,3780
10184.0,9408.56558222199,0.0,0,20,3780
10185.0,9408.56558222199,0.0,0,20,3780
10186.0,9408.56558222199,0.0,0,20,3780
10187.0,9408.56558222199,0.0,0,20,3780
10188.0,9408.56558222199,0.0,0,20,3780
10189.0,9408.56558222199,0.0,0,20,3780
10190.0,9408.56558222199,0.0,0,20,3780
10191.0,9408.56558222199,0.0,0,20,3780
10192.0,9408.56558222199,0.0,0,20,3780
10193.0,9408.56558222199,0.0,0,20,3780
10194.0,9408.56558222199,0.0,0,20,3780
10195.0,9408.56558222199,0.0,0,20,3780
10196.0,9408.56558222199,0.0,0,20,3780
10197.0,9408.56558222199,0.0,0,20,3780
10198.0,9408.56558222199,0.0,0,20,3780
10199.0,9408.56558222199,0.0,0,20,3780
10200.0,9408.56558222199,0.0,0,20,3780
10201.0,9408.56558222199,0.0,0,20,3780
10202.0,9408.56558222199,0.0,0,20,3780
10203.0,9408.56558222199,0.0,0,20,3780
10204.0,9408.56558222199,0.0,0,20,3780
10205.0,9408.56558222199,0.0,0,20,3780
10206.0,9408.56558222199,0.0,0,20,3780
10207.0,9408.56558222199,0.0,0,20,3780
10208.0,9408.56558222199,0.0,0,20,3780
10209.0,9408.56558222199,0.0,0,20,3780
10210.0,9408.56558222199,0.0,0,20,3780
10211.0,9408.56558222199,0.0,0,20,3780
10212.0,9408.56558222199,0.0,0,20,3780
10213.0,9408.56558222199,0.0,0,20,3780
10214.0,9408.56558222199,0.0,0,20,3780
10215.0,9408.56558222199,0.0,0,20,3780
10216.0,9408.56558222199,0.0,0,20,3780
10217.0,9408.56558222199,0.0,0,20,3780
10218.0,9408.56558222199,0.0,0,20,3780
10219.0,9408.56558222199,0.0,0,20,3780
10220.0,9408.56558222199,0.0,0,20,3780
10221.0,9408.56558222199,0.0,0,20,3780
10222.0,9408.56558222199,0.0,0,20,3780
10223.0,9408.56558222199,0.0,0,20,3780
10224.0,9408.56558222199,0.0,0,20,3780
10225.0,9408.56558222199,0.0,0,20,3780
10226.0,9408.56558222199,0.0,0,20,3780
10227.0,9408.56558222199,0.0,0,20,3780
10228.0,9408.56558222199,0.0,0,20,3780
10229.0,9408.56558222199,0.0,0,20,3780
10230.0,9408.56558222199,0.0,0,20,3780
10231.0,9408.56558222199,0.0,0,20,3780
10232.0,9408.56558222199,0.0,0,20,3780
10233.0,9408.56558222199,0.0,0,20,3780
10234.0,9408.56558222199,0.0,0,20,3780
10235.0,9408.56558222199,0.0,0,20,3780
10236.0,9408.56558222199,0.0,0,20,3780
10237.0,9408.56558222199,0.0,0,20,3780
10238.0,9408.56558222199,0.0,0,20,3780
10239.0,9408.56558222199,0.0,0,20,3780
10240.0,9408.56558222199,0.0,0,20,3780
10241.0,9408.56558222199,0.0,0,20,3780
10242.0,9408.56558222199,0.0,0,20,3780
10243.0,9408.56558222199,0.0,0,20,3780
10244.0,9408.56558222199,0.0,0,20,3780
10245.0,9408.56558222199,0.0,0,20,3780
10246.0,9408.56558222199,0.0,0,20,3780
10247.0,9408.56558222199,0.0,0,20,3780
10248.0,9408.56558222199,0.0,0,20,3780
10249.0,9408.56558222199,0.0,0,20,3780
10250.0,9408.56558222199,0.0,0,20,3780
10251.0,9408.56558222199,0.0,0,20,3780
10252.0,9408.56558222199,0.0,0,20,3780
10253.0,9408.56558222199,0.0,0,20,3780
10254.0,9408.56558222199,0.0,0,20,3780
10255.0,9408.56558222199,0.0,0,20,3780
10256.0,9408.56558222199,0.0,0,20,3780
10257.0,9408.56558222199,0.0,0,20,3780
10258.0,9408.56558222199,0.0,0,20,3780
10259.0,9408.56558222199,0.0,0,20,3780
10260.0,9408.56558222199,0.0,0,20,3780
10261.0,9408.56558222199,0.0,0,20,3780
10262.0,9408.56558222199,0.0,0,20,3780
10263.0,9408.56558222199,0.0,0,20,3780
10264.0,9408.56558222199,0.0,0,20,3780
10265.0,9408.56558222199,0.0,0,20,3780
10266.0,9408.56558222199,0.0,0,20,3780
10267.0,9408.56558222199,0.0,0,20,3780
10268.0,9408.56558222199,0.0,0,20,3780
10269.0,9408.56558222199,0.0,0,20,3780
10270.0,9408.56558222199,0.0,0,20,3780
10271.0,9408.56558222199,0.0,0,20,3780
10272.0,9408.56558222199,0.0,0,20,3780
10273.0,9408.56558222199,0.0,0,20,3780
10274.0,9408.56558222199,0.0,0,20,3780
10275.0,9408.56558222199,0.0,0,20,3780
10276.0,9408.56558222199,0.0,0,20,3780
10277.0,9408.56558222199,0.0,0,20,3780
10278.0,9408.56558222199,0.0,0,20,3780
10279.0,9408.56558222199,0.0,0,20,3780
10280.0,9408.56558222199,0.0,0,20,3780
10281.0,9408.56558222199,0.0,0,20,3780
10282.0,9408.56558222199,0.0,0,20,3780
10283.0,9408.56558222199,0.0,0,20,3780
10284.0,9408.56558222199,0.0,0,20,3780
10285.0,9408.56558222199,0.0,0,20,3780
10286.0,9408.56558222199,0.0,0,20,3780
10287.0,9408.56558222199,0.0,0,20,3780
10288.0,9408.56558222199,0.0,0,20,3780
10289.0,9408.56558222199,0.0,0,20,3780
10290.0,9408.56558222199,0.0,0,20,3780
10291.0,9408.56558222199,0.0,0,20,3780
10292.0,9408.56558222199,0.0,0,20,3780
10293.0,9408.56558222199,0.0,0,20,3780
10294.0,9408.56558222199,0.0,0,20,3780
10295.0,9408.56558222199,0.0,0,20,3780
10296.0,9408.56558222199,0.0,0,20,3780
10297.0,9408.56558222199,0.0,0,20,3780
10298.0,9408.56558222199,0.0,0,20,3780
10299.0,9408.56558222199,0.0,0,20,3780
10300.0,9408.56558222199,0.0,0,20,3780
10301.0,9408.56558222199,0.0,0,20,3780
10302.0,9408.56558222199,0.0,0,20,3780
10303.0,9408.56558222199,0.0,0,20,3780
10304.0,9408.56558222199,0.0,0,20,3780
10305.0,9408.56558222199,0.0,0,20,3780
10306.0,9408.56558222199,0.0,0,20,3780
10307.0,9408.56558222199,0.0,0,20,3780
10308.0,9408.56558222199,0.0,0,20,3780
10309.0,9408.56558222199,0.0,0,20,3780
10310.0,9408.56558222199,0.0,0,20,3780
10311.0,9408.56558222199,0.0,0,20,3780
10312.0,9408.56558222199,0.0,0,20,3780
10313.0,9408.56558222199,0.0,0,20,3780
10314.0,9408.56558222199,0.0,0,20,3780
10315.0,9408.56558222199,0.0,0,20,3780
10316.0,9408.56558222199,0.0,0,20,3780
10317.0,9408.56558222199,0.0,0,20,3780
10318.0,9408.56558222199,0.0,0,20,3780
10319.0,9408.56558222199,0.0,0,20,3780
10320.0,9408.56558222199,0.0,0,20,3780
10321.0,9408.56558222199,0.0,0,20,3780
10322.0,9408.56558222199,0.0,0,20,3780
10323.0,9408.56558222199,0.0,0,20,3780
10324.0,9408.56558222199,0.0,0,20,3780
10325.0,9408.56558222199,0.0,0,20,3780
10326.0,9408.56558222199,0.0,0,20,3780
10327.0,9408.56558222199,0.0,0,20,3780
10328.0,9408.56558222199,0.0,0,20,3780
10329.0,9408.56558222199,0.0,0,20,3780
10330.0,9408.56558222199,0.0,0,20,3780
10331.0,9408.56558222199,0.0,0,20,3780
10332.0,9408.56558222199,0.0,0,20,3780
10333.0,9408.56558222199,0.0,0,20,3780
10334.0,9408.56558222199,0.0,0,20,3780
10335.0,9408.56558222199,0.0,0,20,3780
10336.0,9408.56558222199,0.0,0,20,3780
10337.0,9408.56558222199,0.0,0,20,3780
10338.0,9408.56558222199,0.0,0,20,3780
10339.0,9408.56558222199,0.0,0,20,3780
10340.0,9408.56558222199,0.0,0,20,3780
10341.0,9408.56558222199,0.0,0,20,3780
10342.0,9408.56558222199,0.0,0,20,3780
10343.0,9408.56558222199,0.0,0,20,3780
10344.0,9408.56558222199,0.0,0,20,3780
10345.0,9408.56558222199,0.0,0,20,3780
10346.0,9408.56558222199,0.0,0,20,3780
10347.0,9408.56558222199,0.0,0,20,3780
10348.0,9408.56558222199,0.0,0,20,3780
10349.0,9408.56558222199,0.0,0,20,3780
10350.0,9408.56558222199,0.0,0,20,3780
10351.0,9408.56558222199,0.0,0,20,3780
10352.0,9408.56558222199,0.0,0,20,3780
10353.0,9408.56558222199,0.0,0,20,3780
10354.0,9408.56558222199,0.0,0,20,3780
10355.0,9408.56558222199,0.0,0,20,3780
10356.0,9408.56558222199,0.0,0,20,3780
10357.0,9408.56558222199,0.0,0,20,3780
10358.0,9408.56558222199,0.0,0,20,3780
10359.0,9408.56558222199,0.0,0,20,3780
10360.0,9408.56558222199,0.0,0,20,3780
10361.0,9408.56558222199,0.0,0,20,3780
10362.0,9408.56558222199,0.0,0,20,3780
10363.0,9408.56558222199,0.0,0,20,3780
10364.0,9408.56558222199,0.0,0,20,3780
10365.0,9408.56558222199,0.0,0,20,3780
10366.0,9408.56558222199,0.0,0,20,3780
10367.0,9408.56558222199,0.0,0,20,3780
10368.0,9408.56558222199,0.0,0,20,3780
10369.0,9408.56558222199,0.0,0,20,3780
10370.0,9408.56558222199,0.0,0,20,3780
10371.0,9408.56558222199,0.0,0,20,3780
10372.0,9408.56558222199,0.0,0,20,3780
10373.0,9408.56558222199,0.0,0,20,3780
10374.0,9408.56558222199,0.0,0,20,3780
10375.0,9408.56558222199,0.0,0,20,3780
10376.0,9408.56558222199,0.0,0,20,3780
10377.0,9408.56558222199,0.0,0,20,3780
10378.0,9408.56558222199,0.0,0,20,3780
10379.0,9408.56558222199,0.0,0,20,3780
10380.0,9408.56558222199,0.0,0,20,3780
10381.0,9408.56558222199,0.0,0,20,3780
10382.0,9408.56558222199,0.0,0,20,3780
10383.0,9408.56558222199,0.0,0,20,3780
10384.0,9408.56558222199,0.0,0,20,3780
10385.0,9408.56558222199,0.0,0,20,3780
10386.0,9408.56558222199,0.0,0,20,3780
10387.0,9408.56558222199,0.0,0,20,3780
10388.0,9408.56558222199,0.0,0,20,3780
10389.0,9408.56558222199,0.0,0,20,3780
10390.0,9408.56558222199,0.0,0,20,3780
10391.0,9408.56558222199,0.0,0,20,3780
10392.0,9408.56558222199,0.0,0,20,3780
10393.0,9408.56558222199,0.0,0,20,3780
10394.0,9408.56558222199,0.0,0,20,3780
10395.0,9408.56558222199,0.0,0,20,3780
10396.0,9408.56558222199,0.0,0,20,3780
10397.0,9408.56558222199,0.0,0,20,3780
10398.0,9408.56558222199,0.0,0,20,3780
10399.0,9408.56558222199,0.0,0,20,3780
10400.0,9408.56558222199,0.0,0,20,3780
10401.0,9408.56558222199,0.0,0,20,3780
10402.0,9408.56558222199,0.0,0,20,3780
10403.0,9408.56558222199,0.0,0,20,3780
10404.0,9408.56558222199,0.0,0,20,3780
10405.0,9408.56558222199,0.0,0,20,3780
10406.0,9408.56558222199,0.0,0,20,3780
10407.0,9408.56558222199,0.0,0,20,3780
10408.0,9408.56558222199,0.0,0,20,3780
10409.0,9408.56558222199,0.0,0,20,3780
10410.0,9408.56558222199,0.0,0,20,3780
10411.0,9408.56558222199,0.0,0,20,3780
10412.0,9408.56558222199,0.0,0,20,3780
10413.0,9408.56558222199,0.0,0,20,3780
10414.0,9408.56558222199,0.0,0,20,3780
10415.0,9408.56558222199,0.0,0,20,3780
10416.0,9408.56558222199,0.0,0,20,3780
10417.0,9408.56558222199,0.0,0,20,3780
10418.0,9408.56558222199,0.0,0,20,3780
10419.0,9408.56558222199,0.0,0,20,3780
10420.0,9408.56558222199,0.0,0,20,3780
10421.0,9408.56558222199,0.0,0,20,3780
10422.0,9408.56558222199,0.0,0,20,3780
10423.0,9408.56558222199,0.0,0,20,3780
10424.0,9408.56558222199,0.0,0,20,3780
10425.0,9408.56558222199,0.0,0,20,3780
10426.0,9408.56558222199,0.0,0,20,3780
10427.0,9408.56558222199,0.0,0,20,3780
10428.0,9408.56558222199,0.0,0,20,3780
10429.0,9408.56558222199,0.0,0,20,3780
10430.0,9408.56558222199,0.0,0,20,3780
10431.0,9408.56558222199,0.0,0,20,3780
10432.0,9408.56558222199,0.0,0,20,3780
10433.0,9408.56558222199,0.0,0,20,3780
10434.0,9408.56558222199,0.0,0,20,3780
10435.0,9408.56558222199,0.0,0,20,3780
10436.0,9408.56558222199,0.0,0,20,3780
10437.0,9408.56558222199,0.0,0,20,3780
10438.0,9408.56558222199,0.0,0,20,3780
10439.0,9408.56558222199,0.0,0,20,3780
10440.0,9408.56558222199,0.0,0,20,3780
10441.0,9408.56558222199,0.0,0,20,3780
10442.0,9408.56558222199,0.0,0,20,3780
10443.0,9408.56558222199,0.0,0,20,3780
10444.0,9408.56558222199,0.0,0,20,3780
10445.0,9408.56558222199,0.0,0,20,3780
10446.0,9408.56558222199,0.0,0,20,3780
10447.0,9408.56558222199,0.0,0,20,3780
10448.0,9408.56558222199,0.0,0,20,3780
10449.0,9408.56558222199,0.0,0,20,3780
10450.0,9408.56558222199,0.0,0,20,3780
10451.0,9408.56558222199,0.0,0,20,3780
10452.0,9408.56558222199,0.0,0,20,3780
10453.0,9408.56558222199,0.0,0,20,3780
10454.0,9408.56558222199,0.0,0,20,3780
10455.0,9408.56558222199,0.0,0,20,3780
10456.0,9408.56558222199,0.0,0,20,3780
10457.0,9408.56558222199,0.0,0,20,3780
10458.0,9408.56558222199,0.0,0,20,3780
10459.0,9408.56558222199,0.0,0,20,3780
10460.0,9408.56558222199,0.0,0,20,3780
10461.0,9408.56558222199,0.0,0,20,3780
10462.0,9408.56558222199,0.0,0,20,3780
10463.0,9408.56558222199,0.0,0,20,3780
10464.0,9408.56558222199,0.0,0,20,3780
10465.0,9408.56558222199,0.0,0,20,3780
10466.0,9408.56558222199,0.0,0,20,3780
10467.0,9408.56558222199,0.0,0,20,3780
10468.0,9408.56558222199,0.0,0,20,3780
10469.0,9408.56558222199,0.0,0,20,3780
10470.0,9408.56558222199,0.0,0,20,3780
10471.0,9408.56558222199,0.0,0,20,3780
10472.0,9408.56558222199,0.0,0,20,3780
10473.0,9408.56558222199,0.0,0,20,3780
10474.0,9408.56558222199,0.0,0,20,3780
10475.0,9408.56558222199,0.0,0,20,3780
10476.0,9408.56558222199,0.0,0,20,3780
10477.0,9408.56558222199,0.0,0,20,3780
10478.0,9408.56558222199,0.0,0,20,3780
10479.0,9408.56558222199,0.0,0,20,3780
10480.0,9408.56558222199,0.0,0,20,3780
10481.0,9408.56558222199,0.0,0,20,3780
10482.0,9408.56558222199,0.0,0,20,3780
10483.0,9408.56558222199,0.0,0,20,3780
10484.0,9408.56558222199,0.0,0,20,3780
10485.0,9408.56558222199,0.0,0,20,3780
10486.0,9408.56558222199,0.0,0,20,3780
10487.0,9408.56558222199,0.0,0,20,3780
10488.0,9408.56558222199,0.0,0,20,3780
10489.0,9408.56558222199,0.0,0,20,3780
10490.0,9408.56558222199,0.0,0,20,3780
10491.0,9408.56558222199,0.0,0,20,3780
10492.0,9408.56558222199,0.0,0,20,3780
10493.0,9408.56558222199,0.0,0,20,3780
10494.0,9408.56558222199,0.0,0,20,3780
10495.0,9408.56558222199,0.0,0,20,3780
10496.0,9408.56558222199,0.0,0,20,3780
10497.0,9408.56558222199,0.0,0,20,3780
10498.0,9408.56558222199,0.0,0,20,3780
10499.0,9408.56558222199,0.0,0,20,3780
10500.0,9408.56558222199,0.0,0,20,3780
10501.0,9408.56558222199,0.0,0,20,3780
10502.0,9408.56558222199,0.0,0,20,3780
10503.0,9408.56558222199,0.0,0,20,3780
10504.0,9408.56558222199,0.0,0,20,3780
10505.0,9408.56558222199,0.0,0,20,3780
10506.0,9408.56558222199,0.0,0,20,3780
10507.0,9408.56558222199,0.0,0,20,3780
10508.0,9408.56558222199,0.0,0,20,3780
10509.0,9408.56558222199,0.0,0,20,3780
10510.0,9408.56558222199,0.0,0,20,3780
10511.0,9408.56558222199,0.0,0,20,3780
10512.0,9408.56558222199,0.0,0,20,3780
10513.0,9408.56558222199,0.0,0,20,3780
10514.0,9408.56558222199,0.0,0,20,3780
10515.0,9408.56558222199,0.0,0,20,3780
10516.0,9408.56558222199,0.0,0,20,3780
10517.0,9408.56558222199,0.0,0,20,3780
10518.0,9408.56558222199,0.0,0,20,3780
10519.0,9408.56558222199,0.0,0,20,3780
10520.0,9408.56558222199,0.0,0,20,3780
10521.0,9408.56558222199,0.0,0,20,3780
10522.0,9408.56558222199,0.0,0,20,3780
10523.0,9408.56558222199,0.0,0,20,3780
10524.0,9408.56558222199,0.0,0,20,3780
10525.0,9408.56558222199,0.0,0,20,3780
10526.0,9408.56558222199,0.0,0,20,3780
10527.0,9408.56558222199,0.0,0,20,3780
10528.0,9408.56558222199,0.0,0,20,3780
10529.0,9408.56558222199,0.0,0,20,3780
10530.0,9408.56558222199,0.0,0,20,3780
10531.0,9408.56558222199,0.0,0,20,3780
10532.0,9408.56558222199,0.0,0,20,3780
10533.0,9408.56558222199,0.0,0,20,3780
10534.0,9408.56558222199,0.0,0,20,3780
10535.0,9408.56558222199,0.0,0,20,3780
10536.0,9408.56558222199,0.0,0,20,3780
10537.0,9408.56558222199,0.0,0,20,3780
10538.0,9408.56558222199,0.0,0,20,3780
10539.0,9408.56558222199,0.0,0,20,3780
10540.0,9408.56558222199,0.0,0,20,3780
10541.0,9408.56558222199,0.0,0,20,3780
10542.0,9408.56558222199,0.0,0,20,3780
10543.0,9408.56558222199,0.0,0,20,3780
10544.0,9408.56558222199,0.0,0,20,3780
10545.0,9408.56558222199,0.0,0,20,3780
10546.0,9408.56558222199,0.0,0,20,3780
10547.0,9408.56558222199,0.0,0,20,3780
10548.0,9408.56558222199,0.0,0,20,3780
10549.0,9408.56558222199,0.0,0,20,3780
10550.0,9408.56558222199,0.0,0,20,3780
10551.0,9408.56558222199,0.0,0,20,3780
10552.0,9408.56558222199,0.0,0,20,3780
10553.0,9408.56558222199,0.0,0,20,3780
10554.0,9408.56558222199,0.0,0,20,3780
10555.0,9408.56558222199,0.0,0,20,3780
10556.0,9408.56558222199,0.0,0,20,3780
10557.0,9408.56558222199,0.0,0,20,3780
10558.0,9408.56558222199,0.0,0,20,3780
10559.0,9408.56558222199,0.0,0,20,3780
10560.0,9408.56558222199,0.0,0,20,3780
10561.0,9408.56558222199,0.0,0,20,3780
10562.0,9408.56558222199,0.0,0,20,3780
10563.0,9408.56558222199,0.0,0,20,3780
10564.0,9408.56558222199,0.0,0,20,3780
10565.0,9408.56558222199,0.0,0,20,3780
10566.0,9408.56558222199,0.0,0,20,3780
10567.0,9408.56558222199,0.0,0,20,3780
10568.0,9408.56558222199,0.0,0,20,3780
10569.0,9408.56558222199,0.0,0,20,3780
10570.0,9408.56558222199,0.0,0,20,3780
10571.0,9408.56558222199,0.0,0,20,3780
10572.0,9408.56558222199,0.0,0,20,3780
10573.0,9408.56558222199,0.0,0,20,3780
10574.0,9408.56558222199,0.0,0,20,3780
10575.0,9408.56558222199,0.0,0,20,3780
10576.0,9408.56558222199,0.0,0,20,3780
10577.0,9408.56558222199,0.0,0,20,3780
10578.0,9408.56558222199,0.0,0,20,3780
10579.0,9408.56558222199,0.0,0,20,3780
10580.0,9408.56558222199,0.0,0,20,3780
10581.0,9408.56558222199,0.0,0,20,3780
10582.0,9408.56558222199,0.0,0,20,3780
10583.0,9408.56558222199,0.0,0,20,3780
10584.0,9408.56558222199,0.0,0,20,3780
10585.0,9408.56558222199,0.0,0,20,3780
10586.0,9408.56558222199,0.0,0,20,3780
10587.0,9408.56558222199,0.0,0,20,3780
10588.0,9408.56558222199,0.0,0,20,3780
10589.0,9408.56558222199,0.0,0,20,3780
10590.0,9408.56558222199,0.0,0,20,3780
10591.0,9408.56558222199,0.0,0,20,3780
10592.0,9408.56558222199,0.0,0,20,3780
10593.0,9408.56558222199,0.0,0,20,3780
10594.0,9408.56558222199,0.0,0,20,3780
10595.0,9408.56558222199,0.0,0,20,3780
10596.0,9408.56558222199,0.0,0,20,3780
10597.0,9408.56558222199,0.0,0,20,3780
10598.0,9408.56558222199,0.0,0,20,3780
10599.0,9408.56558222199,0.0,0,20,3780
10600.0,9408.56558222199,0.0,0,20,3780
10601.0,9408.56558222199,0.0,0,20,3780
10602.0,9408.56558222199,0.0,0,20,3780
10603.0,9408.56558222199,0.0,0,20,3780
10604.0,9408.56558222199,0.0,0,20,3780
10605.0,9408.56558222199,0.0,0,20,3780
10606.0,9408.56558222199,0.0,0,20,3780
10607.0,9408.56558222199,0.0,0,20,3780
10608.0,9408.56558222199,0.0,0,20,3780
10609.0,9408.56558222199,0.0,0,20,3780
10610.0,9408.56558222199,0.0,0,20,3780
10611.0,9408.56558222199,0.0,0,20,3780
10612.0,9408.56558222199,0.0,0,20,3780
10613.0,9408.56558222199,0.0,0,20,3780
10614.0,9408.56558222199,0.0,0,20,3780
10615.0,9408.56558222199,0.0,0,20,3780
10616.0,9408.56558222199,0.0,0,20,3780
10617.0,9408.56558222199,0.0,0,20,3780
10618.0,9408.56558222199,0.0,0,20,3780
10619.0,9408.56558222199,0.0,0,20,3780
10620.0,9408.56558222199,0.0,0,20,3780
10621.0,9408.56558222199,0.0,0,20,3780
10622.0,9408.56558222199,0.0,0,20,3780
10623.0,9408.56558222199,0.0,0,20,3780
10624.0,9408.56558222199,0.0,0,20,3780
10625.0,9408.56558222199,0.0,0,20,3780
10626.0,9408.56558222199,0.0,0,20,3780
10627.0,9408.56558222199,0.0,0,20,3780
10628.0,9408.56558222199,0.0,0,20,3780
10629.0,9408.56558222199,0.0,0,20,3780
10630.0,9408.56558222199,0.0,0,20,3780
10631.0,9408.56558222199,0.0,0,20,3780
10632.0,9408.56558222199,0.0,0,20,3780
10633.0,9408.56558222199,0.0,0,20,3780
10634.0,9408.56558222199,0.0,0,20,3780
10635.0,9408.56558222199,0.0,0,20,3780
10636.0,9408.56558222199,0.0,0,20,3780
10637.0,9408.56558222199,0.0,0,20,3780
10638.0,9408.56558222199,0.0,0,20,3780
10639.0,9408.56558222199,0.0,0,20,3780
10640.0,9408.56558222199,0.0,0,20,3780
10641.0,9408.56558222199,0.0,0,20,3780
10642.0,9408.56558222199,0.0,0,20,3780
10643.0,9408.56558222199,0.0,0,20,3780
10644.0,9408.56558222199,0.0,0,20,3780
10645.0,9408.56558222199,0.0,0,20,3780
10646.0,9408.56558222199,0.0,0,20,3780
10647.0,9408.56558222199,0.0,0,20,3780
10648.0,9408.56558222199,0.0,0,20,3780
10649.0,9408.56558222199,0.0,0,20,3780
10650.0,9408.56558222199,0.0,0,20,3780
10651.0,9408.56558222199,0.0,0,20,3780
10652.0,9408.56558222199,0.0,0,20,3780
10653.0,9408.56558222199,0.0,0,20,3780
10654.0,9408.56558222199,0.0,0,20,3780
10655.0,9408.56558222199,0.0,0,20,3780
10656.0,9408.56558222199,0.0,0,20,3780
10657.0,9408.56558222199,0.0,0,20,3780
10658.0,9408.56558222199,0.0,0,20,3780
10659.0,9408.56558222199,0.0,0,20,3780
10660.0,9408.56558222199,0.0,0,20,3780
10661.0,9408.56558222199,0.0,0,20,3780
10662.0,9408.56558222199,0.0,0,20,3780
10663.0,9408.56558222199,0.0,0,20,3780
10664.0,9408.56558222199,0.0,0,20,3780
10665.0,9408.56558222199,0.0,0,20,3780
10666.0,9408.56558222199,0.0,0,20,3780
10667.0,9408.56558222199,0.0,0,20,3780
10668.0,9408.56558222199,0.0,0,20,3780
10669.0,9408.56558222199,0.0,0,20,3780
10670.0,9408.56558222199,0.0,0,20,3780
10671.0,9408.56558222199,0.0,0,20,3780
10672.0,9408.56558222199,0.0,0,20,3780
10673.0,9408.56558222199,0.0,0,20,3780
10674.0,9408.56558222199,0.0,0,20,3780
10675.0,9408.56558222199,0.0,0,20,3780
10676.0,9408.56558222199,0.0,0,20,3780
10677.0,9408.56558222199,0.0,0,20,3780
10678.0,9408.56558222199,0.0,0,20,3780
10679.0,9408.56558222199,0.0,0,20,3780
10680.0,9408.56558222199,0.0,0,20,3780
10681.0,9408.56558222199,0.0,0,20,3780
10682.0,9408.56558222199,0.0,0,20,3780
10683.0,9408.56558222199,0.0,0,20,3780
10684.0,9408.56558222199,0.0,0,20,3780
10685.0,9408.56558222199,0.0,0,20,3780
10686.0,9408.56558222199,0.0,0,20,3780
10687.0,9408.56558222199,0.0,0,20,3780
10688.0,9408.56558222199,0.0,0,20,3780
10689.0,9408.56558222199,0.0,0,20,3780
10690.0,9408.56558222199,0.0,0,20,3780
10691.0,9408.56558222199,0.0,0,20,3780
10692.0,9408.56558222199,0.0,0,20,3780
10693.0,9408.56558222199,0.0,0,20,3780
10694.0,9408.56558222199,0.0,0,20,3780
10695.0,9408.56558222199,0.0,0,20,3780
10696.0,9408.56558222199,0.0,0,20,3780
10697.0,9408.56558222199,0.0,0,20,3780
10698.0,9408.56558222199,0.0,0,20,3780
10699.0,9408.56558222199,0.0,0,20,3780
10700.0,9408.56558222199,0.0,0,20,3780
10701.0,9408.56558222199,0.0,0,20,3780
10702.0,9408.56558222199,0.0,0,20,3780
10703.0,9408.56558222199,0.0,0,20,3780
10704.0,9408.56558222199,0.0,0,20,3780
10705.0,9408.56558222199,0.0,0,20,3780
10706.0,9408.56558222199,0.0,0,20,3780
10707.0,9408.56558222199,0.0,0,20,3780
10708.0,9408.56558222199,0.0,0,20,3780
10709.0,9408.56558222199,0.0,0,20,3780
10710.0,9408.56558222199,0.0,0,20,3780
10711.0,9408.56558222199,0.0,0,20,3780
10712.0,9408.56558222199,0.0,0,20,3780
10713.0,9408.56558222199,0.0,0,20,3780
10714.0,9408.56558222199,0.0,0,20,3780
10715.0,9408.56558222199,0.0,0,20,3780
10716.0,9408.56558222199,0.0,0,20,3780
10717.0,9408.56558222199,0.0,0,20,3780
10718.0,9408.56558222199,0.0,0,20,3780
10719.0,9408.56558222199,0.0,0,20,3780
10720.0,9408.56558222199,0.0,0,20,3780
10721.0,9408.56558222199,0.0,0,20,3780
10722.0,9408.56558222199,0.0,0,20,3780
10723.0,9408.56558222199,0.0,0,20,3780
10724.0,9408.56558222199,0.0,0,20,3780
10725.0,9408.56558222199,0.0,0,20,3780
10726.0,9408.56558222199,0.0,0,20,3780
10727.0,9408.56558222199,0.0,0,20,3780
10728.0,9408.56558222199,0.0,0,20,3780
10729.0,9408.56558222199,0.0,0,20,3780
10730.0,9408.56558222199,0.0,0,20,3780
10731.0,9408.56558222199,0.0,0,20,3780
10732.0,9408.56558222199,0.0,0,20,3780
10733.0,9408.56558222199,0.0,0,20,3780
10734.0,9408.56558222199,0.0,0,20,3780
10735.0,9408.56558222199,0.0,0,20,3780
10736.0,9408.56558222199,0.0,0,20,3780
10737.0,9408.56558222199,0.0,0,20,3780
10738.0,9408.56558222199,0.0,0,20,3780
10739.0,9408.56558222199,0.0,0,20,3780
10740.0,9408.56558222199,0.0,0,20,3780
10741.0,9408.56558222199,0.0,0,20,3780
10742.0,9408.56558222199,0.0,0,20,3780
10743.0,9408.56558222199,0.0,0,20,3780
10744.0,9408.56558222199,0.0,0,20,3780
10745.0,9408.56558222199,0.0,0,20,3780
10746.0,9408.56558222199,0.0,0,20,3780
10747.0,9408.56558222199,0.0,0,20,3780
10748.0,9408.56558222199,0.0,0,20,3780
10749.0,9408.56558222199,0.0,0,20,3780
10750.0,9408.56558222199,0.0,0,20,3780
10751.0,9408.56558222199,0.0,0,20,3780
10752.0,9408.56558222199,0.0,0,20,3780
10753.0,9408.56558222199,0.0,0,20,3780
10754.0,9408.56558222199,0.0,0,20,3780
10755.0,9408.56558222199,0.0,0,20,3780
10756.0,9408.56558222199,0.0,0,20,3780
10757.0,9408.56558222199,0.0,0,20,3780
10758.0,9408.56558222199,0.0,0,20,3780
10759.0,9408.56558222199,0.0,0,20,3780
10760.0,9408.56558222199,0.0,0,20,3780
10761.0,9408.56558222199,0.0,0,20,3780
10762.0,9408.56558222199,0.0,0,20,3780
10763.0,9408.56558222199,0.0,0,20,3780
10764.0,9408.56558222199,0.0,0,20,3780
10765.0,9408.56558222199,0.0,0,20,3780
10766.0,9408.56558222199,0.0,0,20,3780
10767.0,9408.56558222199,0.0,0,20,3780
10768.0,9408.56558222199,0.0,0,20,3780
10769.0,9408.56558222199,0.0,0,20,3780
10770.0,9408.56558222199,0.0,0,20,3780
10771.0,9408.56558222199,0.0,0,20,3780
10772.0,9408.56558222199,0.0,0,20,3780
10773.0,9408.56558222199,0.0,0,20,3780
10774.0,9408.56558222199,0.0,0,20,3780
10775.0,9408.56558222199,0.0,0,20,3780
10776.0,9408.56558222199,0.0,0,20,3780
10777.0,9408.56558222199,0.0,0,20,3780
10778.0,9408.56558222199,0.0,0,20,3780
10779.0,9408.56558222199,0.0,0,20,3780
10780.0,9408.56558222199,0.0,0,20,3780
10781.0,9408.56558222199,0.0,0,20,3780
10782.0,9408.56558222199,0.0,0,20,3780
10783.0,9408.56558222199,0.0,0,20,3780
10784.0,9408.56558222199,0.0,0,20,3780
10785.0,9408.56558222199,0.0,0,20,3780
10786.0,9408.56558222199,0.0,0,20,3780
10787.0,9408.56558222199,0.0,0,20,3780
10788.0,9408.56558222199,0.0,0,20,3780
10789.0,9408.56558222199,0.0,0,20,3780
10790.0,9408.56558222199,0.0,0,20,3780
10791.0,9408.56558222199,0.0,0,20,3780
10792.0,9408.56558222199,0.0,0,20,3780
10793.0,9408.56558222199,0.0,0,20,3780
10794.0,9408.56558222199,0.0,0,20,3780
10795.0,9408.56558222199,0.0,0,20,3780
10796.0,9408.56558222199,0.0,0,20,3780
10797.0,9408.56558222199,0.0,0,20,3780
10798.0,9408.56558222199,0.0,0,20,3780
10799.0,9408.56558222199,0.0,0,20,3780
10800.0,9408.56558222199,0.0,0,20,3780
10801.0,9408.56558222199,0.0,0,20,3780
10802.0,9408.56558222199,0.0,0,20,3780
10803.0,9408.56558222199,0.0,0,20,3780
10804.0,9408.56558222199,0.0,0,20,3780
10805.0,9408.56558222199,0.0,0,20,3780
10806.0,9408.56558222199,0.0,0,20,3780
10807.0,9408.56558222199,0.0,0,20,3780
10808.0,9408.56558222199,0.0,0,20,3780
10809.0,9408.56558222199,0.0,0,20,3780
10810.0,9408.56558222199,0.0,0,20,3780
10811.0,9408.56558222199,0.0,0,20,3780
10812.0,9408.56558222199,0.0,0,20,3780
10813.0,9408.56558222199,0.0,0,20,3780
10814.0,9408.56558222199,0.0,0,20,3780
10815.0,9408.56558222199,0.0,0,20,3780
10816.0,9408.56558222199,0.0,0,20,3780
10817.0,9408.56558222199,0.0,0,20,3780
10818.0,9408.56558222199,0.0,0,20,3780
10819.0,9408.56558222199,0.0,0,20,3780
10820.0,9408.56558222199,0.0,0,20,3780
10821.0,9408.56558222199,0.0,0,20,3780
10822.0,9408.56558222199,0.0,0,20,3780
10823.0,9408.56558222199,0.0,0,20,3780
10824.0,9408.56558222199,0.0,0,20,3780
10825.0,9408.56558222199,0.0,0,20,3780
10826.0,9408.56558222199,0.0,0,20,3780
10827.0,9408.56558222199,0.0,0,20,3780
10828.0,9408.56558222199,0.0,0,20,3780
10829.0,9408.56558222199,0.0,0,20,3780
10830.0,9408.56558222199,0.0,0,20,3780
10831.0,9408.56558222199,0.0,0,20,3780
10832.0,9408.56558222199,0.0,0,20,3780
10833.0,9408.56558222199,0.0,0,20,3780
10834.0,9408.56558222199,0.0,0,20,3780
10835.0,9408.56558222199,0.0,0,20,3780
10836.0,9408.56558222199,0.0,0,20,3780
10837.0,9408.56558222199,0.0,0,20,3780
10838.0,9408.56558222199,0.0,0,20,3780
10839.0,9408.56558222199,0.0,0,20,3780
10840.0,9408.56558222199,0.0,0,20,3780
10841.0,9408.56558222199,0.0,0,20,3780
10842.0,9408.56558222199,0.0,0,20,3780
10843.0,9408.56558222199,0.0,0,20,3780
10844.0,9408.56558222199,0.0,0,20,3780
10845.0,9408.56558222199,0.0,0,20,3780
10846.0,9408.56558222199,0.0,0,20,3780
10847.0,9408.56558222199,0.0,0,20,3780
10848.0,9408.56558222199,0.0,0,20,3780
10849.0,9408.56558222199,0.0,0,20,3780
10850.0,9408.56558222199,0.0,0,20,3780
10851.0,9408.56558222199,0.0,0,20,3780
10852.0,9408.56558222199,0.0,0,20,3780
10853.0,9408.56558222199,0.0,0,20,3780
10854.0,9408.56558222199,0.0,0,20,3780
10855.0,9408.56558222199,0.0,0,20,3780
10856.0,9408.56558222199,0.0,0,20,3780
10857.0,9408.56558222199,0.0,0,20,3780
10858.0,9408.56558222199,0.0,0,20,3780
10859.0,9408.56558222199,0.0,0,20,3780
10860.0,9408.56558222199,0.0,0,20,3780
10861.0,9408.56558222199,0.0,0,20,3780
10862.0,9408.56558222199,0.0,0,20,3780
10863.0,9408.56558222199,0.0,0,20,3780
10864.0,9408.56558222199,0.0,0,20,3780
10865.0,9408.56558222199,0.0,0,20,3780
10866.0,9408.56558222199,0.0,0,20,3780
10867.0,9408.56558222199,0.0,0,20,3780
10868.0,9408.56558222199,0.0,0,20,3780
10869.0,9408.56558222199,0.0,0,20,3780
10870.0,9408.56558222199,0.0,0,20,3780
10871.0,9408.56558222199,0.0,0,20,3780
10872.0,9408.56558222199,0.0,0,20,3780
10873.0,9408.56558222199,0.0,0,20,3780
10874.0,9408.56558222199,0.0,0,20,3780
10875.0,9408.56558222199,0.0,0,20,3780
10876.0,9408.56558222199,0.0,0,20,3780
10877.0,9408.56558222199,0.0,0,20,3780
10878.0,9408.56558222199,0.0,0,20,3780
10879.0,9408.56558222199,0.0,0,20,3780
10880.0,9408.56558222199,0.0,0,20,3780
10881.0,9408.56558222199,0.0,0,20,3780
10882.0,9408.56558222199,0.0,0,20,3780
10883.0,9408.56558222199,0.0,0,20,3780
10884.0,9408.56558222199,0.0,0,20,3780
10885.0,9408.56558222199,0.0,0,20,3780
10886.0,9408.56558222199,0.0,0,20,3780
10887.0,9408.56558222199,0.0,0,20,3780
10888.0,9408.56558222199,0.0,0,20,3780
10889.0,9408.56558222199,0.0,0,20,3780
10890.0,9408.56558222199,0.0,0,20,3780
10891.0,9408.56558222199,0.0,0,20,3780
10892.0,9408.56558222199,0.0,0,20,3780
10893.0,9408.56558222199,0.0,0,20,3780
10894.0,9408.56558222199,0.0,0,20,3780
10895.0,9408.56558222199,0.0,0,20,3780
10896.0,9408.56558222199,0.0,0,20,3780
10897.0,9408.56558222199,0.0,0,20,3780
10898.0,9408.56558222199,0.0,0,20,3780
10899.0,9408.56558222199,0.0,0,20,3780
10900.0,9408.56558222199,0.0,0,20,3780
10901.0,9408.56558222199,0.0,0,20,3780
10902.0,9408.56558222199,0.0,0,20,3780
10903.0,9408.56558222199,0.0,0,20,3780
10904.0,9408.56558222199,0.0,0,20,3780
10905.0,9408.56558222199,0.0,0,20,3780
10906.0,9408.56558222199,0.0,0,20,3780
10907.0,9408.56558222199,0.0,0,20,3780
10908.0,9408.56558222199,0.0,0,20,3780
10909.0,9408.56558222199,0.0,0,20,3780
10910.0,9408.56558222199,0.0,0,20,3780
10911.0,9408.56558222199,0.0,0,20,3780
10912.0,9408.56558222199,0.0,0,20,3780
10913.0,9408.56558222199,0.0,0,20,3780
10914.0,9408.56558222199,0.0,0,20,3780
10915.0,9408.56558222199,0.0,0,20,3780
10916.0,9408.56558222199,0.0,0,20,3780
10917.0,9408.56558222199,0.0,0,20,3780
10918.0,9408.56558222199,0.0,0,20,3780
10919.0,9408.56558222199,0.0,0,20,3780
10920.0,9408.56558222199,0.0,0,20,3780
10921.0,9408.56558222199,0.0,0,20,3780
10922.0,9408.56558222199,0.0,0,20,3780
10923.0,9408.56558222199,0.0,0,20,3780
10924.0,9408.56558222199,0.0,0,20,3780
10925.0,9408.56558222199,0.0,0,20,3780
10926.0,9408.56558222199,0.0,0,20,3780
10927.0,9408.56558222199,0.0,0,20,3780
10928.0,9408.56558222199,0.0,0,20,3780
10929.0,9408.56558222199,0.0,0,20,3780
10930.0,9408.56558222199,0.0,0,20,3780
10931.0,9408.56558222199,0.0,0,20,3780
10932.0,9408.56558222199,0.0,0,20,3780
10933.0,9408.56558222199,0.0,0,20,3780
10934.0,9408.56558222199,0.0,0,20,3780
10935.0,9408.56558222199,0.0,0,20,3780
10936.0,9408.56558222199,0.0,0,20,3780
10937.0,9408.56558222199,0.0,0,20,3780
10938.0,9408.56558222199,0.0,0,20,3780
10939.0,9408.56558222199,0.0,0,20,3780
10940.0,9408.56558222199,0.0,0,20,3780
10941.0,9408.56558222199,0.0,0,20,3780
10942.0,9408.56558222199,0.0,0,20,3780
10943.0,9408.56558222199,0.0,0,20,3780
10944.0,9408.56558222199,0.0,0,20,3780
10945.0,9408.56558222199,0.0,0,20,3780
10946.0,9408.56558222199,0.0,0,20,3780
10947.0,9408.56558222199,0.0,0,20,3780
10948.0,9408.56558222199,0.0,0,20,3780
10949.0,9408.56558222199,0.0,0,20,3780
10950.0,9408.56558222199,0.0,0,20,3780
10951.0,9408.56558222199,0.0,0,20,3780
10952.0,9408.56558222199,0.0,0,20,3780
10953.0,9408.56558222199,0.0,0,20,3780
10954.0,9408.56558222199,0.0,0,20,3780
10955.0,9408.56558222199,0.0,0,20,3780
10956.0,9408.56558222199,0.0,0,20,3780
10957.0,9408.56558222199,0.0,0,20,3780
10958.0,9408.56558222199,0.0,0,20,3780
10959.0,9408.56558222199,0.0,0,20,3780
10960.0,9408.56558222199,0.0,0,20,3780
10961.0,9408.56558222199,0.0,0,20,3780
10962.0,9408.56558222199,0.0,0,20,3780
10963.0,9408.56558222199,0.0,0,20,3780
10964.0,9408.56558222199,0.0,0,20,3780
10965.0,9408.56558222199,0.0,0,20,3780
10966.0,9408.56558222199,0.0,0,20,3780
10967.0,9408.56558222199,0.0,0,20,3780
10968.0,9408.56558222199,0.0,0,20,3780
10969.0,9408.56558222199,0.0,0,20,3780
10970.0,9408.56558222199,0.0,0,20,3780
10971.0,9408.56558222199,0.0,0,20,3780
10972.0,9408.56558222199,0.0,0,20,3780
10973.0,9408.56558222199,0.0,0,20,3780
10974.0,9408.56558222199,0.0,0,20,3780
10975.0,9408.56558222199,0.0,0,20,3780
10976.0,9408.56558222199,0.0,0,20,3780
10977.0,9408.56558222199,0.0,0,20,3780
10978.0,9408.56558222199,0.0,0,20,3780
10979.0,9408.56558222199,0.0,0,20,3780
10980.0,9408.56558222199,0.0,0,20,3780
10981.0,9408.56558222199,0.0,0,20,3780
10982.0,9408.56558222199,0.0,0,20,3780
10983.0,9408.56558222199,0.0,0,20,3780
10984.0,9408.56558222199,0.0,0,20,3780
10985.0,9408.56558222199,0.0,0,20,3780
10986.0,9408.56558222199,0.0,0,20,3780
10987.0,9408.56558222199,0.0,0,20,3780
10988.0,9408.56558222199,0.0,0,20,3780
10989.0,9408.56558222199,0.0,0,20,3780
10990.0,9408.56558222199,0.0,0,20,3780
10991.0,9408.56558222199,0.0,0,20,3780
10992.0,9408.56558222199,0.0,0,20,3780
10993.0,9408.56558222199,0.0,0,20,3780
10994.0,9408.56558222199,0.0,0,20,3780
10995.0,9408.56558222199,0.0,0,20,3780
10996.0,9408.56558222199,0.0,0,20,3780
10997.0,9408.56558222199,0.0,0,20,3780
10998.0,9408.56558222199,0.0,0,20,3780
10999.0,9408.56558222199,0.0,0,20,3780
11000.0,9408.56558222199,0.0,0,20,3780
11001.0,9408.56558222199,0.0,0,20,3780
11002.0,9408.56558222199,0.0,0,20,3780
11003.0,9408.56558222199,0.0,0,20,3780
11004.0,9408.56558222199,0.0,0,20,3780
11005.0,9408.56558222199,0.0,0,20,3780
11006.0,9408.56558222199,0.0,0,20,3780
11007.0,9408.56558222199,0.0,0,20,3780
11008.0,9408.56558222199,0.0,0,20,3780
11009.0,9408.56558222199,0.0,0,20,3780
11010.0,9408.56558222199,0.0,0,20,3780
11011.0,9408.56558222199,0.0,0,20,3780
11012.0,9408.56558222199,0.0,0,20,3780
11013.0,9408.56558222199,0.0,0,20,3780
11014.0,9408.56558222199,0.0,0,20,3780
11015.0,9408.56558222199,0.0,0,20,3780
11016.0,9408.56558222199,0.0,0,20,3780
11017.0,9408.56558222199,0.0,0,20,3780
11018.0,9408.56558222199,0.0,0,20,3780
11019.0,9408.56558222199,0.0,0,20,3780
11020.0,9408.56558222199,0.0,0,20,3780
11021.0,9408.56558222199,0.0,0,20,3780
11022.0,9408.56558222199,0.0,0,20,3780
11023.0,9408.56558222199,0.0,0,20,3780
11024.0,9408.56558222199,0.0,0,20,3780
11025.0,9408.56558222199,0.0,0,20,3780
11026.0,9408.56558222199,0.0,0,20,3780
11027.0,9408.56558222199,0.0,0,20,3780
11028.0,9408.56558222199,0.0,0,20,3780
11029.0,9408.56558222199,0.0,0,20,3780
11030.0,9408.56558222199,0.0,0,20,3780
11031.0,9408.56558222199,0.0,0,20,3780
11032.0,9408.56558222199,0.0,0,20,3780
11033.0,9408.56558222199,0.0,0,20,3780
11034.0,9408.56558222199,0.0,0,20,3780
11035.0,9408.56558222199,0.0,0,20,3780
11036.0,9408.56558222199,0.0,0,20,3780
11037.0,9408.56558222199,0.0,0,20,3780
11038.0,9408.56558222199,0.0,0,20,3780
11039.0,9408.56558222199,0.0,0,20,3780
11040.0,9408.56558222199,0.0,0,20,3780
11041.0,9408.56558222199,0.0,0,20,3780
11042.0,9408.56558222199,0.0,0,20,3780
11043.0,9408.56558222199,0.0,0,20,3780
11044.0,9408.56558222199,0.0,0,20,3780
11045.0,9408.56558222199,0.0,0,20,3780
11046.0,9408.56558222199,0.0,0,20,3780
11047.0,9408.56558222199,0.0,0,20,3780
11048.0,9408.56558222199,0.0,0,20,3780
11049.0,9408.56558222199,0.0,0,20,3780
11050.0,9408.56558222199,0.0,0,20,3780
11051.0,9408.56558222199,0.0,0,20,3780
11052.0,9408.56558222199,0.0,0,20,3780
11053.0,9408.56558222199,0.0,0,20,3780
11054.0,9408.56558222199,0.0,0,20,3780
11055.0,9408.56558222199,0.0,0,20,3780
11056.0,9408.56558222199,0.0,0,20,3780
11057.0,9408.56558222199,0.0,0,20,3780
11058.0,9408.56558222199,0.0,0,20,3780
11059.0,9408.56558222199,0.0,0,20,3780
11060.0,9408.56558222199,0.0,0,20,3780
11061.0,9408.56558222199,0.0,0,20,3780
11062.0,9408.56558222199,0.0,0,20,3780
11063.0,9408.56558222199,0.0,0,20,3780
11064.0,9408.56558222199,0.0,0,20,3780
11065.0,9408.56558222199,0.0,0,20,3780
11066.0,9408.56558222199,0.0,0,20,3780
11067.0,9408.56558222199,0.0,0,20,3780
11068.0,9408.56558222199,0.0,0,20,3780
11069.0,9408.56558222199,0.0,0,20,3780
11070.0,9408.56558222199,0.0,0,20,3780
11071.0,9408.56558222199,0.0,0,20,3780
11072.0,9408.56558222199,0.0,0,20,3780
11073.0,9408.56558222199,0.0,0,20,3780
11074.0,9408.56558222199,0.0,0,20,3780
11075.0,9408.56558222199,0.0,0,20,3780
11076.0,9408.56558222199,0.0,0,20,3780
11077.0,9408.56558222199,0.0,0,20,3780
11078.0,9408.56558222199,0.0,0,20,3780
11079.0,9408.56558222199,0.0,0,20,3780
11080.0,9408.56558222199,0.0,0,20,3780
11081.0,9408.56558222199,0.0,0,20,3780
11082.0,9408.56558222199,0.0,0,20,3780
11083.0,9408.56558222199,0.0,0,20,3780
11084.0,9408.56558222199,0.0,0,20,3780
11085.0,9408.56558222199,0.0,0,20,3780
11086.0,9408.56558222199,0.0,0,20,3780
11087.0,9408.56558222199,0.0,0,20,3780
11088.0,9408.56558222199,0.0,0,20,3780
11089.0,9408.56558222199,0.0,0,20,3780
11090.0,9408.56558222199,0.0,0,20,3780
11091.0,9408.56558222199,0.0,0,20,3780
11092.0,9408.56558222199,0.0,0,20,3780
11093.0,9408.56558222199,0.0,0,20,3780
11094.0,9408.56558222199,0.0,0,20,3780
11095.0,9408.56558222199,0.0,0,20,3780
11096.0,9408.56558222199,0.0,0,20,3780
11097.0,9408.56558222199,0.0,0,20,3780
11098.0,9408.56558222199,0.0,0,20,3780
11099.0,9408.56558222199,0.0,0,20,3780
11100.0,9408.56558222199,0.0,0,20,3780
11101.0,9408.56558222199,0.0,0,20,3780
11102.0,9408.56558222199,0.0,0,20,3780
11103.0,9408.56558222199,0.0,0,20,3780
11104.0,9408.56558222199,0.0,0,20,3780
11105.0,9408.56558222199,0.0,0,20,3780
11106.0,9408.56558222199,0.0,0,20,3780
11107.0,9408.56558222199,0.0,0,20,3780
11108.0,9408.56558222199,0.0,0,20,3780
11109.0,9408.56558222199,0.0,0,20,3780
11110.0,9408.56558222199,0.0,0,20,3780
11111.0,9408.56558222199,0.0,0,20,3780
11112.0,9408.56558222199,0.0,0,20,3780
11113.0,9408.56558222199,0.0,0,20,3780
11114.0,9408.56558222199,0.0,0,20,3780
11115.0,9408.56558222199,0.0,0,20,3780
11116.0,9408.56558222199,0.0,0,20,3780
11117.0,9408.56558222199,0.0,0,20,3780
11118.0,9408.56558222199,0.0,0,20,3780
11119.0,9408.56558222199,0.0,0,20,3780
11120.0,9408.56558222199,0.0,0,20,3780
11121.0,9408.56558222199,0.0,0,20,3780
11122.0,9408.56558222199,0.0,0,20,3780
11123.0,9408.56558222199,0.0,0,20,3780
11124.0,9408.56558222199,0.0,0,20,3780
11125.0,9408.56558222199,0.0,0,20,3780
11126.0,9408.56558222199,0.0,0,20,3780
11127.0,9408.56558222199,0.0,0,20,3780
11128.0,9408.56558222199,0.0,0,20,3780
11129.0,9408.56558222199,0.0,0,20,3780
11130.0,9408.56558222199,0.0,0,20,3780
11131.0,9408.56558222199,0.0,0,20,3780
11132.0,9408.56558222199,0.0,0,20,3780
11133.0,9408.56558222199,0.0,0,20,3780
11134.0,9408.56558222199,0.0,0,20,3780
11135.0,9408.56558222199,0.0,0,20,3780
11136.0,9408.56558222199,0.0,0,20,3780
11137.0,9408.56558222199,0.0,0,20,3780
11138.0,9408.56558222199,0.0,0,20,3780
11139.0,9408.56558222199,0.0,0,20,3780
11140.0,9408.56558222199,0.0,0,20,3780
11141.0,9408.56558222199,0.0,0,20,3780
11142.0,9408.56558222199,0.0,0,20,3780
11143.0,9408.56558222199,0.0,0,20,3780
11144.0,9408.56558222199,0.0,0,20,3780
11145.0,9408.56558222199,0.0,0,20,3780
11146.0,9408.56558222199,0.0,0,20,3780
11147.0,9408.56558222199,0.0,0,20,3780
11148.0,9408.56558222199,0.0,0,20,3780
11149.0,9408.56558222199,0.0,0,20,3780
11150.0,9408.56558222199,0.0,0,20,3780
11151.0,9408.56558222199,0.0,0,20,3780
11152.0,9408.56558222199,0.0,0,20,3780
11153.0,9408.56558222199,0.0,0,20,3780
11154.0,9408.56558222199,0.0,0,20,3780
11155.0,9408.56558222199,0.0,0,20,3780
11156.0,9408.56558222199,0.0,0,20,3780
11157.0,9408.56558222199,0.0,0,20,3780
11158.0,9408.56558222199,0.0,0,20,3780
11159.0,9408.56558222199,0.0,0,20,3780
11160.0,9408.56558222199,0.0,0,20,3780
11161.0,9408.56558222199,0.0,0,20,3780
11162.0,9408.56558222199,0.0,0,20,3780
11163.0,9408.56558222199,0.0,0,20,3780
11164.0,9408.56558222199,0.0,0,20,3780
11165.0,9408.56558222199,0.0,0,20,3780
11166.0,9408.56558222199,0.0,0,20,3780
11167.0,9408.56558222199,0.0,0,20,3780
11168.0,9408.56558222199,0.0,0,20,3780
11169.0,9408.56558222199,0.0,0,20,3780
11170.0,9408.56558222199,0.0,0,20,3780
11171.0,9408.56558222199,0.0,0,20,3780
11172.0,9408.56558222199,0.0,0,20,3780
11173.0,9408.56558222199,0.0,0,20,3780
11174.0,9408.56558222199,0.0,0,20,3780
11175.0,9408.56558222199,0.0,0,20,3780
11176.0,9408.56558222199,0.0,0,20,3780
11177.0,9408.56558222199,0.0,0,20,3780
11178.0,9408.56558222199,0.0,0,20,3780
11179.0,9408.56558222199,0.0,0,20,3780
11180.0,9408.56558222199,0.0,0,20,3780
11181.0,9408.56558222199,0.0,0,20,3780
11182.0,9408.56558222199,0.0,0,20,3780
11183.0,9408.56558222199,0.0,0,20,3780
11184.0,9408.56558222199,0.0,0,20,3780
11185.0,9408.56558222199,0.0,0,20,3780
11186.0,9408.56558222199,0.0,0,20,3780
11187.0,9408.56558222199,0.0,0,20,3780
11188.0,9408.56558222199,0.0,0,20,3780
11189.0,9408.56558222199,0.0,0,20,3780
11190.0,9408.56558222199,0.0,0,20,3780
11191.0,9408.56558222199,0.0,0,20,3780
11192.0,9408.56558222199,0.0,0,20,3780
11193.0,9408.56558222199,0.0,0,20,3780
11194.0,9408.56558222199,0.0,0,20,3780
11195.0,9408.56558222199,0.0,0,20,3780
11196.0,9408.56558222199,0.0,0,20,3780
11197.0,9408.56558222199,0.0,0,20,3780
11198.0,9408.56558222199,0.0,0,20,3780
11199.0,9408.56558222199,0.0,0,20,3780
11200.0,9408.56558222199,0.0,0,20,3780
11201.0,9408.56558222199,0.0,0,20,3780
11202.0,9408.56558222199,0.0,0,20,3780
11203.0,9408.56558222199,0.0,0,20,3780
11204.0,9408.56558222199,0.0,0,20,3780
11205.0,9408.56558222199,0.0,0,20,3780
11206.0,9408.56558222199,0.0,0,20,3780
11207.0,9408.56558222199,0.0,0,20,3780
11208.0,9408.56558222199,0.0,0,20,3780
11209.0,9408.56558222199,0.0,0,20,3780
11210.0,9408.56558222199,0.0,0,20,3780
11211.0,9408.56558222199,0.0,0,20,3780
11212.0,9408.56558222199,0.0,0,20,3780
11213.0,9408.56558222199,0.0,0,20,3780
11214.0,9408.56558222199,0.0,0,20,3780
11215.0,9408.56558222199,0.0,0,20,3780
11216.0,9408.56558222199,0.0,0,20,3780
11217.0,9408.56558222199,0.0,0,20,3780
11218.0,9408.56558222199,0.0,0,20,3780
11219.0,9408.56558222199,0.0,0,20,3780
11220.0,9408.56558222199,0.0,0,20,3780
11221.0,9408.56558222199,0.0,0,20,3780
11222.0,9408.56558222199,0.0,0,20,3780
11223.0,9408.56558222199,0.0,0,20,3780
11224.0,9408.56558222199,0.0,0,20,3780
11225.0,9408.56558222199,0.0,0,20,3780
11226.0,9408.56558222199,0.0,0,20,3780
11227.0,9408.56558222199,0.0,0,20,3780
11228.0,9408.56558222199,0.0,0,20,3780
11229.0,9408.56558222199,0.0,0,20,3780
11230.0,9408.56558222199,0.0,0,20,3780
11231.0,9408.56558222199,0.0,0,20,3780
11232.0,9408.56558222199,0.0,0,20,3780
11233.0,9408.56558222199,0.0,0,20,3780
11234.0,9408.56558222199,0.0,0,20,3780
11235.0,9408.56558222199,0.0,0,20,3780
11236.0,9408.56558222199,0.0,0,20,3780
11237.0,9408.56558222199,0.0,0,20,3780
11238.0,9408.56558222199,0.0,0,20,3780
11239.0,9408.56558222199,0.0,0,20,3780
11240.0,9408.56558222199,0.0,0,20,3780
11241.0,9408.56558222199,0.0,0,20,3780
11242.0,9408.56558222199,0.0,0,20,3780
11243.0,9408.56558222199,0.0,0,20,3780
11244.0,9408.56558222199,0.0,0,20,3780
11245.0,9408.56558222199,0.0,0,20,3780
11246.0,9408.56558222199,0.0,0,20,3780
11247.0,9408.56558222199,0.0,0,20,3780
11248.0,9408.56558222199,0.0,0,20,3780
11249.0,9408.56558222199,0.0,0,20,3780
11250.0,9408.56558222199,0.0,0,20,3780
11251.0,9408.56558222199,0.0,0,20,3780
11252.0,9408.56558222199,0.0,0,20,3780
11253.0,9408.56558222199,0.0,0,20,3780
11254.0,9408.56558222199,0.0,0,20,3780
11255.0,9408.56558222199,0.0,0,20,3780
11256.0,9408.56558222199,0.0,0,20,3780
11257.0,9408.56558222199,0.0,0,20,3780
11258.0,9408.56558222199,0.0,0,20,3780
11259.0,9408.56558222199,0.0,0,20,3780
11260.0,9408.56558222199,0.0,0,20,3780
11261.0,9408.56558222199,0.0,0,20,3780
11262.0,9408.56558222199,0.0,0,20,3780
11263.0,9408.56558222199,0.0,0,20,3780
11264.0,9408.56558222199,0.0,0,20,3780
11265.0,9408.56558222199,0.0,0,20,3780
11266.0,9408.56558222199,0.0,0,20,3780
11267.0,9408.56558222199,0.0,0,20,3780
11268.0,9408.56558222199,0.0,0,20,3780
11269.0,9408.56558222199,0.0,0,20,3780
11270.0,9408.56558222199,0.0,0,20,3780
11271.0,9408.56558222199,0.0,0,20,3780
11272.0,9408.56558222199,0.0,0,20,3780
11273.0,9408.56558222199,0.0,0,20,3780
11274.0,9408.56558222199,0.0,0,20,3780
11275.0,9408.56558222199,0.0,0,20,3780
11276.0,9408.56558222199,0.0,0,20,3780
11277.0,9408.56558222199,0.0,0,20,3780
11278.0,9408.56558222199,0.0,0,20,3780
11279.0,9408.56558222199,0.0,0,20,3780
11280.0,9408.56558222199,0.0,0,20,3780
11281.0,9408.56558222199,0.0,0,20,3780
11282.0,9408.56558222199,0.0,0,20,3780
11283.0,9408.56558222199,0.0,0,20,3780
11284.0,9408.56558222199,0.0,0,20,3780
11285.0,9408.56558222199,0.0,0,20,3780
11286.0,9408.56558222199,0.0,0,20,3780
11287.0,9408.56558222199,0.0,0,20,3780
11288.0,9408.56558222199,0.0,0,20,3780
11289.0,9408.56558222199,0.0,0,20,3780
11290.0,9408.56558222199,0.0,0,20,3780
11291.0,9408.56558222199,0.0,0,20,3780
11292.0,9408.56558222199,0.0,0,20,3780
11293.0,9408.56558222199,0.0,0,20,3780
11294.0,9408.56558222199,0.0,0,20,3780
11295.0,9408.56558222199,0.0,0,20,3780
11296.0,9408.56558222199,0.0,0,20,3780
11297.0,9408.56558222199,0.0,0,20,3780
11298.0,9408.56558222199,0.0,0,20,3780
11299.0,9408.56558222199,0.0,0,20,3780
11300.0,9408.56558222199,0.0,0,20,3780
11301.0,9408.56558222199,0.0,0,20,3780
11302.0,9408.56558222199,0.0,0,20,3780
11303.0,9408.56558222199,0.0,0,20,3780
11304.0,9408.56558222199,0.0,0,20,3780
11305.0,9408.56558222199,0.0,0,20,3780
11306.0,9408.56558222199,0.0,0,20,3780
11307.0,9408.56558222199,0.0,0,20,3780
11308.0,9408.56558222199,0.0,0,20,3780
11309.0,9408.56558222199,0.0,0,20,3780
11310.0,9408.56558222199,0.0,0,20,3780
11311.0,9408.56558222199,0.0,0,20,3780
11312.0,9408.56558222199,0.0,0,20,3780
11313.0,9408.56558222199,0.0,0,20,3780
11314.0,9408.56558222199,0.0,0,20,3780
11315.0,9408.56558222199,0.0,0,20,3780
11316.0,9408.56558222199,0.0,0,20,3780
11317.0,9408.56558222199,0.0,0,20,3780
11318.0,9408.56558222199,0.0,0,20,3780
11319.0,9408.56558222199,0.0,0,20,3780
11320.0,9408.56558222199,0.0,0,20,3780
11321.0,9408.56558222199,0.0,0,20,3780
11322.0,9408.56558222199,0.0,0,20,3780
11323.0,9408.56558222199,0.0,0,20,3780
11324.0,9408.56558222199,0.0,0,20,3780
11325.0,9408.56558222199,0.0,0,20,3780
11326.0,9408.56558222199,0.0,0,20,3780
11327.0,9408.56558222199,0.0,0,20,3780
11328.0,9408.56558222199,0.0,0,20,3780
11329.0,9408.56558222199,0.0,0,20,3780
11330.0,9408.56558222199,0.0,0,20,3780
11331.0,9408.56558222199,0.0,0,20,3780
11332.0,9408.56558222199,0.0,0,20,3780
11333.0,9408.56558222199,0.0,0,20,3780
11334.0,9408.56558222199,0.0,0,20,3780
11335.0,9408.56558222199,0.0,0,20,3780
11336.0,9408.56558222199,0.0,0,20,3780
11337.0,9408.56558222199,0.0,0,20,3780
11338.0,9408.56558222199,0.0,0,20,3780
11339.0,9408.56558222199,0.0,0,20,3780
11340.0,9408.56558222199,0.0,0,20,3780
11341.0,9408.56558222199,0.0,0,20,3780
11342.0,9408.56558222199,0.0,0,20,3780
11343.0,9408.56558222199,0.0,0,20,3780
11344.0,9408.56558222199,0.0,0,20,3780
11345.0,9408.56558222199,0.0,0,20,3780
11346.0,9408.56558222199,0.0,0,20,3780
11347.0,9408.56558222199,0.0,0,20,3780
11348.0,9408.56558222199,0.0,0,20,3780
11349.0,9408.56558222199,0.0,0,20,3780
11350.0,9408.56558222199,0.0,0,20,3780
11351.0,9408.56558222199,0.0,0,20,3780
11352.0,9408.56558222199,0.0,0,20,3780
11353.0,9408.56558222199,0.0,0,20,3780
11354.0,9408.56558222199,0.0,0,20,3780
11355.0,9408.56558222199,0.0,0,20,3780
11356.0,9408.56558222199,0.0,0,20,3780
11357.0,9408.56558222199,0.0,0,20,3780
11358.0,9408.56558222199,0.0,0,20,3780
11359.0,9408.56558222199,0.0,0,20,3780
11360.0,9408.56558222199,0.0,0,20,3780
11361.0,9408.56558222199,0.0,0,20,3780
11362.0,9408.56558222199,0.0,0,20,3780
11363.0,9408.56558222199,0.0,0,20,3780
11364.0,9408.56558222199,0.0,0,20,3780
11365.0,9408.56558222199,0.0,0,20,3780
11366.0,9408.56558222199,0.0,0,20,3780
11367.0,9408.56558222199,0.0,0,20,3780
11368.0,9408.56558222199,0.0,0,20,3780
11369.0,9408.56558222199,0.0,0,20,3780
11370.0,9408.56558222199,0.0,0,20,3780
11371.0,9408.56558222199,0.0,0,20,3780
11372.0,9408.56558222199,0.0,0,20,3780
11373.0,9408.56558222199,0.0,0,20,3780
11374.0,9408.56558222199,0.0,0,20,3780
11375.0,9408.56558222199,0.0,0,20,3780
11376.0,9408.56558222199,0.0,0,20,3780
11377.0,9408.56558222199,0.0,0,20,3780
11378.0,9408.56558222199,0.0,0,20,3780
11379.0,9408.56558222199,0.0,0,20,3780
11380.0,9408.56558222199,0.0,0,20,3780
11381.0,9408.56558222199,0.0,0,20,3780
11382.0,9408.56558222199,0.0,0,20,3780
11383.0,9408.56558222199,0.0,0,20,3780
11384.0,9408.56558222199,0.0,0,20,3780
11385.0,9408.56558222199,0.0,0,20,3780
11386.0,9408.56558222199,0.0,0,20,3780
11387.0,9408.56558222199,0.0,0,20,3780
11388.0,9408.56558222199,0.0,0,20,3780
11389.0,9408.56558222199,0.0,0,20,3780
11390.0,9408.56558222199,0.0,0,20,3780
11391.0,9408.56558222199,0.0,0,20,3780
11392.0,9408.56558222199,0.0,0,20,3780
11393.0,9408.56558222199,0.0,0,20,3780
11394.0,9408.56558222199,0.0,0,20,3780
11395.0,9408.56558222199,0.0,0,20,3780
11396.0,9408.56558222199,0.0,0,20,3780
11397.0,9408.56558222199,0.0,0,20,3780
11398.0,9408.56558222199,0.0,0,20,3780
11399.0,9408.56558222199,0.0,0,20,3780
11400.0,9408.56558222199,0.0,0,20,3780
11401.0,9408.56558222199,0.0,0,20,3780
11402.0,9408.56558222199,0.0,0,20,3780
11403.0,9408.56558222199,0.0,0,20,3780
11404.0,9408.56558222199,0.0,0,20,3780
11405.0,9408.56558222199,0.0,0,20,3780
11406.0,9408.56558222199,0.0,0,20,3780
11407.0,9408.56558222199,0.0,0,20,3780
11408.0,9408.56558222199,0.0,0,20,3780
11409.0,9408.56558222199,0.0,0,20,3780
11410.0,9408.56558222199,0.0,0,20,3780
11411.0,9408.56558222199,0.0,0,20,3780
11412.0,9408.56558222199,0.0,0,20,3780
11413.0,9408.56558222199,0.0,0,20,3780
11414.0,9408.56558222199,0.0,0,20,3780
11415.0,9408.56558222199,0.0,0,20,3780
11416.0,9408.56558222199,0.0,0,20,3780
11417.0,9408.56558222199,0.0,0,20,3780
11418.0,9408.56558222199,0.0,0,20,3780
11419.0,9408.56558222199,0.0,0,20,3780
11420.0,9408.56558222199,0.0,0,20,3780
11421.0,9408.56558222199,0.0,0,20,3780
11422.0,9408.56558222199,0.0,0,20,3780
11423.0,9408.56558222199,0.0,0,20,3780
11424.0,9408.56558222199,0.0,0,20,3780
11425.0,9408.56558222199,0.0,0,20,3780
11426.0,9408.56558222199,0.0,0,20,3780
11427.0,9408.56558222199,0.0,0,20,3780
11428.0,9408.56558222199,0.0,0,20,3780
11429.0,9408.56558222199,0.0,0,20,3780
11430.0,9408.56558222199,0.0,0,20,3780
11431.0,9408.56558222199,0.0,0,20,3780
11432.0,9408.56558222199,0.0,0,20,3780
11433.0,9408.56558222199,0.0,0,20,3780
11434.0,9408.56558222199,0.0,0,20,3780
11435.0,9408.56558222199,0.0,0,20,3780
11436.0,9408.56558222199,0.0,0,20,3780
11437.0,9408.56558222199,0.0,0,20,3780
11438.0,9408.56558222199,0.0,0,20,3780
11439.0,9408.56558222199,0.0,0,20,3780
11440.0,9408.56558222199,0.0,0,20,3780
11441.0,9408.56558222199,0.0,0,20,3780
11442.0,9408.56558222199,0.0,0,20,3780
11443.0,9408.56558222199,0.0,0,20,3780
11444.0,9408.56558222199,0.0,0,20,3780
11445.0,9408.56558222199,0.0,0,20,3780
11446.0,9408.56558222199,0.0,0,20,3780
11447.0,9408.56558222199,0.0,0,20,3780
11448.0,9408.56558222199,0.0,0,20,3780
11449.0,9408.56558222199,0.0,0,20,3780
11450.0,9408.56558222199,0.0,0,20,3780
11451.0,9408.56558222199,0.0,0,20,3780
11452.0,9408.56558222199,0.0,0,20,3780
11453.0,9408.56558222199,0.0,0,20,3780
11454.0,9408.56558222199,0.0,0,20,3780
11455.0,9408.56558222199,0.0,0,20,3780
11456.0,9408.56558222199,0.0,0,20,3780
11457.0,9408.56558222199,0.0,0,20,3780
11458.0,9408.56558222199,0.0,0,20,3780
11459.0,9408.56558222199,0.0,0,20,3780
11460.0,9408.56558222199,0.0,0,20,3780
11461.0,9408.56558222199,0.0,0,20,3780
11462.0,9408.56558222199,0.0,0,20,3780
11463.0,9408.56558222199,0.0,0,20,3780
11464.0,9408.56558222199,0.0,0,20,3780
11465.0,9408.56558222199,0.0,0,20,3780
11466.0,9408.56558222199,0.0,0,20,3780
11467.0,9408.56558222199,0.0,0,20,3780
11468.0,9408.56558222199,0.0,0,20,3780
11469.0,9408.56558222199,0.0,0,20,3780
11470.0,9408.56558222199,0.0,0,20,3780
11471.0,9408.56558222199,0.0,0,20,3780
11472.0,9408.56558222199,0.0,0,20,3780
11473.0,9408.56558222199,0.0,0,20,3780
11474.0,9408.56558222199,0.0,0,20,3780
11475.0,9408.56558222199,0.0,0,20,3780
11476.0,9408.56558222199,0.0,0,20,3780
11477.0,9408.56558222199,0.0,0,20,3780
11478.0,9408.56558222199,0.0,0,20,3780
11479.0,9408.56558222199,0.0,0,20,3780
11480.0,9408.56558222199,0.0,0,20,3780
11481.0,9408.56558222199,0.0,0,20,3780
11482.0,9408.56558222199,0.0,0,20,3780
11483.0,9408.56558222199,0.0,0,20,3780
11484.0,9408.56558222199,0.0,0,20,3780
11485.0,9408.56558222199,0.0,0,20,3780
11486.0,9408.56558222199,0.0,0,20,3780
11487.0,9408.56558222199,0.0,0,20,3780
11488.0,9408.56558222199,0.0,0,20,3780
11489.0,9408.56558222199,0.0,0,20,3780
11490.0,9408.56558222199,0.0,0,20,3780
11491.0,9408.56558222199,0.0,0,20,3780
11492.0,9408.56558222199,0.0,0,20,3780
11493.0,9408.56558222199,0.0,0,20,3780
11494.0,9408.56558222199,0.0,0,20,3780
11495.0,9408.56558222199,0.0,0,20,3780
11496.0,9408.56558222199,0.0,0,20,3780
11497.0,9408.56558222199,0.0,0,20,3780
11498.0,9408.56558222199,0.0,0,20,3780
11499.0,9408.56558222199,0.0,0,20,3780
11500.0,9408.56558222199,0.0,0,20,3780
11501.0,9408.56558222199,0.0,0,20,3780
11502.0,9408.56558222199,0.0,0,20,3780
11503.0,9408.56558222199,0.0,0,20,3780
11504.0,9408.56558222199,0.0,0,20,3780
11505.0,9408.56558222199,0.0,0,20,3780
11506.0,9408.56558222199,0.0,0,20,3780
11507.0,9408.56558222199,0.0,0,20,3780
11508.0,9408.56558222199,0.0,0,20,3780
11509.0,9408.56558222199,0.0,0,20,3780
11510.0,9408.56558222199,0.0,0,20,3780
11511.0,9408.56558222199,0.0,0,20,3780
11512.0,9408.56558222199,0.0,0,20,3780
11513.0,9408.56558222199,0.0,0,20,3780
11514.0,9408.56558222199,0.0,0,20,3780
11515.0,9408.56558222199,0.0,0,20,3780
11516.0,9408.56558222199,0.0,0,20,3780
11517.0,9408.56558222199,0.0,0,20,3780
11518.0,9408.56558222199,0.0,0,20,3780
11519.0,9408.56558222199,0.0,0,20,3780
11520.0,9408.56558222199,0.0,0,20,3780
11521.0,9408.56558222199,0.0,0,20,3780
11522.0,9408.56558222199,0.0,0,20,3780
11523.0,9408.56558222199,0.0,0,20,3780
11524.0,9408.56558222199,0.0,0,20,3780
11525.0,9408.56558222199,0.0,0,20,3780
11526.0,9408.56558222199,0.0,0,20,3780
11527.0,9408.56558222199,0.0,0,20,3780
11528.0,9408.56558222199,0.0,0,20,3780
11529.0,9408.56558222199,0.0,0,20,3780
11530.0,9408.56558222199,0.0,0,20,3780
11531.0,9408.56558222199,0.0,0,20,3780
11532.0,9408.56558222199,0.0,0,20,3780
11533.0,9408.56558222199,0.0,0,20,3780
11534.0,9408.56558222199,0.0,0,20,3780
11535.0,9408.56558222199,0.0,0,20,3780
11536.0,9408.56558222199,0.0,0,20,3780
11537.0,9408.56558222199,0.0,0,20,3780
11538.0,9408.56558222199,0.0,0,20,3780
11539.0,9408.56558222199,0.0,0,20,3780
11540.0,9408.56558222199,0.0,0,20,3780
11541.0,9408.56558222199,0.0,0,20,3780
11542.0,9408.56558222199,0.0,0,20,3780
11543.0,9408.56558222199,0.0,0,20,3780
11544.0,9408.56558222199,0.0,0,20,3780
11545.0,9408.56558222199,0.0,0,20,3780
11546.0,9408.56558222199,0.0,0,20,3780
11547.0,9408.56558222199,0.0,0,20,3780
11548.0,9408.56558222199,0.0,0,20,3780
11549.0,9408.56558222199,0.0,0,20,3780
11550.0,9408.56558222199,0.0,0,20,3780
11551.0,9408.56558222199,0.0,0,20,3780
11552.0,9408.56558222199,0.0,0,20,3780
11553.0,9408.56558222199,0.0,0,20,3780
11554.0,9408.56558222199,0.0,0,20,3780
11555.0,9408.56558222199,0.0,0,20,3780
11556.0,9408.56558222199,0.0,0,20,3780
11557.0,9408.56558222199,0.0,0,20,3780
11558.0,9408.56558222199,0.0,0,20,3780
11559.0,9408.56558222199,0.0,0,20,3780
11560.0,9408.56558222199,0.0,0,20,3780
11561.0,9408.56558222199,0.0,0,20,3780
11562.0,9408.56558222199,0.0,0,20,3780
11563.0,9408.56558222199,0.0,0,20,3780
11564.0,9408.56558222199,0.0,0,20,3780
11565.0,9408.56558222199,0.0,0,20,3780
11566.0,9408.56558222199,0.0,0,20,3780
11567.0,9408.56558222199,0.0,0,20,3780
11568.0,9408.56558222199,0.0,0,20,3780
11569.0,9408.56558222199,0.0,0,20,3780
11570.0,9408.56558222199,0.0,0,20,3780
11571.0,9408.56558222199,0.0,0,20,3780
11572.0,9408.56558222199,0.0,0,20,3780
11573.0,9408.56558222199,0.0,0,20,3780
11574.0,9408.56558222199,0.0,0,20,3780
11575.0,9408.56558222199,0.0,0,20,3780
11576.0,9408.56558222199,0.0,0,20,3780
11577.0,9408.56558222199,0.0,0,20,3780
11578.0,9408.56558222199,0.0,0,20,3780
11579.0,9408.56558222199,0.0,0,20,3780
11580.0,9408.56558222199,0.0,0,20,3780
11581.0,9408.56558222199,0.0,0,20,3780
11582.0,9408.56558222199,0.0,0,20,3780
11583.0,9408.56558222199,0.0,0,20,3780
11584.0,9408.56558222199,0.0,0,20,3780
11585.0,9408.56558222199,0.0,0,20,3780
11586.0,9408.56558222199,0.0,0,20,3780
11587.0,9408.56558222199,0.0,0,20,3780
11588.0,9408.56558222199,0.0,0,20,3780
11589.0,9408.56558222199,0.0,0,20,3780
11590.0,9408.56558222199,0.0,0,20,3780
11591.0,9408.56558222199,0.0,0,20,3780
11592.0,9408.56558222199,0.0,0,20,3780
11593.0,9408.56558222199,0.0,0,20,3780
11594.0,9408.56558222199,0.0,0,20,3780
11595.0,9408.56558222199,0.0,0,20,3780
11596.0,9408.56558222199,0.0,0,20,3780
11597.0,9408.56558222199,0.0,0,20,3780
11598.0,9408.56558222199,0.0,0,20,3780
11599.0,9408.56558222199,0.0,0,20,3780
11600.0,9408.56558222199,0.0,0,20,3780
11601.0,9408.56558222199,0.0,0,20,3780
11602.0,9408.56558222199,0.0,0,20,3780
11603.0,9408.56558222199,0.0,0,20,3780
11604.0,9408.56558222199,0.0,0,20,3780
11605.0,9408.56558222199,0.0,0,20,3780
11606.0,9408.56558222199,0.0,0,20,3780
11607.0,9408.56558222199,0.0,0,20,3780
11608.0,9408.56558222199,0.0,0,20,3780
11609.0,9408.56558222199,0.0,0,20,3780
11610.0,9408.56558222199,0.0,0,20,3780
11611.0,9408.56558222199,0.0,0,20,3780
11612.0,9408.56558222199,0.0,0,20,3780
11613.0,9408.56558222199,0.0,0,20,3780
11614.0,9408.56558222199,0.0,0,20,3780
11615.0,9408.56558222199,0.0,0,20,3780
11616.0,9408.56558222199,0.0,0,20,3780
11617.0,9408.56558222199,0.0,0,20,3780
11618.0,9408.56558222199,0.0,0,20,3780
11619.0,9408.56558222199,0.0,0,20,3780
11620.0,9408.56558222199,0.0,0,20,3780
11621.0,9408.56558222199,0.0,0,20,3780
11622.0,9408.56558222199,0.0,0,20,3780
11623.0,9408.56558222199,0.0,0,20,3780
11624.0,9408.56558222199,0.0,0,20,3780
11625.0,9408.56558222199,0.0,0,20,3780
11626.0,9408.56558222199,0.0,0,20,3780
11627.0,9408.56558222199,0.0,0,20,3780
11628.0,9408.56558222199,0.0,0,20,3780
11629.0,9408.56558222199,0.0,0,20,3780
11630.0,9408.56558222199,0.0,0,20,3780
11631.0,9408.56558222199,0.0,0,20,3780
11632.0,9408.56558222199,0.0,0,20,3780
11633.0,9408.56558222199,0.0,0,20,3780
11634.0,9408.56558222199,0.0,0,20,3780
11635.0,9408.56558222199,0.0,0,20,3780
11636.0,9408.56558222199,0.0,0,20,3780
11637.0,9408.56558222199,0.0,0,20,3780
11638.0,9408.56558222199,0.0,0,20,3780
11639.0,9408.56558222199,0.0,0,20,3780
11640.0,9408.56558222199,0.0,0,20,3780
11641.0,9408.56558222199,0.0,0,20,3780
11642.0,9408.56558222199,0.0,0,20,3780
11643.0,9408.56558222199,0.0,0,20,3780
11644.0,9408.56558222199,0.0,0,20,3780
11645.0,9408.56558222199,0.0,0,20,3780
11646.0,9408.56558222199,0.0,0,20,3780
11647.0,9408.56558222199,0.0,0,20,3780
11648.0,9408.56558222199,0.0,0,20,3780
11649.0,9408.56558222199,0.0,0,20,3780
11650.0,9408.56558222199,0.0,0,20,3780
11651.0,9408.56558222199,0.0,0,20,3780
11652.0,9408.56558222199,0.0,0,20,3780
11653.0,9408.56558222199,0.0,0,20,3780
11654.0,9408.56558222199,0.0,0,20,3780
11655.0,9408.56558222199,0.0,0,20,3780
11656.0,9408.56558222199,0.0,0,20,3780
11657.0,9408.56558222199,0.0,0,20,3780
11658.0,9408.56558222199,0.0,0,20,3780
11659.0,9408.56558222199,0.0,0,20,3780
11660.0,9408.56558222199,0.0,0,20,3780
11661.0,9408.56558222199,0.0,0,20,3780
11662.0,9408.56558222199,0.0,0,20,3780
11663.0,9408.56558222199,0.0,0,20,3780
11664.0,9408.56558222199,0.0,0,20,3780
11665.0,9408.56558222199,0.0,0,20,3780
11666.0,9408.56558222199,0.0,0,20,3780
11667.0,9408.56558222199,0.0,0,20,3780
11668.0,9408.56558222199,0.0,0,20,3780
11669.0,9408.56558222199,0.0,0,20,3780
11670.0,9408.56558222199,0.0,0,20,3780
11671.0,9408.56558222199,0.0,0,20,3780
11672.0,9408.56558222199,0.0,0,20,3780
11673.0,9408.56558222199,0.0,0,20,3780
11674.0,9408.56558222199,0.0,0,20,3780
11675.0,9408.56558222199,0.0,0,20,3780
11676.0,9408.56558222199,0.0,0,20,3780
11677.0,9408.56558222199,0.0,0,20,3780
11678.0,9408.56558222199,0.0,0,20,3780
11679.0,9408.56558222199,0.0,0,20,3780
11680.0,9408.56558222199,0.0,0,20,3780
11681.0,9408.56558222199,0.0,0,20,3780
11682.0,9408.56558222199,0.0,0,20,3780
11683.0,9408.56558222199,0.0,0,20,3780
11684.0,9408.56558222199,0.0,0,20,3780
11685.0,9408.56558222199,0.0,0,20,3780
11686.0,9408.56558222199,0.0,0,20,3780
11687.0,9408.56558222199,0.0,0,20,3780
11688.0,9408.56558222199,0.0,0,20,3780
11689.0,9408.56558222199,0.0,0,20,3780
11690.0,9408.56558222199,0.0,0,20,3780
11691.0,9408.56558222199,0.0,0,20,3780
11692.0,9408.56558222199,0.0,0,20,3780
11693.0,9408.56558222199,0.0,0,20,3780
11694.0,9408.56558222199,0.0,0,20,3780
11695.0,9408.56558222199,0.0,0,20,3780
11696.0,9408.56558222199,0.0,0,20,3780
11697.0,9408.56558222199,0.0,0,20,3780
11698.0,9408.56558222199,0.0,0,20,3780
11699.0,9408.56558222199,0.0,0,20,3780
11700.0,9408.56558222199,0.0,0,20,3780
11701.0,9408.56558222199,0.0,0,20,3780
11702.0,9408.56558222199,0.0,0,20,3780
11703.0,9408.56558222199,0.0,0,20,3780
11704.0,9408.56558222199,0.0,0,20,3780
11705.0,9408.56558222199,0.0,0,20,3780
11706.0,9408.56558222199,0.0,0,20,3780
11707.0,9408.56558222199,0.0,0,20,3780
11708.0,9408.56558222199,0.0,0,20,3780
11709.0,9408.56558222199,0.0,0,20,3780
11710.0,9408.56558222199,0.0,0,20,3780
11711.0,9408.56558222199,0.0,0,20,3780
11712.0,9408.56558222199,0.0,0,20,3780
11713.0,9408.56558222199,0.0,0,20,3780
11714.0,9408.56558222199,0.0,0,20,3780
11715.0,9408.56558222199,0.0,0,20,3780
11716.0,9408.56558222199,0.0,0,20,3780
11717.0,9408.56558222199,0.0,0,20,3780
11718.0,9408.56558222199,0.0,0,20,3780
11719.0,9408.56558222199,0.0,0,20,3780
11720.0,9408.56558222199,0.0,0,20,3780
11721.0,9408.56558222199,0.0,0,20,3780
11722.0,9408.56558222199,0.0,0,20,3780
11723.0,9408.56558222199,0.0,0,20,3780
11724.0,9408.56558222199,0.0,0,20,3780
11725.0,9408.56558222199,0.0,0,20,3780
11726.0,9408.56558222199,0.0,0,20,3780
11727.0,9408.56558222199,0.0,0,20,3780
11728.0,9408.56558222199,0.0,0,20,3780
11729.0,9408.56558222199,0.0,0,20,3780
11730.0,9408.56558222199,0.0,0,20,3780
11731.0,9408.56558222199,0.0,0,20,3780
11732.0,9408.56558222199,0.0,0,20,3780
11733.0,9408.56558222199,0.0,0,20,3780
11734.0,9408.56558222199,0.0,0,20,3780
11735.0,9408.56558222199,0.0,0,20,3780
11736.0,9408.56558222199,0.0,0,20,3780
11737.0,9408.56558222199,0.0,0,20,3780
11738.0,9408.56558222199,0.0,0,20,3780
11739.0,9408.56558222199,0.0,0,20,3780
11740.0,9408.56558222199,0.0,0,20,3780
11741.0,9408.56558222199,0.0,0,20,3780
11742.0,9408.56558222199,0.0,0,20,3780
11743.0,9408.56558222199,0.0,0,20,3780
11744.0,9408.56558222199,0.0,0,20,3780
11745.0,9408.56558222199,0.0,0,20,3780
11746.0,9408.56558222199,0.0,0,20,3780
11747.0,9408.56558222199,0.0,0,20,3780
11748.0,9408.56558222199,0.0,0,20,3780
11749.0,9408.56558222199,0.0,0,20,3780
11750.0,9408.56558222199,0.0,0,20,3780
11751.0,9408.56558222199,0.0,0,20,3780
11752.0,9408.56558222199,0.0,0,20,3780
11753.0,9408.56558222199,0.0,0,20,3780
11754.0,9408.56558222199,0.0,0,20,3780
11755.0,9408.56558222199,0.0,0,20,3780
11756.0,9408.56558222199,0.0,0,20,3780
11757.0,9408.56558222199,0.0,0,20,3780
11758.0,9408.56558222199,0.0,0,20,3780
11759.0,9408.56558222199,0.0,0,20,3780
11760.0,9408.56558222199,0.0,0,20,3780
11761.0,9408.56558222199,0.0,0,20,3780
11762.0,9408.56558222199,0.0,0,20,3780
11763.0,9408.56558222199,0.0,0,20,3780
11764.0,9408.56558222199,0.0,0,20,3780
11765.0,9408.56558222199,0.0,0,20,3780
11766.0,9408.56558222199,0.0,0,20,3780
11767.0,9408.56558222199,0.0,0,20,3780
11768.0,9408.56558222199,0.0,0,20,3780
11769.0,9408.56558222199,0.0,0,20,3780
11770.0,9408.56558222199,0.0,0,20,3780
11771.0,9408.56558222199,0.0,0,20,3780
11772.0,9408.56558222199,0.0,0,20,3780
11773.0,9408.56558222199,0.0,0,20,3780
11774.0,9408.56558222199,0.0,0,20,3780
11775.0,9408.56558222199,0.0,0,20,3780
11776.0,9408.56558222199,0.0,0,20,3780
11777.0,9408.56558222199,0.0,0,20,3780
11778.0,9408.56558222199,0.0,0,20,3780
11779.0,9408.56558222199,0.0,0,20,3780
11780.0,9408.56558222199,0.0,0,20,3780
11781.0,9408.56558222199,0.0,0,20,3780
11782.0,9408.56558222199,0.0,0,20,3780
11783.0,9408.56558222199,0.0,0,20,3780
11784.0,9408.56558222199,0.0,0,20,3780
11785.0,9408.56558222199,0.0,0,20,3780
11786.0,9408.56558222199,0.0,0,20,3780
11787.0,9408.56558222199,0.0,0,20,3780
11788.0,9408.56558222199,0.0,0,20,3780
11789.0,9408.56558222199,0.0,0,20,3780
11790.0,9408.56558222199,0.0,0,20,3780
11791.0,9408.56558222199,0.0,0,20,3780
11792.0,9408.56558222199,0.0,0,20,3780
11793.0,9408.56558222199,0.0,0,20,3780
11794.0,9408.56558222199,0.0,0,20,3780
11795.0,9408.56558222199,0.0,0,20,3780
11796.0,9408.56558222199,0.0,0,20,3780
11797.0,9408.56558222199,0.0,0,20,3780
11798.0,9408.56558222199,0.0,0,20,3780
11799.0,9408.56558222199,0.0,0,20,3780
11800.0,9408.56558222199,0.0,0,20,3780
11801.0,9408.56558222199,0.0,0,20,3780
11802.0,9408.56558222199,0.0,0,20,3780
11803.0,9408.56558222199,0.0,0,20,3780
11804.0,9408.56558222199,0.0,0,20,3780
11805.0,9408.56558222199,0.0,0,20,3780
11806.0,9408.56558222199,0.0,0,20,3780
11807.0,9408.56558222199,0.0,0,20,3780
11808.0,9408.56558222199,0.0,0,20,3780
11809.0,9408.56558222199,0.0,0,20,3780
11810.0,9408.56558222199,0.0,0,20,3780
11811.0,9408.56558222199,0.0,0,20,3780
11812.0,9408.56558222199,0.0,0,20,3780
11813.0,9408.56558222199,0.0,0,20,3780
11814.0,9408.56558222199,0.0,0,20,3780
11815.0,9408.56558222199,0.0,0,20,3780
11816.0,9408.56558222199,0.0,0,20,3780
11817.0,9408.56558222199,0.0,0,20,3780
11818.0,9408.56558222199,0.0,0,20,3780
11819.0,9408.56558222199,0.0,0,20,3780
11820.0,9408.56558222199,0.0,0,20,3780
11821.0,9408.56558222199,0.0,0,20,3780
11822.0,9408.56558222199,0.0,0,20,3780
11823.0,9408.56558222199,0.0,0,20,3780
11824.0,9408.56558222199,0.0,0,20,3780
11825.0,9408.56558222199,0.0,0,20,3780
11826.0,9408.56558222199,0.0,0,20,3780
11827.0,9408.56558222199,0.0,0,20,3780
11828.0,9408.56558222199,0.0,0,20,3780
11829.0,9408.56558222199,0.0,0,20,3780
11830.0,9408.56558222199,0.0,0,20,3780
11831.0,9408.56558222199,0.0,0,20,3780
11832.0,9408.56558222199,0.0,0,20,3780
11833.0,9408.56558222199,0.0,0,20,3780
11834.0,9408.56558222199,0.0,0,20,3780
11835.0,9408.56558222199,0.0,0,20,3780
11836.0,9408.56558222199,0.0,0,20,3780
11837.0,9408.56558222199,0.0,0,20,3780
11838.0,9408.56558222199,0.0,0,20,3780
11839.0,9408.56558222199,0.0,0,20,3780
11840.0,9408.56558222199,0.0,0,20,3780
11841.0,9408.56558222199,0.0,0,20,3780
11842.0,9408.56558222199,0.0,0,20,3780
11843.0,9408.56558222199,0.0,0,20,3780
11844.0,9408.56558222199,0.0,0,20,3780
11845.0,9408.56558222199,0.0,0,20,3780
11846.0,9408.56558222199,0.0,0,20,3780
11847.0,9408.56558222199,0.0,0,20,3780
11848.0,9408.56558222199,0.0,0,20,3780
11849.0,9408.56558222199,0.0,0,20,3780
11850.0,9408.56558222199,0.0,0,20,3780
11851.0,9408.56558222199,0.0,0,20,3780
11852.0,9408.56558222199,0.0,0,20,3780
11853.0,9408.56558222199,0.0,0,20,3780
11854.0,9408.56558222199,0.0,0,20,3780
11855.0,9408.56558222199,0.0,0,20,3780
11856.0,9408.56558222199,0.0,0,20,3780
11857.0,9408.56558222199,0.0,0,20,3780
11858.0,9408.56558222199,0.0,0,20,3780
11859.0,9408.56558222199,0.0,0,20,3780
11860.0,9408.56558222199,0.0,0,20,3780
11861.0,9408.56558222199,0.0,0,20,3780
11862.0,9408.56558222199,0.0,0,20,3780
11863.0,9408.56558222199,0.0,0,20,3780
11864.0,9408.56558222199,0.0,0,20,3780
11865.0,9408.56558222199,0.0,0,20,3780
11866.0,9408.56558222199,0.0,0,20,3780
11867.0,9408.56558222199,0.0,0,20,3780
11868.0,9408.56558222199,0.0,0,20,3780
11869.0,9408.56558222199,0.0,0,20,3780
11870.0,9408.56558222199,0.0,0,20,3780
11871.0,9408.56558222199,0.0,0,20,3780
11872.0,9408.56558222199,0.0,0,20,3780
11873.0,9408.56558222199,0.0,0,20,3780
11874.0,9408.56558222199,0.0,0,20,3780
11875.0,9408.56558222199,0.0,0,20,3780
11876.0,9408.56558222199,0.0,0,20,3780
11877.0,9408.56558222199,0.0,0,20,3780
11878.0,9408.56558222199,0.0,0,20,3780
11879.0,9408.56558222199,0.0,0,20,3780
11880.0,9408.56558222199,0.0,0,20,3780
11881.0,9408.56558222199,0.0,0,20,3780
11882.0,9408.56558222199,0.0,0,20,3780
11883.0,9408.56558222199,0.0,0,20,3780
11884.0,9408.56558222199,0.0,0,20,3780
11885.0,9408.56558222199,0.0,0,20,3780
11886.0,9408.56558222199,0.0,0,20,3780
11887.0,9408.56558222199,0.0,0,20,3780
11888.0,9408.56558222199,0.0,0,20,3780
11889.0,9408.56558222199,0.0,0,20,3780
11890.0,9408.56558222199,0.0,0,20,3780
11891.0,9408.56558222199,0.0,0,20,3780
11892.0,9408.56558222199,0.0,0,20,3780
11893.0,9408.56558222199,0.0,0,20,3780
11894.0,9408.56558222199,0.0,0,20,3780
11895.0,9408.56558222199,0.0,0,20,3780
11896.0,9408.56558222199,0.0,0,20,3780
11897.0,9408.56558222199,0.0,0,20,3780
11898.0,9408.56558222199,0.0,0,20,3780
11899.0,9408.56558222199,0.0,0,20,3780
11900.0,9408.56558222199,0.0,0,20,3780
11901.0,9408.56558222199,0.0,0,20,3780
11902.0,9408.56558222199,0.0,0,20,3780
11903.0,9408.56558222199,0.0,0,20,3780
11904.0,9408.56558222199,0.0,0,20,3780
11905.0,9408.56558222199,0.0,0,20,3780
11906.0,9408.56558222199,0.0,0,20,3780
11907.0,9408.56558222199,0.0,0,20,3780
11908.0,9408.56558222199,0.0,0,20,3780
11909.0,9408.56558222199,0.0,0,20,3780
11910.0,9408.56558222199,0.0,0,20,3780
11911.0,9408.56558222199,0.0,0,20,3780
11912.0,9408.56558222199,0.0,0,20,3780
11913.0,9408.56558222199,0.0,0,20,3780
11914.0,9408.56558222199,0.0,0,20,3780
11915.0,9408.56558222199,0.0,0,20,3780
11916.0,9408.56558222199,0.0,0,20,3780
11917.0,9408.56558222199,0.0,0,20,3780
11918.0,9408.56558222199,0.0,0,20,3780
11919.0,9408.56558222199,0.0,0,20,3780
11920.0,9408.56558222199,0.0,0,20,3780
11921.0,9408.56558222199,0.0,0,20,3780
11922.0,9408.56558222199,0.0,0,20,3780
11923.0,9408.56558222199,0.0,0,20,3780
11924.0,9408.56558222199,0.0,0,20,3780
11925.0,9408.56558222199,0.0,0,20,3780
11926.0,9408.56558222199,0.0,0,20,3780
11927.0,9408.56558222199,0.0,0,20,3780
11928.0,9408.56558222199,0.0,0,20,3780
11929.0,9408.56558222199,0.0,0,20,3780
11930.0,9408.56558222199,0.0,0,20,3780
11931.0,9408.56558222199,0.0,0,20,3780
11932.0,9408.56558222199,0.0,0,20,3780
11933.0,9408.56558222199,0.0,0,20,3780
11934.0,9408.56558222199,0.0,0,20,3780
11935.0,9408.56558222199,0.0,0,20,3780
11936.0,9408.56558222199,0.0,0,20,3780
11937.0,9408.56558222199,0.0,0,20,3780
11938.0,9408.56558222199,0.0,0,20,3780
11939.0,9408.56558222199,0.0,0,20,3780
11940.0,9408.56558222199,0.0,0,20,3780
11941.0,9408.56558222199,0.0,0,20,3780
11942.0,9408.56558222199,0.0,0,20,3780
11943.0,9408.56558222199,0.0,0,20,3780
11944.0,9408.56558222199,0.0,0,20,3780
11945.0,9408.56558222199,0.0,0,20,3780
11946.0,9408.56558222199,0.0,0,20,3780
11947.0,9408.56558222199,0.0,0,20,3780
11948.0,9408.56558222199,0.0,0,20,3780
11949.0,9408.56558222199,0.0,0,20,3780
11950.0,9408.56558222199,0.0,0,20,3780
11951.0,9408.56558222199,0.0,0,20,3780
11952.0,9408.56558222199,0.0,0,20,3780
11953.0,9408.56558222199,0.0,0,20,3780
11954.0,9408.56558222199,0.0,0,20,3780
11955.0,9408.56558222199,0.0,0,20,3780
11956.0,9408.56558222199,0.0,0,20,3780
11957.0,9408.56558222199,0.0,0,20,3780
11958.0,9408.56558222199,0.0,0,20,3780
11959.0,9408.56558222199,0.0,0,20,3780
11960.0,9408.56558222199,0.0,0,20,3780
11961.0,9408.56558222199,0.0,0,20,3780
11962.0,9408.56558222199,0.0,0,20,3780
11963.0,9408.56558222199,0.0,0,20,3780
11964.0,9408.56558222199,0.0,0,20,3780
11965.0,9408.56558222199,0.0,0,20,3780
11966.0,9408.56558222199,0.0,0,20,3780
11967.0,9408.56558222199,0.0,0,20,3780
11968.0,9408.56558222199,0.0,0,20,3780
11969.0,9408.56558222199,0.0,0,20,3780
11970.0,9408.56558222199,0.0,0,20,3780
11971.0,9408.56558222199,0.0,0,20,3780
11972.0,9408.56558222199,0.0,0,20,3780
11973.0,9408.56558222199,0.0,0,20,3780
11974.0,9408.56558222199,0.0,0,20,3780
11975.0,9408.56558222199,0.0,0,20,3780
11976.0,9408.56558222199,0.0,0,20,3780
11977.0,9408.56558222199,0.0,0,20,3780
11978.0,9408.56558222199,0.0,0,20,3780
11979.0,9408.56558222199,0.0,0,20,3780
11980.0,9408.56558222199,0.0,0,20,3780
11981.0,9408.56558222199,0.0,0,20,3780
11982.0,9408.56558222199,0.0,0,20,3780
11983.0,9408.56558222199,0.0,0,20,3780
11984.0,9408.56558222199,0.0,0,20,3780
11985.0,9408.56558222199,0.0,0,20,3780
11986.0,9408.56558222199,0.0,0,20,3780
11987.0,9408.56558222199,0.0,0,20,3780
11988.0,9408.56558222199,0.0,0,20,3780
11989.0,9408.56558222199,0.0,0,20,3780
11990.0,9408.56558222199,0.0,0,20,3780
11991.0,9408.56558222199,0.0,0,20,3780
11992.0,9408.56558222199,0.0,0,20,3780
11993.0,9408.56558222199,0.0,0,20,3780
11994.0,9408.56558222199,0.0,0,20,3780
11995.0,9408.56558222199,0.0,0,20,3780
11996.0,9408.56558222199,0.0,0,20,3780
11997.0,9408.56558222199,0.0,0,20,3780
11998.0,9408.56558222199,0.0,0,20,3780
11999.0,9408.56558222199,0.0,0,20,3780
12000.0,9408.56558222199,0.0,0,20,3780
12001.0,9408.56558222199,0.0,0,20,3780
12002.0,9408.56558222199,0.0,0,20,3780
12003.0,9408.56558222199,0.0,0,20,3780
12004.0,9408.56558222199,0.0,0,20,3780
12005.0,9408.56558222199,0.0,0,20,3780
12006.0,9408.56558222199,0.0,0,20,3780
12007.0,9408.56558222199,0.0,0,20,3780
12008.0,9408.56558222199,0.0,0,20,3780
12009.0,9408.56558222199,0.0,0,20,3780
12010.0,9408.56558222199,0.0,0,20,3780
12011.0,9408.56558222199,0.0,0,20,3780
12012.0,9408.56558222199,0.0,0,20,3780
12013.0,9408.56558222199,0.0,0,20,3780
12014.0,9408.56558222199,0.0,0,20,3780
12015.0,9408.56558222199,0.0,0,20,3780
12016.0,9408.56558222199,0.0,0,20,3780
12017.0,9408.56558222199,0.0,0,20,3780
12018.0,9408.56558222199,0.0,0,20,3780
12019.0,9408.56558222199,0.0,0,20,3780
12020.0,9408.56558222199,0.0,0,20,3780
12021.0,9408.56558222199,0.0,0,20,3780
12022.0,9408.56558222199,0.0,0,20,3780
12023.0,9408.56558222199,0.0,0,20,3780
12024.0,9408.56558222199,0.0,0,20,3780
12025.0,9408.56558222199,0.0,0,20,3780
12026.0,9408.56558222199,0.0,0,20,3780
12027.0,9408.56558222199,0.0,0,20,3780
12028.0,9408.56558222199,0.0,0,20,3780
12029.0,9408.56558222199,0.0,0,20,3780
12030.0,9408.56558222199,0.0,0,20,3780
12031.0,9408.56558222199,0.0,0,20,3780
12032.0,9408.56558222199,0.0,0,20,3780
12033.0,9408.56558222199,0.0,0,20,3780
12034.0,9408.56558222199,0.0,0,20,3780
12035.0,9408.56558222199,0.0,0,20,3780
12036.0,9408.56558222199,0.0,0,20,3780
12037.0,9408.56558222199,0.0,0,20,3780
12038.0,9408.56558222199,0.0,0,20,3780
12039.0,9408.56558222199,0.0,0,20,3780
12040.0,9408.56558222199,0.0,0,20,3780
12041.0,9408.56558222199,0.0,0,20,3780
12042.0,9408.56558222199,0.0,0,20,3780
12043.0,9408.56558222199,0.0,0,20,3780
12044.0,9408.56558222199,0.0,0,20,3780
12045.0,9408.56558222199,0.0,0,20,3780
12046.0,9408.56558222199,0.0,0,20,3780
12047.0,9408.56558222199,0.0,0,20,3780
12048.0,9408.56558222199,0.0,0,20,3780
12049.0,9408.56558222199,0.0,0,20,3780
12050.0,9408.56558222199,0.0,0,20,3780
12051.0,9408.56558222199,0.0,0,20,3780
12052.0,9408.56558222199,0.0,0,20,3780
12053.0,9408.56558222199,0.0,0,20,3780
12054.0,9408.56558222199,0.0,0,20,3780
12055.0,9408.56558222199,0.0,0,20,3780
12056.0,9408.56558222199,0.0,0,20,3780
12057.0,9408.56558222199,0.0,0,20,3780
12058.0,9408.56558222199,0.0,0,20,3780
12059.0,9408.56558222199,0.0,0,20,3780
12060.0,9408.56558222199,0.0,0,20,3780
12061.0,9408.56558222199,0.0,0,20,3780
12062.0,9408.56558222199,0.0,0,20,3780
12063.0,9408.56558222199,0.0,0,20,3780
12064.0,9408.56558222199,0.0,0,20,3780
12065.0,9408.56558222199,0.0,0,20,3780
12066.0,9408.56558222199,0.0,0,20,3780
12067.0,9408.56558222199,0.0,0,20,3780
12068.0,9408.56558222199,0.0,0,20,3780
12069.0,9408.56558222199,0.0,0,20,3780
12070.0,9408.56558222199,0.0,0,20,3780
12071.0,9408.56558222199,0.0,0,20,3780
12072.0,9408.56558222199,0.0,0,20,3780
12073.0,9408.56558222199,0.0,0,20,3780
12074.0,9408.56558222199,0.0,0,20,3780
12075.0,9408.56558222199,0.0,0,20,3780
12076.0,9408.56558222199,0.0,0,20,3780
12077.0,9408.56558222199,0.0,0,20,3780
12078.0,9408.56558222199,0.0,0,20,3780
12079.0,9408.56558222199,0.0,0,20,3780
12080.0,9408.56558222199,0.0,0,20,3780
12081.0,9408.56558222199,0.0,0,20,3780
12082.0,9408.56558222199,0.0,0,20,3780
12083.0,9408.56558222199,0.0,0,20,3780
12084.0,9408.56558222199,0.0,0,20,3780
12085.0,9408.56558222199,0.0,0,20,3780
12086.0,9408.56558222199,0.0,0,20,3780
12087.0,9408.56558222199,0.0,0,20,3780
12088.0,9408.56558222199,0.0,0,20,3780
12089.0,9408.56558222199,0.0,0,20,3780
12090.0,9408.56558222199,0.0,0,20,3780
12091.0,9408.56558222199,0.0,0,20,3780
12092.0,9408.56558222199,0.0,0,20,3780
12093.0,9408.56558222199,0.0,0,20,3780
12094.0,9408.56558222199,0.0,0,20,3780
12095.0,9408.56558222199,0.0,0,20,3780
12096.0,9408.56558222199,0.0,0,20,3780
12097.0,9408.56558222199,0.0,0,20,3780
12098.0,9408.56558222199,0.0,0,20,3780
12099.0,9408.56558222199,0.0,0,20,3780
12100.0,9408.56558222199,0.0,0,20,3780
12101.0,9408.56558222199,0.0,0,20,3780
12102.0,9408.56558222199,0.0,0,20,3780
12103.0,9408.56558222199,0.0,0,20,3780
12104.0,9408.56558222199,0.0,0,20,3780
12105.0,9408.56558222199,0.0,0,20,3780
12106.0,9408.56558222199,0.0,0,20,3780
12107.0,9408.56558222199,0.0,0,20,3780
12108.0,9408.56558222199,0.0,0,20,3780
12109.0,9408.56558222199,0.0,0,20,3780
12110.0,9408.56558222199,0.0,0,20,3780
12111.0,9408.56558222199,0.0,0,20,3780
12112.0,9408.56558222199,0.0,0,20,3780
12113.0,9408.56558222199,0.0,0,20,3780
12114.0,9408.56558222199,0.0,0,20,3780
12115.0,9408.56558222199,0.0,0,20,3780
12116.0,9408.56558222199,0.0,0,20,3780
12117.0,9408.56558222199,0.0,0,20,3780
12118.0,9408.56558222199,0.0,0,20,3780
12119.0,9408.56558222199,0.0,0,20,3780
12120.0,9408.56558222199,0.0,0,20,3780
12121.0,9408.56558222199,0.0,0,20,3780
12122.0,9408.56558222199,0.0,0,20,3780
12123.0,9408.56558222199,0.0,0,20,3780
12124.0,9408.56558222199,0.0,0,20,3780
12125.0,9408.56558222199,0.0,0,20,3780
12126.0,9408.56558222199,0.0,0,20,3780
12127.0,9408.56558222199,0.0,0,20,3780
12128.0,9408.56558222199,0.0,0,20,3780
12129.0,9408.56558222199,0.0,0,20,3780
12130.0,9408.56558222199,0.0,0,20,3780
12131.0,9408.56558222199,0.0,0,20,3780
12132.0,9408.56558222199,0.0,0,20,3780
12133.0,9408.56558222199,0.0,0,20,3780
12134.0,9408.56558222199,0.0,0,20,3780
12135.0,9408.56558222199,0.0,0,20,3780
12136.0,9408.56558222199,0.0,0,20,3780
12137.0,9408.56558222199,0.0,0,20,3780
12138.0,9408.56558222199,0.0,0,20,3780
12139.0,9408.56558222199,0.0,0,20,3780
12140.0,9408.56558222199,0.0,0,20,3780
12141.0,9408.56558222199,0.0,0,20,3780
12142.0,9408.56558222199,0.0,0,20,3780
12143.0,9408.56558222199,0.0,0,20,3780
12144.0,9408.56558222199,0.0,0,20,3780
12145.0,9408.56558222199,0.0,0,20,3780
12146.0,9408.56558222199,0.0,0,20,3780
12147.0,9408.56558222199,0.0,0,20,3780
12148.0,9408.56558222199,0.0,0,20,3780
12149.0,9408.56558222199,0.0,0,20,3780
12150.0,9408.56558222199,0.0,0,20,3780
12151.0,9408.56558222199,0.0,0,20,3780
12152.0,9408.56558222199,0.0,0,20,3780
12153.0,9408.56558222199,0.0,0,20,3780
12154.0,9408.56558222199,0.0,0,20,3780
12155.0,9408.56558222199,0.0,0,20,3780
12156.0,9408.56558222199,0.0,0,20,3780
12157.0,9408.56558222199,0.0,0,20,3780
12158.0,9408.56558222199,0.0,0,20,3780
12159.0,9408.56558222199,0.0,0,20,3780
12160.0,9408.56558222199,0.0,0,20,3780
12161.0,9408.56558222199,0.0,0,20,3780
12162.0,9408.56558222199,0.0,0,20,3780
12163.0,9408.56558222199,0.0,0,20,3780
12164.0,9408.56558222199,0.0,0,20,3780
12165.0,9408.56558222199,0.0,0,20,3780
12166.0,9408.56558222199,0.0,0,20,3780
12167.0,9408.56558222199,0.0,0,20,3780
12168.0,9408.56558222199,0.0,0,20,3780
12169.0,9408.56558222199,0.0,0,20,3780
12170.0,9408.56558222199,0.0,0,20,3780
12171.0,9408.56558222199,0.0,0,20,3780
12172.0,9408.56558222199,0.0,0,20,3780
12173.0,9408.56558222199,0.0,0,20,3780
12174.0,9408.56558222199,0.0,0,20,3780
12175.0,9408.56558222199,0.0,0,20,3780
12176.0,9408.56558222199,0.0,0,20,3780
12177.0,9408.56558222199,0.0,0,20,3780
12178.0,9408.56558222199,0.0,0,20,3780
12179.0,9408.56558222199,0.0,0,20,3780
12180.0,9408.56558222199,0.0,0,20,3780
12181.0,9408.56558222199,0.0,0,20,3780
12182.0,9408.56558222199,0.0,0,20,3780
12183.0,9408.56558222199,0.0,0,20,3780
12184.0,9408.56558222199,0.0,0,20,3780
12185.0,9408.56558222199,0.0,0,20,3780
12186.0,9408.56558222199,0.0,0,20,3780
12187.0,9408.56558222199,0.0,0,20,3780
12188.0,9408.56558222199,0.0,0,20,3780
12189.0,9408.56558222199,0.0,0,20,3780
12190.0,9408.56558222199,0.0,0,20,3780
12191.0,9408.56558222199,0.0,0,20,3780
12192.0,9408.56558222199,0.0,0,20,3780
12193.0,9408.56558222199,0.0,0,20,3780
12194.0,9408.56558222199,0.0,0,20,3780
12195.0,9408.56558222199,0.0,0,20,3780
12196.0,9408.56558222199,0.0,0,20,3780
12197.0,9408.56558222199,0.0,0,20,3780
12198.0,9408.56558222199,0.0,0,20,3780
12199.0,9408.56558222199,0.0,0,20,3780
12200.0,9408.56558222199,0.0,0,20,3780
12201.0,9408.56558222199,0.0,0,20,3780
12202.0,9408.56558222199,0.0,0,20,3780
12203.0,9408.56558222199,0.0,0,20,3780
12204.0,9408.56558222199,0.0,0,20,3780
12205.0,9408.56558222199,0.0,0,20,3780
12206.0,9408.56558222199,0.0,0,20,3780
12207.0,9408.56558222199,0.0,0,20,3780
12208.0,9408.56558222199,0.0,0,20,3780
12209.0,9408.56558222199,0.0,0,20,3780
12210.0,9408.56558222199,0.0,0,20,3780
12211.0,9408.56558222199,0.0,0,20,3780
12212.0,9408.56558222199,0.0,0,20,3780
12213.0,9408.56558222199,0.0,0,20,3780
12214.0,9408.56558222199,0.0,0,20,3780
12215.0,9408.56558222199,0.0,0,20,3780
12216.0,9408.56558222199,0.0,0,20,3780
12217.0,9408.56558222199,0.0,0,20,3780
12218.0,9408.56558222199,0.0,0,20,3780
12219.0,9408.56558222199,0.0,0,20,3780
12220.0,9408.56558222199,0.0,0,20,3780
12221.0,9408.56558222199,0.0,0,20,3780
12222.0,9408.56558222199,0.0,0,20,3780
12223.0,9408.56558222199,0.0,0,20,3780
12224.0,9408.56558222199,0.0,0,20,3780
12225.0,9408.56558222199,0.0,0,20,3780
12226.0,9408.56558222199,0.0,0,20,3780
12227.0,9408.56558222199,0.0,0,20,3780
12228.0,9408.56558222199,0.0,0,20,3780
12229.0,9408.56558222199,0.0,0,20,3780
12230.0,9408.56558222199,0.0,0,20,3780
12231.0,9408.56558222199,0.0,0,20,3780
12232.0,9408.56558222199,0.0,0,20,3780
12233.0,9408.56558222199,0.0,0,20,3780
12234.0,9408.56558222199,0.0,0,20,3780
12235.0,9408.56558222199,0.0,0,20,3780
12236.0,9408.56558222199,0.0,0,20,3780
12237.0,9408.56558222199,0.0,0,20,3780
12238.0,9408.56558222199,0.0,0,20,3780
12239.0,9408.56558222199,0.0,0,20,3780
12240.0,9408.56558222199,0.0,0,20,3780
12241.0,9408.56558222199,0.0,0,20,3780
12242.0,9408.56558222199,0.0,0,20,3780
12243.0,9408.56558222199,0.0,0,20,3780
12244.0,9408.56558222199,0.0,0,20,3780
12245.0,9408.56558222199,0.0,0,20,3780
12246.0,9408.56558222199,0.0,0,20,3780
12247.0,9408.56558222199,0.0,0,20,3780
12248.0,9408.56558222199,0.0,0,20,3780
12249.0,9408.56558222199,0.0,0,20,3780
12250.0,9408.56558222199,0.0,0,20,3780
12251.0,9408.56558222199,0.0,0,20,3780
12252.0,9408.56558222199,0.0,0,20,3780
12253.0,9408.56558222199,0.0,0,20,3780
12254.0,9408.56558222199,0.0,0,20,3780
12255.0,9408.56558222199,0.0,0,20,3780
12256.0,9408.56558222199,0.0,0,20,3780
12257.0,9408.56558222199,0.0,0,20,3780
12258.0,9408.56558222199,0.0,0,20,3780
12259.0,9408.56558222199,0.0,0,20,3780
12260.0,9408.56558222199,0.0,0,20,3780
12261.0,9408.56558222199,0.0,0,20,3780
12262.0,9408.56558222199,0.0,0,20,3780
12263.0,9408.56558222199,0.0,0,20,3780
12264.0,9408.56558222199,0.0,0,20,3780
12265.0,9408.56558222199,0.0,0,20,3780
12266.0,9408.56558222199,0.0,0,20,3780
12267.0,9408.56558222199,0.0,0,20,3780
12268.0,9408.56558222199,0.0,0,20,3780
12269.0,9408.56558222199,0.0,0,20,3780
12270.0,9408.56558222199,0.0,0,20,3780
12271.0,9408.56558222199,0.0,0,20,3780
12272.0,9408.56558222199,0.0,0,20,3780
12273.0,9408.56558222199,0.0,0,20,3780
12274.0,9408.56558222199,0.0,0,20,3780
12275.0,9408.56558222199,0.0,0,20,3780
12276.0,9408.56558222199,0.0,0,20,3780
12277.0,9408.56558222199,0.0,0,20,3780
12278.0,9408.56558222199,0.0,0,20,3780
12279.0,9408.56558222199,0.0,0,20,3780
12280.0,9408.56558222199,0.0,0,20,3780
12281.0,9408.56558222199,0.0,0,20,3780
12282.0,9408.56558222199,0.0,0,20,3780
12283.0,9408.56558222199,0.0,0,20,3780
12284.0,9408.56558222199,0.0,0,20,3780
12285.0,9408.56558222199,0.0,0,20,3780
12286.0,9408.56558222199,0.0,0,20,3780
12287.0,9408.56558222199,0.0,0,20,3780
12288.0,9408.56558222199,0.0,0,20,3780
12289.0,9408.56558222199,0.0,0,20,3780
12290.0,9408.56558222199,0.0,0,20,3780
12291.0,9408.56558222199,0.0,0,20,3780
12292.0,9408.56558222199,0.0,0,20,3780
12293.0,9408.56558222199,0.0,0,20,3780
12294.0,9408.56558222199,0.0,0,20,3780
12295.0,9408.56558222199,0.0,0,20,3780
12296.0,9408.56558222199,0.0,0,20,3780
12297.0,9408.56558222199,0.0,0,20,3780
12298.0,9408.56558222199,0.0,0,20,3780
12299.0,9408.56558222199,0.0,0,20,3780
12300.0,9408.56558222199,0.0,0,20,3780
12301.0,9408.56558222199,0.0,0,20,3780
12302.0,9408.56558222199,0.0,0,20,3780
12303.0,9408.56558222199,0.0,0,20,3780
12304.0,9408.56558222199,0.0,0,20,3780
12305.0,9408.56558222199,0.0,0,20,3780
12306.0,9408.56558222199,0.0,0,20,3780
12307.0,9408.56558222199,0.0,0,20,3780
12308.0,9408.56558222199,0.0,0,20,3780
12309.0,9408.56558222199,0.0,0,20,3780
12310.0,9408.56558222199,0.0,0,20,3780
12311.0,9408.56558222199,0.0,0,20,3780
12312.0,9408.56558222199,0.0,0,20,3780
12313.0,9408.56558222199,0.0,0,20,3780
12314.0,9408.56558222199,0.0,0,20,3780
12315.0,9408.56558222199,0.0,0,20,3780
12316.0,9408.56558222199,0.0,0,20,3780
12317.0,9408.56558222199,0.0,0,20,3780
12318.0,9408.56558222199,0.0,0,20,3780
12319.0,9408.56558222199,0.0,0,20,3780
12320.0,9408.56558222199,0.0,0,20,3780
12321.0,9408.56558222199,0.0,0,20,3780
12322.0,9408.56558222199,0.0,0,20,3780
12323.0,9408.56558222199,0.0,0,20,3780
12324.0,9408.56558222199,0.0,0,20,3780
12325.0,9408.56558222199,0.0,0,20,3780
12326.0,9408.56558222199,0.0,0,20,3780
12327.0,9408.56558222199,0.0,0,20,3780
12328.0,9408.56558222199,0.0,0,20,3780
12329.0,9408.56558222199,0.0,0,20,3780
12330.0,9408.56558222199,0.0,0,20,3780
12331.0,9408.56558222199,0.0,0,20,3780
12332.0,9408.56558222199,0.0,0,20,3780
12333.0,9408.56558222199,0.0,0,20,3780
12334.0,9408.56558222199,0.0,0,20,3780
12335.0,9408.56558222199,0.0,0,20,3780
12336.0,9408.56558222199,0.0,0,20,3780
12337.0,9408.56558222199,0.0,0,20,3780
12338.0,9408.56558222199,0.0,0,20,3780
12339.0,9408.56558222199,0.0,0,20,3780
12340.0,9408.56558222199,0.0,0,20,3780
12341.0,9408.56558222199,0.0,0,20,3780
12342.0,9408.56558222199,0.0,0,20,3780
12343.0,9408.56558222199,0.0,0,20,3780
12344.0,9408.56558222199,0.0,0,20,3780
12345.0,9408.56558222199,0.0,0,20,3780
12346.0,9408.56558222199,0.0,0,20,3780
12347.0,9408.56558222199,0.0,0,20,3780
12348.0,9408.56558222199,0.0,0,20,3780
12349.0,9408.56558222199,0.0,0,20,3780
12350.0,9408.56558222199,0.0,0,20,3780
12351.0,9408.56558222199,0.0,0,20,3780
12352.0,9408.56558222199,0.0,0,20,3780
12353.0,9408.56558222199,0.0,0,20,3780
12354.0,9408.56558222199,0.0,0,20,3780
12355.0,9408.56558222199,0.0,0,20,3780
12356.0,9408.56558222199,0.0,0,20,3780
12357.0,9408.56558222199,0.0,0,20,3780
12358.0,9408.56558222199,0.0,0,20,3780
12359.0,9408.56558222199,0.0,0,20,3780
12360.0,9408.56558222199,0.0,0,20,3780
12361.0,9408.56558222199,0.0,0,20,3780
12362.0,9408.56558222199,0.0,0,20,3780
12363.0,9408.56558222199,0.0,0,20,3780
12364.0,9408.56558222199,0.0,0,20,3780
12365.0,9408.56558222199,0.0,0,20,3780
12366.0,9408.56558222199,0.0,0,20,3780
12367.0,9408.56558222199,0.0,0,20,3780
12368.0,9408.56558222199,0.0,0,20,3780
12369.0,9408.56558222199,0.0,0,20,3780
12370.0,9408.56558222199,0.0,0,20,3780
12371.0,9408.56558222199,0.0,0,20,3780
12372.0,9408.56558222199,0.0,0,20,3780
12373.0,9408.56558222199,0.0,0,20,3780
12374.0,9408.56558222199,0.0,0,20,3780
12375.0,9408.56558222199,0.0,0,20,3780
12376.0,9408.56558222199,0.0,0,20,3780
12377.0,9408.56558222199,0.0,0,20,3780
12378.0,9408.56558222199,0.0,0,20,3780
12379.0,9408.56558222199,0.0,0,20,3780
12380.0,9408.56558222199,0.0,0,20,3780
12381.0,9408.56558222199,0.0,0,20,3780
12382.0,9408.56558222199,0.0,0,20,3780
12383.0,9408.56558222199,0.0,0,20,3780
12384.0,9408.56558222199,0.0,0,20,3780
12385.0,9408.56558222199,0.0,0,20,3780
12386.0,9408.56558222199,0.0,0,20,3780
12387.0,9408.56558222199,0.0,0,20,3780
12388.0,9408.56558222199,0.0,0,20,3780
12389.0,9408.56558222199,0.0,0,20,3780
12390.0,9408.56558222199,0.0,0,20,3780
12391.0,9408.56558222199,0.0,0,20,3780
12392.0,9408.56558222199,0.0,0,20,3780
12393.0,9408.56558222199,0.0,0,20,3780
12394.0,9408.56558222199,0.0,0,20,3780
12395.0,9408.56558222199,0.0,0,20,3780
12396.0,9408.56558222199,0.0,0,20,3780
12397.0,9408.56558222199,0.0,0,20,3780
12398.0,9408.56558222199,0.0,0,20,3780
12399.0,9408.56558222199,0.0,0,20,3780
12400.0,9408.56558222199,0.0,0,20,3780
12401.0,9408.56558222199,0.0,0,20,3780
12402.0,9408.56558222199,0.0,0,20,3780
12403.0,9408.56558222199,0.0,0,20,3780
12404.0,9408.56558222199,0.0,0,20,3780
12405.0,9408.56558222199,0.0,0,20,3780
12406.0,9408.56558222199,0.0,0,20,3780
12407.0,9408.56558222199,0.0,0,20,3780
12408.0,9408.56558222199,0.0,0,20,3780
12409.0,9408.56558222199,0.0,0,20,3780
12410.0,9408.56558222199,0.0,0,20,3780
12411.0,9408.56558222199,0.0,0,20,3780
12412.0,9408.56558222199,0.0,0,20,3780
12413.0,9408.56558222199,0.0,0,20,3780
12414.0,9408.56558222199,0.0,0,20,3780
12415.0,9408.56558222199,0.0,0,20,3780
12416.0,9408.56558222199,0.0,0,20,3780
12417.0,9408.56558222199,0.0,0,20,3780
12418.0,9408.56558222199,0.0,0,20,3780
12419.0,9408.56558222199,0.0,0,20,3780
12420.0,9408.56558222199,0.0,0,20,3780
12421.0,9408.56558222199,0.0,0,20,3780
12422.0,9408.56558222199,0.0,0,20,3780
12423.0,9408.56558222199,0.0,0,20,3780
12424.0,9408.56558222199,0.0,0,20,3780
12425.0,9408.56558222199,0.0,0,20,3780
12426.0,9408.56558222199,0.0,0,20,3780
12427.0,9408.56558222199,0.0,0,20,3780
12428.0,9408.56558222199,0.0,0,20,3780
12429.0,9408.56558222199,0.0,0,20,3780
12430.0,9408.56558222199,0.0,0,20,3780
12431.0,9408.56558222199,0.0,0,20,3780
12432.0,9408.56558222199,0.0,0,20,3780
12433.0,9408.56558222199,0.0,0,20,3780
12434.0,9408.56558222199,0.0,0,20,3780
12435.0,9408.56558222199,0.0,0,20,3780
12436.0,9408.56558222199,0.0,0,20,3780
12437.0,9408.56558222199,0.0,0,20,3780
12438.0,9408.56558222199,0.0,0,20,3780
12439.0,9408.56558222199,0.0,0,20,3780
12440.0,9408.56558222199,0.0,0,20,3780
12441.0,9408.56558222199,0.0,0,20,3780
12442.0,9408.56558222199,0.0,0,20,3780
12443.0,9408.56558222199,0.0,0,20,3780
12444.0,9408.56558222199,0.0,0,20,3780
12445.0,9408.56558222199,0.0,0,20,3780
12446.0,9408.56558222199,0.0,0,20,3780
12447.0,9408.56558222199,0.0,0,20,3780
12448.0,9408.56558222199,0.0,0,20,3780
12449.0,9408.56558222199,0.0,0,20,3780
12450.0,9408.56558222199,0.0,0,20,3780
12451.0,9408.56558222199,0.0,0,20,3780
12452.0,9408.56558222199,0.0,0,20,3780
12453.0,9408.56558222199,0.0,0,20,3780
12454.0,9408.56558222199,0.0,0,20,3780
12455.0,9408.56558222199,0.0,0,20,3780
12456.0,9408.56558222199,0.0,0,20,3780
12457.0,9408.56558222199,0.0,0,20,3780
12458.0,9408.56558222199,0.0,0,20,3780
12459.0,9408.56558222199,0.0,0,20,3780
12460.0,9408.56558222199,0.0,0,20,3780
12461.0,9408.56558222199,0.0,0,20,3780
12462.0,9408.56558222199,0.0,0,20,3780
12463.0,9408.56558222199,0.0,0,20,3780
12464.0,9408.56558222199,0.0,0,20,3780
12465.0,9408.56558222199,0.0,0,20,3780
12466.0,9408.56558222199,0.0,0,20,3780
12467.0,9408.56558222199,0.0,0,20,3780
12468.0,9408.56558222199,0.0,0,20,3780
12469.0,9408.56558222199,0.0,0,20,3780
12470.0,9408.56558222199,0.0,0,20,3780
12471.0,9408.56558222199,0.0,0,20,3780
12472.0,9408.56558222199,0.0,0,20,3780
12473.0,9408.56558222199,0.0,0,20,3780
12474.0,9408.56558222199,0.0,0,20,3780
12475.0,9408.56558222199,0.0,0,20,3780
12476.0,9408.56558222199,0.0,0,20,3780
12477.0,9408.56558222199,0.0,0,20,3780
12478.0,9408.56558222199,0.0,0,20,3780
12479.0,9408.56558222199,0.0,0,20,3780
12480.0,9408.56558222199,0.0,0,20,3780
12481.0,9408.56558222199,0.0,0,20,3780
12482.0,9408.56558222199,0.0,0,20,3780
12483.0,9408.56558222199,0.0,0,20,3780
12484.0,9408.56558222199,0.0,0,20,3780
12485.0,9408.56558222199,0.0,0,20,3780
12486.0,9408.56558222199,0.0,0,20,3780
12487.0,9408.56558222199,0.0,0,20,3780
12488.0,9408.56558222199,0.0,0,20,3780
12489.0,9408.56558222199,0.0,0,20,3780
12490.0,9408.56558222199,0.0,0,20,3780
12491.0,9408.56558222199,0.0,0,20,3780
12492.0,9408.56558222199,0.0,0,20,3780
12493.0,9408.56558222199,0.0,0,20,3780
12494.0,9408.56558222199,0.0,0,20,3780
12495.0,9408.56558222199,0.0,0,20,3780
12496.0,9408.56558222199,0.0,0,20,3780
12497.0,9408.56558222199,0.0,0,20,3780
12498.0,9408.56558222199,0.0,0,20,3780
12499.0,9408.56558222199,0.0,0,20,3780
12500.0,9408.56558222199,0.0,0,20,3780
12501.0,9408.56558222199,0.0,0,20,3780
12502.0,9408.56558222199,0.0,0,20,3780
12503.0,9408.56558222199,0.0,0,20,3780
12504.0,9408.56558222199,0.0,0,20,3780
12505.0,9408.56558222199,0.0,0,20,3780
12506.0,9408.56558222199,0.0,0,20,3780
12507.0,9408.56558222199,0.0,0,20,3780
12508.0,9408.56558222199,0.0,0,20,3780
12509.0,9408.56558222199,0.0,0,20,3780
12510.0,9408.56558222199,0.0,0,20,3780
12511.0,9408.56558222199,0.0,0,20,3780
12512.0,9408.56558222199,0.0,0,20,3780
12513.0,9408.56558222199,0.0,0,20,3780
12514.0,9408.56558222199,0.0,0,20,3780
12515.0,9408.56558222199,0.0,0,20,3780
12516.0,9408.56558222199,0.0,0,20,3780
12517.0,9408.56558222199,0.0,0,20,3780
12518.0,9408.56558222199,0.0,0,20,3780
12519.0,9408.56558222199,0.0,0,20,3780
12520.0,9408.56558222199,0.0,0,20,3780
12521.0,9408.56558222199,0.0,0,20,3780
12522.0,9408.56558222199,0.0,0,20,3780
12523.0,9408.56558222199,0.0,0,20,3780
12524.0,9408.56558222199,0.0,0,20,3780
12525.0,9408.56558222199,0.0,0,20,3780
12526.0,9408.56558222199,0.0,0,20,3780
12527.0,9408.56558222199,0.0,0,20,3780
12528.0,9408.56558222199,0.0,0,20,3780
12529.0,9408.56558222199,0.0,0,20,3780
12530.0,9408.56558222199,0.0,0,20,3780
12531.0,9408.56558222199,0.0,0,20,3780
12532.0,9408.56558222199,0.0,0,20,3780
12533.0,9408.56558222199,0.0,0,20,3780
12534.0,9408.56558222199,0.0,0,20,3780
12535.0,9408.56558222199,0.0,0,20,3780
12536.0,9408.56558222199,0.0,0,20,3780
12537.0,9408.56558222199,0.0,0,20,3780
12538.0,9408.56558222199,0.0,0,20,3780
12539.0,9408.56558222199,0.0,0,20,3780
12540.0,9408.56558222199,0.0,0,20,3780
12541.0,9408.56558222199,0.0,0,20,3780
12542.0,9408.56558222199,0.0,0,20,3780
12543.0,9408.56558222199,0.0,0,20,3780
12544.0,9408.56558222199,0.0,0,20,3780
12545.0,9408.56558222199,0.0,0,20,3780
12546.0,9408.56558222199,0.0,0,20,3780
12547.0,9408.56558222199,0.0,0,20,3780
12548.0,9408.56558222199,0.0,0,20,3780
12549.0,9408.56558222199,0.0,0,20,3780
12550.0,9408.56558222199,0.0,0,20,3780
12551.0,9408.56558222199,0.0,0,20,3780
12552.0,9408.56558222199,0.0,0,20,3780
12553.0,9408.56558222199,0.0,0,20,3780
12554.0,9408.56558222199,0.0,0,20,3780
12555.0,9408.56558222199,0.0,0,20,3780
12556.0,9408.56558222199,0.0,0,20,3780
12557.0,9408.56558222199,0.0,0,20,3780
12558.0,9408.56558222199,0.0,0,20,3780
12559.0,9408.56558222199,0.0,0,20,3780
12560.0,9408.56558222199,0.0,0,20,3780
12561.0,9408.56558222199,0.0,0,20,3780
12562.0,9408.56558222199,0.0,0,20,3780
12563.0,9408.56558222199,0.0,0,20,3780
12564.0,9408.56558222199,0.0,0,20,3780
12565.0,9408.56558222199,0.0,0,20,3780
12566.0,9408.56558222199,0.0,0,20,3780
12567.0,9408.56558222199,0.0,0,20,3780
12568.0,9408.56558222199,0.0,0,20,3780
12569.0,9408.56558222199,0.0,0,20,3780
12570.0,9408.56558222199,0.0,0,20,3780
12571.0,9408.56558222199,0.0,0,20,3780
12572.0,9408.56558222199,0.0,0,20,3780
12573.0,9408.56558222199,0.0,0,20,3780
12574.0,9408.56558222199,0.0,0,20,3780
12575.0,9408.56558222199,0.0,0,20,3780
12576.0,9408.56558222199,0.0,0,20,3780
12577.0,9408.56558222199,0.0,0,20,3780
12578.0,9408.56558222199,0.0,0,20,3780
12579.0,9408.56558222199,0.0,0,20,3780
12580.0,9408.56558222199,0.0,0,20,3780
12581.0,9408.56558222199,0.0,0,20,3780
12582.0,9408.56558222199,0.0,0,20,3780
12583.0,9408.56558222199,0.0,0,20,3780
12584.0,9408.56558222199,0.0,0,20,3780
12585.0,9408.56558222199,0.0,0,20,3780
12586.0,9408.56558222199,0.0,0,20,3780
12587.0,9408.56558222199,0.0,0,20,3780
12588.0,9408.56558222199,0.0,0,20,3780
12589.0,9408.56558222199,0.0,0,20,3780
12590.0,9408.56558222199,0.0,0,20,3780
12591.0,9408.56558222199,0.0,0,20,3780
12592.0,9408.56558222199,0.0,0,20,3780
12593.0,9408.56558222199,0.0,0,20,3780
12594.0,9408.56558222199,0.0,0,20,3780
12595.0,9408.56558222199,0.0,0,20,3780
12596.0,9408.56558222199,0.0,0,20,3780
12597.0,9408.56558222199,0.0,0,20,3780
12598.0,9408.56558222199,0.0,0,20,3780
12599.0,9408.56558222199,0.0,0,20,3780
12600.0,9408.56558222199,0.0,0,20,3780
12601.0,9408.56558222199,0.0,0,20,3780
12602.0,9408.56558222199,0.0,0,20,3780
12603.0,9408.56558222199,0.0,0,20,3780
12604.0,9408.56558222199,0.0,0,20,3780
12605.0,9408.56558222199,0.0,0,20,3780
12606.0,9408.56558222199,0.0,0,20,3780
12607.0,9408.56558222199,0.0,0,20,3780
12608.0,9408.56558222199,0.0,0,20,3780
12609.0,9408.56558222199,0.0,0,20,3780
12610.0,9408.56558222199,0.0,0,20,3780
12611.0,9408.56558222199,0.0,0,20,3780
12612.0,9408.56558222199,0.0,0,20,3780
12613.0,9408.56558222199,0.0,0,20,3780
12614.0,9408.56558222199,0.0,0,20,3780
12615.0,9408.56558222199,0.0,0,20,3780
12616.0,9408.56558222199,0.0,0,20,3780
12617.0,9408.56558222199,0.0,0,20,3780
12618.0,9408.56558222199,0.0,0,20,3780
12619.0,9408.56558222199,0.0,0,20,3780
12620.0,9408.56558222199,0.0,0,20,3780
12621.0,9408.56558222199,0.0,0,20,3780
12622.0,9408.56558222199,0.0,0,20,3780
12623.0,9408.56558222199,0.0,0,20,3780
12624.0,9408.56558222199,0.0,0,20,3780
12625.0,9408.56558222199,0.0,0,20,3780
12626.0,9408.56558222199,0.0,0,20,3780
12627.0,9408.56558222199,0.0,0,20,3780
12628.0,9408.56558222199,0.0,0,20,3780
12629.0,9408.56558222199,0.0,0,20,3780
12630.0,9408.56558222199,0.0,0,20,3780
12631.0,9408.56558222199,0.0,0,20,3780
12632.0,9408.56558222199,0.0,0,20,3780
12633.0,9408.56558222199,0.0,0,20,3780
12634.0,9408.56558222199,0.0,0,20,3780
12635.0,9408.56558222199,0.0,0,20,3780
12636.0,9408.56558222199,0.0,0,20,3780
12637.0,9408.56558222199,0.0,0,20,3780
12638.0,9408.56558222199,0.0,0,20,3780
12639.0,9408.56558222199,0.0,0,20,3780
12640.0,9408.56558222199,0.0,0,20,3780
12641.0,9408.56558222199,0.0,0,20,3780
12642.0,9408.56558222199,0.0,0,20,3780
12643.0,9408.56558222199,0.0,0,20,3780
12644.0,9408.56558222199,0.0,0,20,3780
12645.0,9408.56558222199,0.0,0,20,3780
12646.0,9408.56558222199,0.0,0,20,3780
12647.0,9408.56558222199,0.0,0,20,3780
12648.0,9408.56558222199,0.0,0,20,3780
12649.0,9408.56558222199,0.0,0,20,3780
12650.0,9408.56558222199,0.0,0,20,3780
12651.0,9408.56558222199,0.0,0,20,3780
12652.0,9408.56558222199,0.0,0,20,3780
12653.0,9408.56558222199,0.0,0,20,3780
12654.0,9408.56558222199,0.0,0,20,3780
12655.0,9408.56558222199,0.0,0,20,3780
12656.0,9408.56558222199,0.0,0,20,3780
12657.0,9408.56558222199,0.0,0,20,3780
12658.0,9408.56558222199,0.0,0,20,3780
12659.0,9408.56558222199,0.0,0,20,3780
12660.0,9408.56558222199,0.0,0,20,3780
12661.0,9408.56558222199,0.0,0,20,3780
12662.0,9408.56558222199,0.0,0,20,3780
12663.0,9408.56558222199,0.0,0,20,3780
12664.0,9408.56558222199,0.0,0,20,3780
12665.0,9408.56558222199,0.0,0,20,3780
12666.0,9408.56558222199,0.0,0,20,3780
12667.0,9408.56558222199,0.0,0,20,3780
12668.0,9408.56558222199,0.0,0,20,3780
12669.0,9408.56558222199,0.0,0,20,3780
12670.0,9408.56558222199,0.0,0,20,3780
12671.0,9408.56558222199,0.0,0,20,3780
12672.0,9408.56558222199,0.0,0,20,3780
12673.0,9408.56558222199,0.0,0,20,3780
12674.0,9408.56558222199,0.0,0,20,3780
12675.0,9408.56558222199,0.0,0,20,3780
12676.0,9408.56558222199,0.0,0,20,3780
12677.0,9408.56558222199,0.0,0,20,3780
12678.0,9408.56558222199,0.0,0,20,3780
12679.0,9408.56558222199,0.0,0,20,3780
12680.0,9408.56558222199,0.0,0,20,3780
12681.0,9408.56558222199,0.0,0,20,3780
12682.0,9408.56558222199,0.0,0,20,3780
12683.0,9408.56558222199,0.0,0,20,3780
12684.0,9408.56558222199,0.0,0,20,3780
12685.0,9408.56558222199,0.0,0,20,3780
12686.0,9408.56558222199,0.0,0,20,3780
12687.0,9408.56558222199,0.0,0,20,3780
12688.0,9408.56558222199,0.0,0,20,3780
12689.0,9408.56558222199,0.0,0,20,3780
12690.0,9408.56558222199,0.0,0,20,3780
12691.0,9408.56558222199,0.0,0,20,3780
12692.0,9408.56558222199,0.0,0,20,3780
12693.0,9408.56558222199,0.0,0,20,3780
12694.0,9408.56558222199,0.0,0,20,3780
12695.0,9408.56558222199,0.0,0,20,3780
12696.0,9408.56558222199,0.0,0,20,3780
12697.0,9408.56558222199,0.0,0,20,3780
12698.0,9408.56558222199,0.0,0,20,3780
12699.0,9408.56558222199,0.0,0,20,3780
12700.0,9408.56558222199,0.0,0,20,3780
12701.0,9408.56558222199,0.0,0,20,3780
12702.0,9408.56558222199,0.0,0,20,3780
12703.0,9408.56558222199,0.0,0,20,3780
12704.0,9408.56558222199,0.0,0,20,3780
12705.0,9408.56558222199,0.0,0,20,3780
12706.0,9408.56558222199,0.0,0,20,3780
12707.0,9408.56558222199,0.0,0,20,3780
12708.0,9408.56558222199,0.0,0,20,3780
12709.0,9408.56558222199,0.0,0,20,3780
12710.0,9408.56558222199,0.0,0,20,3780
12711.0,9408.56558222199,0.0,0,20,3780
12712.0,9408.56558222199,0.0,0,20,3780
12713.0,9408.56558222199,0.0,0,20,3780
12714.0,9408.56558222199,0.0,0,20,3780
12715.0,9408.56558222199,0.0,0,20,3780
12716.0,9408.56558222199,0.0,0,20,3780
12717.0,9408.56558222199,0.0,0,20,3780
12718.0,9408.56558222199,0.0,0,20,3780
12719.0,9408.56558222199,0.0,0,20,3780
12720.0,9408.56558222199,0.0,0,20,3780
12721.0,9408.56558222199,0.0,0,20,3780
12722.0,9408.56558222199,0.0,0,20,3780
12723.0,9408.56558222199,0.0,0,20,3780
12724.0,9408.56558222199,0.0,0,20,3780
12725.0,9408.56558222199,0.0,0,20,3780
12726.0,9408.56558222199,0.0,0,20,3780
12727.0,9408.56558222199,0.0,0,20,3780
12728.0,9408.56558222199,0.0,0,20,3780
12729.0,9408.56558222199,0.0,0,20,3780
12730.0,9408.56558222199,0.0,0,20,3780
12731.0,9408.56558222199,0.0,0,20,3780
12732.0,9408.56558222199,0.0,0,20,3780
12733.0,9408.56558222199,0.0,0,20,3780
12734.0,9408.56558222199,0.0,0,20,3780
12735.0,9408.56558222199,0.0,0,20,3780
12736.0,9408.56558222199,0.0,0,20,3780
12737.0,9408.56558222199,0.0,0,20,3780
12738.0,9408.56558222199,0.0,0,20,3780
12739.0,9408.56558222199,0.0,0,20,3780
12740.0,9408.56558222199,0.0,0,20,3780
12741.0,9408.56558222199,0.0,0,20,3780
12742.0,9408.56558222199,0.0,0,20,3780
12743.0,9408.56558222199,0.0,0,20,3780
12744.0,9408.56558222199,0.0,0,20,3780
12745.0,9408.56558222199,0.0,0,20,3780
12746.0,9408.56558222199,0.0,0,20,3780
12747.0,9408.56558222199,0.0,0,20,3780
12748.0,9408.56558222199,0.0,0,20,3780
12749.0,9408.56558222199,0.0,0,20,3780
12750.0,9408.56558222199,0.0,0,20,3780
12751.0,9408.56558222199,0.0,0,20,3780
12752.0,9408.56558222199,0.0,0,20,3780
12753.0,9408.56558222199,0.0,0,20,3780
12754.0,9408.56558222199,0.0,0,20,3780
12755.0,9408.56558222199,0.0,0,20,3780
12756.0,9408.56558222199,0.0,0,20,3780
12757.0,9408.56558222199,0.0,0,20,3780
12758.0,9408.56558222199,0.0,0,20,3780
12759.0,9408.56558222199,0.0,0,20,3780
12760.0,9408.56558222199,0.0,0,20,3780
12761.0,9408.56558222199,0.0,0,20,3780
12762.0,9408.56558222199,0.0,0,20,3780
12763.0,9408.56558222199,0.0,0,20,3780
12764.0,9408.56558222199,0.0,0,20,3780
12765.0,9408.56558222199,0.0,0,20,3780
12766.0,9408.56558222199,0.0,0,20,3780
12767.0,9408.56558222199,0.0,0,20,3780
12768.0,9408.56558222199,0.0,0,20,3780
12769.0,9408.56558222199,0.0,0,20,3780
12770.0,9408.56558222199,0.0,0,20,3780
12771.0,9408.56558222199,0.0,0,20,3780
12772.0,9408.56558222199,0.0,0,20,3780
12773.0,9408.56558222199,0.0,0,20,3780
12774.0,9408.56558222199,0.0,0,20,3780
12775.0,9408.56558222199,0.0,0,20,3780
12776.0,9408.56558222199,0.0,0,20,3780
12777.0,9408.56558222199,0.0,0,20,3780
12778.0,9408.56558222199,0.0,0,20,3780
12779.0,9408.56558222199,0.0,0,20,3780
12780.0,9408.56558222199,0.0,0,20,3780
12781.0,9408.56558222199,0.0,0,20,3780
12782.0,9408.56558222199,0.0,0,20,3780
12783.0,9408.56558222199,0.0,0,20,3780
12784.0,9408.56558222199,0.0,0,20,3780
12785.0,9408.56558222199,0.0,0,20,3780
12786.0,9408.56558222199,0.0,0,20,3780
12787.0,9408.56558222199,0.0,0,20,3780
12788.0,9408.56558222199,0.0,0,20,3780
12789.0,9408.56558222199,0.0,0,20,3780
12790.0,9408.56558222199,0.0,0,20,3780
12791.0,9408.56558222199,0.0,0,20,3780
12792.0,9408.56558222199,0.0,0,20,3780
12793.0,9408.56558222199,0.0,0,20,3780
12794.0,9408.56558222199,0.0,0,20,3780
12795.0,9408.56558222199,0.0,0,20,3780
12796.0,9408.56558222199,0.0,0,20,3780
12797.0,9408.56558222199,0.0,0,20,3780
12798.0,9408.56558222199,0.0,0,20,3780
12799.0,9408.56558222199,0.0,0,20,3780
12800.0,9408.56558222199,0.0,0,20,3780
12801.0,9408.56558222199,0.0,0,20,3780
12802.0,9408.56558222199,0.0,0,20,3780
12803.0,9408.56558222199,0.0,0,20,3780
12804.0,9408.56558222199,0.0,0,20,3780
12805.0,9408.56558222199,0.0,0,20,3780
12806.0,9408.56558222199,0.0,0,20,3780
12807.0,9408.56558222199,0.0,0,20,3780
12808.0,9408.56558222199,0.0,0,20,3780
12809.0,9408.56558222199,0.0,0,20,3780
12810.0,9408.56558222199,0.0,0,20,3780
12811.0,9408.56558222199,0.0,0,20,3780
12812.0,9408.56558222199,0.0,0,20,3780
12813.0,9408.56558222199,0.0,0,20,3780
12814.0,9408.56558222199,0.0,0,20,3780
12815.0,9408.56558222199,0.0,0,20,3780
12816.0,9408.56558222199,0.0,0,20,3780
12817.0,9408.56558222199,0.0,0,20,3780
12818.0,9408.56558222199,0.0,0,20,3780
12819.0,9408.56558222199,0.0,0,20,3780
12820.0,9408.56558222199,0.0,0,20,3780
12821.0,9408.56558222199,0.0,0,20,3780
12822.0,9408.56558222199,0.0,0,20,3780
12823.0,9408.56558222199,0.0,0,20,3780
12824.0,9408.56558222199,0.0,0,20,3780
12825.0,9408.56558222199,0.0,0,20,3780
12826.0,9408.56558222199,0.0,0,20,3780
12827.0,9408.56558222199,0.0,0,20,3780
12828.0,9408.56558222199,0.0,0,20,3780
12829.0,9408.56558222199,0.0,0,20,3780
12830.0,9408.56558222199,0.0,0,20,3780
12831.0,9408.56558222199,0.0,0,20,3780
12832.0,9408.56558222199,0.0,0,20,3780
12833.0,9408.56558222199,0.0,0,20,3780
12834.0,9408.56558222199,0.0,0,20,3780
12835.0,9408.56558222199,0.0,0,20,3780
12836.0,9408.56558222199,0.0,0,20,3780
12837.0,9408.56558222199,0.0,0,20,3780
12838.0,9408.56558222199,0.0,0,20,3780
12839.0,9408.56558222199,0.0,0,20,3780
12840.0,9408.56558222199,0.0,0,20,3780
12841.0,9408.56558222199,0.0,0,20,3780
12842.0,9408.56558222199,0.0,0,20,3780
12843.0,9408.56558222199,0.0,0,20,3780
12844.0,9408.56558222199,0.0,0,20,3780
12845.0,9408.56558222199,0.0,0,20,3780
12846.0,9408.56558222199,0.0,0,20,3780
12847.0,9408.56558222199,0.0,0,20,3780
12848.0,9408.56558222199,0.0,0,20,3780
12849.0,9408.56558222199,0.0,0,20,3780
12850.0,9408.56558222199,0.0,0,20,3780
12851.0,9408.56558222199,0.0,0,20,3780
12852.0,9408.56558222199,0.0,0,20,3780
12853.0,9408.56558222199,0.0,0,20,3780
12854.0,9408.56558222199,0.0,0,20,3780
12855.0,9408.56558222199,0.0,0,20,3780
12856.0,9408.56558222199,0.0,0,20,3780
12857.0,9408.56558222199,0.0,0,20,3780
12858.0,9408.56558222199,0.0,0,20,3780
12859.0,9408.56558222199,0.0,0,20,3780
12860.0,9408.56558222199,0.0,0,20,3780
12861.0,9408.56558222199,0.0,0,20,3780
12862.0,9408.56558222199,0.0,0,20,3780
12863.0,9408.56558222199,0.0,0,20,3780
12864.0,9408.56558222199,0.0,0,20,3780
12865.0,9408.56558222199,0.0,0,20,3780
12866.0,9408.56558222199,0.0,0,20,3780
12867.0,9408.56558222199,0.0,0,20,3780
12868.0,9408.56558222199,0.0,0,20,3780
12869.0,9408.56558222199,0.0,0,20,3780
12870.0,9408.56558222199,0.0,0,20,3780
12871.0,9408.56558222199,0.0,0,20,3780
12872.0,9408.56558222199,0.0,0,20,3780
12873.0,9408.56558222199,0.0,0,20,3780
12874.0,9408.56558222199,0.0,0,20,3780
12875.0,9408.56558222199,0.0,0,20,3780
12876.0,9408.56558222199,0.0,0,20,3780
12877.0,9408.56558222199,0.0,0,20,3780
12878.0,9408.56558222199,0.0,0,20,3780
12879.0,9408.56558222199,0.0,0,20,3780
12880.0,9408.56558222199,0.0,0,20,3780
12881.0,9408.56558222199,0.0,0,20,3780
12882.0,9408.56558222199,0.0,0,20,3780
12883.0,9408.56558222199,0.0,0,20,3780
12884.0,9408.56558222199,0.0,0,20,3780
12885.0,9408.56558222199,0.0,0,20,3780
12886.0,9408.56558222199,0.0,0,20,3780
12887.0,9408.56558222199,0.0,0,20,3780
12888.0,9408.56558222199,0.0,0,20,3780
12889.0,9408.56558222199,0.0,0,20,3780
12890.0,9408.56558222199,0.0,0,20,3780
12891.0,9408.56558222199,0.0,0,20,3780
12892.0,9408.56558222199,0.0,0,20,3780
12893.0,9408.56558222199,0.0,0,20,3780
12894.0,9408.56558222199,0.0,0,20,3780
12895.0,9408.56558222199,0.0,0,20,3780
12896.0,9408.56558222199,0.0,0,20,3780
12897.0,9408.56558222199,0.0,0,20,3780
12898.0,9408.56558222199,0.0,0,20,3780
12899.0,9408.56558222199,0.0,0,20,3780
12900.0,9408.56558222199,0.0,0,20,3780
12901.0,9408.56558222199,0.0,0,20,3780
12902.0,9408.56558222199,0.0,0,20,3780
12903.0,9408.56558222199,0.0,0,20,3780
12904.0,9408.56558222199,0.0,0,20,3780
12905.0,9408.56558222199,0.0,0,20,3780
12906.0,9408.56558222199,0.0,0,20,3780
12907.0,9408.56558222199,0.0,0,20,3780
12908.0,9408.56558222199,0.0,0,20,3780
12909.0,9408.56558222199,0.0,0,20,3780
12910.0,9408.56558222199,0.0,0,20,3780
12911.0,9408.56558222199,0.0,0,20,3780
12912.0,9408.56558222199,0.0,0,20,3780
12913.0,9408.56558222199,0.0,0,20,3780
12914.0,9408.56558222199,0.0,0,20,3780
12915.0,9408.56558222199,0.0,0,20,3780
12916.0,9408.56558222199,0.0,0,20,3780
12917.0,9408.56558222199,0.0,0,20,3780
12918.0,9408.56558222199,0.0,0,20,3780
12919.0,9408.56558222199,0.0,0,20,3780
12920.0,9408.56558222199,0.0,0,20,3780
12921.0,9408.56558222199,0.0,0,20,3780
12922.0,9408.56558222199,0.0,0,20,3780
12923.0,9408.56558222199,0.0,0,20,3780
12924.0,9408.56558222199,0.0,0,20,3780
12925.0,9408.56558222199,0.0,0,20,3780
12926.0,9408.56558222199,0.0,0,20,3780
12927.0,9408.56558222199,0.0,0,20,3780
12928.0,9408.56558222199,0.0,0,20,3780
12929.0,9408.56558222199,0.0,0,20,3780
12930.0,9408.56558222199,0.0,0,20,3780
12931.0,9408.56558222199,0.0,0,20,3780
12932.0,9408.56558222199,0.0,0,20,3780
12933.0,9408.56558222199,0.0,0,20,3780
12934.0,9408.56558222199,0.0,0,20,3780
12935.0,9408.56558222199,0.0,0,20,3780
12936.0,9408.56558222199,0.0,0,20,3780
12937.0,9408.56558222199,0.0,0,20,3780
12938.0,9408.56558222199,0.0,0,20,3780
12939.0,9408.56558222199,0.0,0,20,3780
12940.0,9408.56558222199,0.0,0,20,3780
12941.0,9408.56558222199,0.0,0,20,3780
12942.0,9408.56558222199,0.0,0,20,3780
12943.0,9408.56558222199,0.0,0,20,3780
12944.0,9408.56558222199,0.0,0,20,3780
12945.0,9408.56558222199,0.0,0,20,3780
12946.0,9408.56558222199,0.0,0,20,3780
12947.0,9408.56558222199,0.0,0,20,3780
12948.0,9408.56558222199,0.0,0,20,3780
12949.0,9408.56558222199,0.0,0,20,3780
12950.0,9408.56558222199,0.0,0,20,3780
12951.0,9408.56558222199,0.0,0,20,3780
12952.0,9408.56558222199,0.0,0,20,3780
12953.0,9408.56558222199,0.0,0,20,3780
12954.0,9408.56558222199,0.0,0,20,3780
12955.0,9408.56558222199,0.0,0,20,3780
12956.0,9408.56558222199,0.0,0,20,3780
12957.0,9408.56558222199,0.0,0,20,3780
12958.0,9408.56558222199,0.0,0,20,3780
12959.0,9408.56558222199,0.0,0,20,3780
12960.0,9408.56558222199,0.0,0,20,3780
12961.0,9408.56558222199,0.0,0,20,3780
12962.0,9408.56558222199,0.0,0,20,3780
12963.0,9408.56558222199,0.0,0,20,3780
12964.0,9408.56558222199,0.0,0,20,3780
12965.0,9408.56558222199,0.0,0,20,3780
12966.0,9408.56558222199,0.0,0,20,3780
12967.0,9408.56558222199,0.0,0,20,3780
12968.0,9408.56558222199,0.0,0,20,3780
12969.0,9408.56558222199,0.0,0,20,3780
12970.0,9408.56558222199,0.0,0,20,3780
12971.0,9408.56558222199,0.0,0,20,3780
12972.0,9408.56558222199,0.0,0,20,3780
12973.0,9408.56558222199,0.0,0,20,3780
12974.0,9408.56558222199,0.0,0,20,3780
12975.0,9408.56558222199,0.0,0,20,3780
12976.0,9408.56558222199,0.0,0,20,3780
12977.0,9408.56558222199,0.0,0,20,3780
12978.0,9408.56558222199,0.0,0,20,3780
12979.0,9408.56558222199,0.0,0,20,3780
12980.0,9408.56558222199,0.0,0,20,3780
12981.0,9408.56558222199,0.0,0,20,3780
12982.0,9408.56558222199,0.0,0,20,3780
12983.0,9408.56558222199,0.0,0,20,3780
12984.0,9408.56558222199,0.0,0,20,3780
12985.0,9408.56558222199,0.0,0,20,3780
12986.0,9408.56558222199,0.0,0,20,3780
12987.0,9408.56558222199,0.0,0,20,3780
12988.0,9408.56558222199,0.0,0,20,3780
12989.0,9408.56558222199,0.0,0,20,3780
12990.0,9408.56558222199,0.0,0,20,3780
12991.0,9408.56558222199,0.0,0,20,3780
12992.0,9408.56558222199,0.0,0,20,3780
12993.0,9408.56558222199,0.0,0,20,3780
12994.0,9408.56558222199,0.0,0,20,3780
12995.0,9408.56558222199,0.0,0,20,3780
12996.0,9408.56558222199,0.0,0,20,3780
12997.0,9408.56558222199,0.0,0,20,3780
12998.0,9408.56558222199,0.0,0,20,3780
12999.0,9408.56558222199,0.0,0,20,3780
13000.0,9408.56558222199,0.0,0,20,3780
13001.0,9408.56558222199,0.0,0,20,3780
13002.0,9408.56558222199,0.0,0,20,3780
13003.0,9408.56558222199,0.0,0,20,3780
13004.0,9408.56558222199,0.0,0,20,3780
13005.0,9408.56558222199,0.0,0,20,3780
13006.0,9408.56558222199,0.0,0,20,3780
13007.0,9408.56558222199,0.0,0,20,3780
13008.0,9408.56558222199,0.0,0,20,3780
13009.0,9408.56558222199,0.0,0,20,3780
13010.0,9408.56558222199,0.0,0,20,3780
13011.0,9408.56558222199,0.0,0,20,3780
13012.0,9408.56558222199,0.0,0,20,3780
13013.0,9408.56558222199,0.0,0,20,3780
13014.0,9408.56558222199,0.0,0,20,3780
13015.0,9408.56558222199,0.0,0,20,3780
13016.0,9408.56558222199,0.0,0,20,3780
13017.0,9408.56558222199,0.0,0,20,3780
13018.0,9408.56558222199,0.0,0,20,3780
13019.0,9408.56558222199,0.0,0,20,3780
13020.0,9408.56558222199,0.0,0,20,3780
13021.0,9408.56558222199,0.0,0,20,3780
13022.0,9408.56558222199,0.0,0,20,3780
13023.0,9408.56558222199,0.0,0,20,3780
13024.0,9408.56558222199,0.0,0,20,3780
13025.0,9408.56558222199,0.0,0,20,3780
13026.0,9408.56558222199,0.0,0,20,3780
13027.0,9408.56558222199,0.0,0,20,3780
13028.0,9408.56558222199,0.0,0,20,3780
13029.0,9408.56558222199,0.0,0,20,3780
13030.0,9408.56558222199,0.0,0,20,3780
13031.0,9408.56558222199,0.0,0,20,3780
13032.0,9408.56558222199,0.0,0,20,3780
13033.0,9408.56558222199,0.0,0,20,3780
13034.0,9408.56558222199,0.0,0,20,3780
13035.0,9408.56558222199,0.0,0,20,3780
13036.0,9408.56558222199,0.0,0,20,3780
13037.0,9408.56558222199,0.0,0,20,3780
13038.0,9408.56558222199,0.0,0,20,3780
13039.0,9408.56558222199,0.0,0,20,3780
13040.0,9408.56558222199,0.0,0,20,3780
13041.0,9408.56558222199,0.0,0,20,3780
13042.0,9408.56558222199,0.0,0,20,3780
13043.0,9408.56558222199,0.0,0,20,3780
13044.0,9408.56558222199,0.0,0,20,3780
13045.0,9408.56558222199,0.0,0,20,3780
13046.0,9408.56558222199,0.0,0,20,3780
13047.0,9408.56558222199,0.0,0,20,3780
13048.0,9408.56558222199,0.0,0,20,3780
13049.0,9408.56558222199,0.0,0,20,3780
13050.0,9408.56558222199,0.0,0,20,3780
13051.0,9408.56558222199,0.0,0,20,3780
13052.0,9408.56558222199,0.0,0,20,3780
13053.0,9408.56558222199,0.0,0,20,3780
13054.0,9408.56558222199,0.0,0,20,3780
13055.0,9408.56558222199,0.0,0,20,3780
13056.0,9408.56558222199,0.0,0,20,3780
13057.0,9408.56558222199,0.0,0,20,3780
13058.0,9408.56558222199,0.0,0,20,3780
13059.0,9408.56558222199,0.0,0,20,3780
13060.0,9408.56558222199,0.0,0,20,3780
13061.0,9408.56558222199,0.0,0,20,3780
13062.0,9408.56558222199,0.0,0,20,3780
13063.0,9408.56558222199,0.0,0,20,3780
13064.0,9408.56558222199,0.0,0,20,3780
13065.0,9408.56558222199,0.0,0,20,3780
13066.0,9408.56558222199,0.0,0,20,3780
13067.0,9408.56558222199,0.0,0,20,3780
13068.0,9408.56558222199,0.0,0,20,3780
13069.0,9408.56558222199,0.0,0,20,3780
13070.0,9408.56558222199,0.0,0,20,3780
13071.0,9408.56558222199,0.0,0,20,3780
13072.0,9408.56558222199,0.0,0,20,3780
13073.0,9408.56558222199,0.0,0,20,3780
13074.0,9408.56558222199,0.0,0,20,3780
13075.0,9408.56558222199,0.0,0,20,3780
13076.0,9408.56558222199,0.0,0,20,3780
13077.0,9408.56558222199,0.0,0,20,3780
13078.0,9408.56558222199,0.0,0,20,3780
13079.0,9408.56558222199,0.0,0,20,3780
13080.0,9408.56558222199,0.0,0,20,3780
13081.0,9408.56558222199,0.0,0,20,3780
13082.0,9408.56558222199,0.0,0,20,3780
13083.0,9408.56558222199,0.0,0,20,3780
13084.0,9408.56558222199,0.0,0,20,3780
13085.0,9408.56558222199,0.0,0,20,3780
13086.0,9408.56558222199,0.0,0,20,3780
13087.0,9408.56558222199,0.0,0,20,3780
13088.0,9408.56558222199,0.0,0,20,3780
13089.0,9408.56558222199,0.0,0,20,3780
13090.0,9408.56558222199,0.0,0,20,3780
13091.0,9408.56558222199,0.0,0,20,3780
13092.0,9408.56558222199,0.0,0,20,3780
13093.0,9408.56558222199,0.0,0,20,3780
13094.0,9408.56558222199,0.0,0,20,3780
13095.0,9408.56558222199,0.0,0,20,3780
13096.0,9408.56558222199,0.0,0,20,3780
13097.0,9408.56558222199,0.0,0,20,3780
13098.0,9408.56558222199,0.0,0,20,3780
13099.0,9408.56558222199,0.0,0,20,3780
13100.0,9408.56558222199,0.0,0,20,3780
13101.0,9408.56558222199,0.0,0,20,3780
13102.0,9408.56558222199,0.0,0,20,3780
13103.0,9408.56558222199,0.0,0,20,3780
13104.0,9408.56558222199,0.0,0,20,3780
13105.0,9408.56558222199,0.0,0,20,3780
13106.0,9408.56558222199,0.0,0,20,3780
13107.0,9408.56558222199,0.0,0,20,3780
13108.0,9408.56558222199,0.0,0,20,3780
13109.0,9408.56558222199,0.0,0,20,3780
13110.0,9408.56558222199,0.0,0,20,3780
13111.0,9408.56558222199,0.0,0,20,3780
13112.0,9408.56558222199,0.0,0,20,3780
13113.0,9408.56558222199,0.0,0,20,3780
13114.0,9408.56558222199,0.0,0,20,3780
13115.0,9408.56558222199,0.0,0,20,3780
13116.0,9408.56558222199,0.0,0,20,3780
13117.0,9408.56558222199,0.0,0,20,3780
13118.0,9408.56558222199,0.0,0,20,3780
13119.0,9408.56558222199,0.0,0,20,3780
13120.0,9408.56558222199,0.0,0,20,3780
13121.0,9408.56558222199,0.0,0,20,3780
13122.0,9408.56558222199,0.0,0,20,3780
13123.0,9408.56558222199,0.0,0,20,3780
13124.0,9408.56558222199,0.0,0,20,3780
13125.0,9408.56558222199,0.0,0,20,3780
13126.0,9408.56558222199,0.0,0,20,3780
13127.0,9408.56558222199,0.0,0,20,3780
13128.0,9408.56558222199,0.0,0,20,3780
13129.0,9408.56558222199,0.0,0,20,3780
13130.0,9408.56558222199,0.0,0,20,3780
13131.0,9408.56558222199,0.0,0,20,3780
13132.0,9408.56558222199,0.0,0,20,3780
13133.0,9408.56558222199,0.0,0,20,3780
13134.0,9408.56558222199,0.0,0,20,3780
13135.0,9408.56558222199,0.0,0,20,3780
13136.0,9408.56558222199,0.0,0,20,3780
13137.0,9408.56558222199,0.0,0,20,3780
13138.0,9408.56558222199,0.0,0,20,3780
13139.0,9408.56558222199,0.0,0,20,3780
13140.0,9408.56558222199,0.0,0,20,3780
13141.0,9408.56558222199,0.0,0,20,3780
13142.0,9408.56558222199,0.0,0,20,3780
13143.0,9408.56558222199,0.0,0,20,3780
13144.0,9408.56558222199,0.0,0,20,3780
13145.0,9408.56558222199,0.0,0,20,3780
13146.0,9408.56558222199,0.0,0,20,3780
13147.0,9408.56558222199,0.0,0,20,3780
13148.0,9408.56558222199,0.0,0,20,3780
13149.0,9408.56558222199,0.0,0,20,3780
13150.0,9408.56558222199,0.0,0,20,3780
13151.0,9408.56558222199,0.0,0,20,3780
13152.0,9408.56558222199,0.0,0,20,3780
13153.0,9408.56558222199,0.0,0,20,3780
13154.0,9408.56558222199,0.0,0,20,3780
13155.0,9408.56558222199,0.0,0,20,3780
13156.0,9408.56558222199,0.0,0,20,3780
13157.0,9408.56558222199,0.0,0,20,3780
13158.0,9408.56558222199,0.0,0,20,3780
13159.0,9408.56558222199,0.0,0,20,3780
13160.0,9408.56558222199,0.0,0,20,3780
13161.0,9408.56558222199,0.0,0,20,3780
13162.0,9408.56558222199,0.0,0,20,3780
13163.0,9408.56558222199,0.0,0,20,3780
13164.0,9408.56558222199,0.0,0,20,3780
13165.0,9408.56558222199,0.0,0,20,3780
13166.0,9408.56558222199,0.0,0,20,3780
13167.0,9408.56558222199,0.0,0,20,3780
13168.0,9408.56558222199,0.0,0,20,3780
13169.0,9408.56558222199,0.0,0,20,3780
13170.0,9408.56558222199,0.0,0,20,3780
13171.0,9408.56558222199,0.0,0,20,3780
13172.0,9408.56558222199,0.0,0,20,3780
13173.0,9408.56558222199,0.0,0,20,3780
13174.0,9408.56558222199,0.0,0,20,3780
13175.0,9408.56558222199,0.0,0,20,3780
13176.0,9408.56558222199,0.0,0,20,3780
13177.0,9408.56558222199,0.0,0,20,3780
13178.0,9408.56558222199,0.0,0,20,3780
13179.0,9408.56558222199,0.0,0,20,3780
13180.0,9408.56558222199,0.0,0,20,3780
13181.0,9408.56558222199,0.0,0,20,3780
13182.0,9408.56558222199,0.0,0,20,3780
13183.0,9408.56558222199,0.0,0,20,3780
13184.0,9408.56558222199,0.0,0,20,3780
13185.0,9408.56558222199,0.0,0,20,3780
13186.0,9408.56558222199,0.0,0,20,3780
13187.0,9408.56558222199,0.0,0,20,3780
13188.0,9408.56558222199,0.0,0,20,3780
13189.0,9408.56558222199,0.0,0,20,3780
13190.0,9408.56558222199,0.0,0,20,3780
13191.0,9408.56558222199,0.0,0,20,3780
13192.0,9408.56558222199,0.0,0,20,3780
13193.0,9408.56558222199,0.0,0,20,3780
13194.0,9408.56558222199,0.0,0,20,3780
13195.0,9408.56558222199,0.0,0,20,3780
13196.0,9408.56558222199,0.0,0,20,3780
13197.0,9408.56558222199,0.0,0,20,3780
13198.0,9408.56558222199,0.0,0,20,3780
13199.0,9408.56558222199,0.0,0,20,3780
13200.0,9408.56558222199,0.0,0,20,3780
13201.0,9408.56558222199,0.0,0,20,3780
13202.0,9408.56558222199,0.0,0,20,3780
13203.0,9408.56558222199,0.0,0,20,3780
13204.0,9408.56558222199,0.0,0,20,3780
13205.0,9408.56558222199,0.0,0,20,3780
13206.0,9408.56558222199,0.0,0,20,3780
13207.0,9408.56558222199,0.0,0,20,3780
13208.0,9408.56558222199,0.0,0,20,3780
13209.0,9408.56558222199,0.0,0,20,3780
13210.0,9408.56558222199,0.0,0,20,3780
13211.0,9408.56558222199,0.0,0,20,3780
13212.0,9408.56558222199,0.0,0,20,3780
13213.0,9408.56558222199,0.0,0,20,3780
13214.0,9408.56558222199,0.0,0,20,3780
13215.0,9408.56558222199,0.0,0,20,3780
13216.0,9408.56558222199,0.0,0,20,3780
13217.0,9408.56558222199,0.0,0,20,3780
13218.0,9408.56558222199,0.0,0,20,3780
13219.0,9408.56558222199,0.0,0,20,3780
13220.0,9408.56558222199,0.0,0,20,3780
13221.0,9408.56558222199,0.0,0,20,3780
13222.0,9408.56558222199,0.0,0,20,3780
13223.0,9408.56558222199,0.0,0,20,3780
13224.0,9408.56558222199,0.0,0,20,3780
13225.0,9408.56558222199,0.0,0,20,3780
13226.0,9408.56558222199,0.0,0,20,3780
13227.0,9408.56558222199,0.0,0,20,3780
13228.0,9408.56558222199,0.0,0,20,3780
13229.0,9408.56558222199,0.0,0,20,3780
13230.0,9408.56558222199,0.0,0,20,3780
13231.0,9408.56558222199,0.0,0,20,3780
13232.0,9408.56558222199,0.0,0,20,3780
13233.0,9408.56558222199,0.0,0,20,3780
13234.0,9408.56558222199,0.0,0,20,3780
13235.0,9408.56558222199,0.0,0,20,3780
13236.0,9408.56558222199,0.0,0,20,3780
13237.0,9408.56558222199,0.0,0,20,3780
13238.0,9408.56558222199,0.0,0,20,3780
13239.0,9408.56558222199,0.0,0,20,3780
13240.0,9408.56558222199,0.0,0,20,3780
13241.0,9408.56558222199,0.0,0,20,3780
13242.0,9408.56558222199,0.0,0,20,3780
13243.0,9408.56558222199,0.0,0,20,3780
13244.0,9408.56558222199,0.0,0,20,3780
13245.0,9408.56558222199,0.0,0,20,3780
13246.0,9408.56558222199,0.0,0,20,3780
13247.0,9408.56558222199,0.0,0,20,3780
13248.0,9408.56558222199,0.0,0,20,3780
13249.0,9408.56558222199,0.0,0,20,3780
13250.0,9408.56558222199,0.0,0,20,3780
13251.0,9408.56558222199,0.0,0,20,3780
13252.0,9408.56558222199,0.0,0,20,3780
13253.0,9408.56558222199,0.0,0,20,3780
13254.0,9408.56558222199,0.0,0,20,3780
13255.0,9408.56558222199,0.0,0,20,3780
13256.0,9408.56558222199,0.0,0,20,3780
13257.0,9408.56558222199,0.0,0,20,3780
13258.0,9408.56558222199,0.0,0,20,3780
13259.0,9408.56558222199,0.0,0,20,3780
13260.0,9408.56558222199,0.0,0,20,3780
13261.0,9408.56558222199,0.0,0,20,3780
13262.0,9408.56558222199,0.0,0,20,3780
13263.0,9408.56558222199,0.0,0,20,3780
13264.0,9408.56558222199,0.0,0,20,3780
13265.0,9408.56558222199,0.0,0,20,3780
13266.0,9408.56558222199,0.0,0,20,3780
13267.0,9408.56558222199,0.0,0,20,3780
13268.0,9408.56558222199,0.0,0,20,3780
13269.0,9408.56558222199,0.0,0,20,3780
13270.0,9408.56558222199,0.0,0,20,3780
13271.0,9408.56558222199,0.0,0,20,3780
13272.0,9408.56558222199,0.0,0,20,3780
13273.0,9408.56558222199,0.0,0,20,3780
13274.0,9408.56558222199,0.0,0,20,3780
13275.0,9408.56558222199,0.0,0,20,3780
13276.0,9408.56558222199,0.0,0,20,3780
13277.0,9408.56558222199,0.0,0,20,3780
13278.0,9408.56558222199,0.0,0,20,3780
13279.0,9408.56558222199,0.0,0,20,3780
13280.0,9408.56558222199,0.0,0,20,3780
13281.0,9408.56558222199,0.0,0,20,3780
13282.0,9408.56558222199,0.0,0,20,3780
13283.0,9408.56558222199,0.0,0,20,3780
13284.0,9408.56558222199,0.0,0,20,3780
13285.0,9408.56558222199,0.0,0,20,3780
13286.0,9408.56558222199,0.0,0,20,3780
13287.0,9408.56558222199,0.0,0,20,3780
13288.0,9408.56558222199,0.0,0,20,3780
13289.0,9408.56558222199,0.0,0,20,3780
13290.0,9408.56558222199,0.0,0,20,3780
13291.0,9408.56558222199,0.0,0,20,3780
13292.0,9408.56558222199,0.0,0,20,3780
13293.0,9408.56558222199,0.0,0,20,3780
13294.0,9408.56558222199,0.0,0,20,3780
13295.0,9408.56558222199,0.0,0,20,3780
13296.0,9408.56558222199,0.0,0,20,3780
13297.0,9408.56558222199,0.0,0,20,3780
13298.0,9408.56558222199,0.0,0,20,3780
13299.0,9408.56558222199,0.0,0,20,3780
13300.0,9408.56558222199,0.0,0,20,3780
13301.0,9408.56558222199,0.0,0,20,3780
13302.0,9408.56558222199,0.0,0,20,3780
13303.0,9408.56558222199,0.0,0,20,3780
13304.0,9408.56558222199,0.0,0,20,3780
13305.0,9408.56558222199,0.0,0,20,3780
13306.0,9408.56558222199,0.0,0,20,3780
13307.0,9408.56558222199,0.0,0,20,3780
13308.0,9408.56558222199,0.0,0,20,3780
13309.0,9408.56558222199,0.0,0,20,3780
13310.0,9408.56558222199,0.0,0,20,3780
13311.0,9408.56558222199,0.0,0,20,3780
13312.0,9408.56558222199,0.0,0,20,3780
13313.0,9408.56558222199,0.0,0,20,3780
13314.0,9408.56558222199,0.0,0,20,3780
13315.0,9408.56558222199,0.0,0,20,3780
13316.0,9408.56558222199,0.0,0,20,3780
13317.0,9408.56558222199,0.0,0,20,3780
13318.0,9408.56558222199,0.0,0,20,3780
13319.0,9408.56558222199,0.0,0,20,3780
13320.0,9408.56558222199,0.0,0,20,3780
13321.0,9408.56558222199,0.0,0,20,3780
13322.0,9408.56558222199,0.0,0,20,3780
13323.0,9408.56558222199,0.0,0,20,3780
13324.0,9408.56558222199,0.0,0,20,3780
13325.0,9408.56558222199,0.0,0,20,3780
13326.0,9408.56558222199,0.0,0,20,3780
13327.0,9408.56558222199,0.0,0,20,3780
13328.0,9408.56558222199,0.0,0,20,3780
13329.0,9408.56558222199,0.0,0,20,3780
13330.0,9408.56558222199,0.0,0,20,3780
13331.0,9408.56558222199,0.0,0,20,3780
13332.0,9408.56558222199,0.0,0,20,3780
13333.0,9408.56558222199,0.0,0,20,3780
13334.0,9408.56558222199,0.0,0,20,3780
13335.0,9408.56558222199,0.0,0,20,3780
13336.0,9408.56558222199,0.0,0,20,3780
13337.0,9408.56558222199,0.0,0,20,3780
13338.0,9408.56558222199,0.0,0,20,3780
13339.0,9408.56558222199,0.0,0,20,3780
13340.0,9408.56558222199,0.0,0,20,3780
13341.0,9408.56558222199,0.0,0,20,3780
13342.0,9408.56558222199,0.0,0,20,3780
13343.0,9408.56558222199,0.0,0,20,3780
13344.0,9408.56558222199,0.0,0,20,3780
13345.0,9408.56558222199,0.0,0,20,3780
13346.0,9408.56558222199,0.0,0,20,3780
13347.0,9408.56558222199,0.0,0,20,3780
13348.0,9408.56558222199,0.0,0,20,3780
13349.0,9408.56558222199,0.0,0,20,3780
13350.0,9408.56558222199,0.0,0,20,3780
13351.0,9408.56558222199,0.0,0,20,3780
13352.0,9408.56558222199,0.0,0,20,3780
13353.0,9408.56558222199,0.0,0,20,3780
13354.0,9408.56558222199,0.0,0,20,3780
13355.0,9408.56558222199,0.0,0,20,3780
13356.0,9408.56558222199,0.0,0,20,3780
13357.0,9408.56558222199,0.0,0,20,3780
13358.0,9408.56558222199,0.0,0,20,3780
13359.0,9408.56558222199,0.0,0,20,3780
13360.0,9408.56558222199,0.0,0,20,3780
13361.0,9408.56558222199,0.0,0,20,3780
13362.0,9408.56558222199,0.0,0,20,3780
13363.0,9408.56558222199,0.0,0,20,3780
13364.0,9408.56558222199,0.0,0,20,3780
13365.0,9408.56558222199,0.0,0,20,3780
13366.0,9408.56558222199,0.0,0,20,3780
13367.0,9408.56558222199,0.0,0,20,3780
13368.0,9408.56558222199,0.0,0,20,3780
13369.0,9408.56558222199,0.0,0,20,3780
13370.0,9408.56558222199,0.0,0,20,3780
13371.0,9408.56558222199,0.0,0,20,3780
13372.0,9408.56558222199,0.0,0,20,3780
13373.0,9408.56558222199,0.0,0,20,3780
13374.0,9408.56558222199,0.0,0,20,3780
13375.0,9408.56558222199,0.0,0,20,3780
13376.0,9408.56558222199,0.0,0,20,3780
13377.0,9408.56558222199,0.0,0,20,3780
13378.0,9408.56558222199,0.0,0,20,3780
13379.0,9408.56558222199,0.0,0,20,3780
13380.0,9408.56558222199,0.0,0,20,3780
13381.0,9408.56558222199,0.0,0,20,3780
13382.0,9408.56558222199,0.0,0,20,3780
13383.0,9408.56558222199,0.0,0,20,3780
13384.0,9408.56558222199,0.0,0,20,3780
13385.0,9408.56558222199,0.0,0,20,3780
13386.0,9408.56558222199,0.0,0,20,3780
13387.0,9408.56558222199,0.0,0,20,3780
13388.0,9408.56558222199,0.0,0,20,3780
13389.0,9408.56558222199,0.0,0,20,3780
13390.0,9408.56558222199,0.0,0,20,3780
13391.0,9408.56558222199,0.0,0,20,3780
13392.0,9408.56558222199,0.0,0,20,3780
13393.0,9408.56558222199,0.0,0,20,3780
13394.0,9408.56558222199,0.0,0,20,3780
13395.0,9408.56558222199,0.0,0,20,3780
13396.0,9408.56558222199,0.0,0,20,3780
13397.0,9408.56558222199,0.0,0,20,3780
13398.0,9408.56558222199,0.0,0,20,3780
13399.0,9408.56558222199,0.0,0,20,3780
13400.0,9408.56558222199,0.0,0,20,3780
13401.0,9408.56558222199,0.0,0,20,3780
13402.0,9408.56558222199,0.0,0,20,3780
13403.0,9408.56558222199,0.0,0,20,3780
13404.0,9408.56558222199,0.0,0,20,3780
13405.0,9408.56558222199,0.0,0,20,3780
13406.0,9408.56558222199,0.0,0,20,3780
13407.0,9408.56558222199,0.0,0,20,3780
13408.0,9408.56558222199,0.0,0,20,3780
13409.0,9408.56558222199,0.0,0,20,3780
13410.0,9408.56558222199,0.0,0,20,3780
13411.0,9408.56558222199,0.0,0,20,3780
13412.0,9408.56558222199,0.0,0,20,3780
13413.0,9408.56558222199,0.0,0,20,3780
13414.0,9408.56558222199,0.0,0,20,3780
13415.0,9408.56558222199,0.0,0,20,3780
13416.0,9408.56558222199,0.0,0,20,3780
13417.0,9408.56558222199,0.0,0,20,3780
13418.0,9408.56558222199,0.0,0,20,3780
13419.0,9408.56558222199,0.0,0,20,3780
13420.0,9408.56558222199,0.0,0,20,3780
13421.0,9408.56558222199,0.0,0,20,3780
13422.0,9408.56558222199,0.0,0,20,3780
13423.0,9408.56558222199,0.0,0,20,3780
13424.0,9408.56558222199,0.0,0,20,3780
13425.0,9408.56558222199,0.0,0,20,3780
13426.0,9408.56558222199,0.0,0,20,3780
13427.0,9408.56558222199,0.0,0,20,3780
13428.0,9408.56558222199,0.0,0,20,3780
13429.0,9408.56558222199,0.0,0,20,3780
13430.0,9408.56558222199,0.0,0,20,3780
13431.0,9408.56558222199,0.0,0,20,3780
13432.0,9408.56558222199,0.0,0,20,3780
13433.0,9408.56558222199,0.0,0,20,3780
13434.0,9408.56558222199,0.0,0,20,3780
13435.0,9408.56558222199,0.0,0,20,3780
13436.0,9408.56558222199,0.0,0,20,3780
13437.0,9408.56558222199,0.0,0,20,3780
13438.0,9408.56558222199,0.0,0,20,3780
13439.0,9408.56558222199,0.0,0,20,3780
13440.0,9408.56558222199,0.0,0,20,3780
13441.0,9408.56558222199,0.0,0,20,3780
13442.0,9408.56558222199,0.0,0,20,3780
13443.0,9408.56558222199,0.0,0,20,3780
13444.0,9408.56558222199,0.0,0,20,3780
13445.0,9408.56558222199,0.0,0,20,3780
13446.0,9408.56558222199,0.0,0,20,3780
13447.0,9408.56558222199,0.0,0,20,3780
13448.0,9408.56558222199,0.0,0,20,3780
13449.0,9408.56558222199,0.0,0,20,3780
13450.0,9408.56558222199,0.0,0,20,3780
13451.0,9408.56558222199,0.0,0,20,3780
13452.0,9408.56558222199,0.0,0,20,3780
13453.0,9408.56558222199,0.0,0,20,3780
13454.0,9408.56558222199,0.0,0,20,3780
13455.0,9408.56558222199,0.0,0,20,3780
13456.0,9408.56558222199,0.0,0,20,3780
13457.0,9408.56558222199,0.0,0,20,3780
13458.0,9408.56558222199,0.0,0,20,3780
13459.0,9408.56558222199,0.0,0,20,3780
13460.0,9408.56558222199,0.0,0,20,3780
13461.0,9408.56558222199,0.0,0,20,3780
13462.0,9408.56558222199,0.0,0,20,3780
13463.0,9408.56558222199,0.0,0,20,3780
13464.0,9408.56558222199,0.0,0,20,3780
13465.0,9408.56558222199,0.0,0,20,3780
13466.0,9408.56558222199,0.0,0,20,3780
13467.0,9408.56558222199,0.0,0,20,3780
13468.0,9408.56558222199,0.0,0,20,3780
13469.0,9408.56558222199,0.0,0,20,3780
13470.0,9408.56558222199,0.0,0,20,3780
13471.0,9408.56558222199,0.0,0,20,3780
13472.0,9408.56558222199,0.0,0,20,3780
13473.0,9408.56558222199,0.0,0,20,3780
13474.0,9408.56558222199,0.0,0,20,3780
13475.0,9408.56558222199,0.0,0,20,3780
13476.0,9408.56558222199,0.0,0,20,3780
13477.0,9408.56558222199,0.0,0,20,3780
13478.0,9408.56558222199,0.0,0,20,3780
13479.0,9408.56558222199,0.0,0,20,3780
13480.0,9408.56558222199,0.0,0,20,3780
13481.0,9408.56558222199,0.0,0,20,3780
13482.0,9408.56558222199,0.0,0,20,3780
13483.0,9408.56558222199,0.0,0,20,3780
13484.0,9408.56558222199,0.0,0,20,3780
13485.0,9408.56558222199,0.0,0,20,3780
13486.0,9408.56558222199,0.0,0,20,3780
13487.0,9408.56558222199,0.0,0,20,3780
13488.0,9408.56558222199,0.0,0,20,3780
13489.0,9408.56558222199,0.0,0,20,3780
13490.0,9408.56558222199,0.0,0,20,3780
13491.0,9408.56558222199,0.0,0,20,3780
13492.0,9408.56558222199,0.0,0,20,3780
13493.0,9408.56558222199,0.0,0,20,3780
13494.0,9408.56558222199,0.0,0,20,3780
13495.0,9408.56558222199,0.0,0,20,3780
13496.0,9408.56558222199,0.0,0,20,3780
13497.0,9408.56558222199,0.0,0,20,3780
13498.0,9408.56558222199,0.0,0,20,3780
13499.0,9408.56558222199,0.0,0,20,3780
13500.0,9408.56558222199,0.0,0,20,3780
13501.0,9408.56558222199,0.0,0,20,3780
13502.0,9408.56558222199,0.0,0,20,3780
13503.0,9408.56558222199,0.0,0,20,3780
13504.0,9408.56558222199,0.0,0,20,3780
13505.0,9408.56558222199,0.0,0,20,3780
13506.0,9408.56558222199,0.0,0,20,3780
13507.0,9408.56558222199,0.0,0,20,3780
13508.0,9408.56558222199,0.0,0,20,3780
13509.0,9408.56558222199,0.0,0,20,3780
13510.0,9408.56558222199,0.0,0,20,3780
13511.0,9408.56558222199,0.0,0,20,3780
13512.0,9408.56558222199,0.0,0,20,3780
13513.0,9408.56558222199,0.0,0,20,3780
13514.0,9408.56558222199,0.0,0,20,3780
13515.0,9408.56558222199,0.0,0,20,3780
13516.0,9408.56558222199,0.0,0,20,3780
13517.0,9408.56558222199,0.0,0,20,3780
13518.0,9408.56558222199,0.0,0,20,3780
13519.0,9408.56558222199,0.0,0,20,3780
13520.0,9408.56558222199,0.0,0,20,3780
13521.0,9408.56558222199,0.0,0,20,3780
13522.0,9408.56558222199,0.0,0,20,3780
13523.0,9408.56558222199,0.0,0,20,3780
13524.0,9408.56558222199,0.0,0,20,3780
13525.0,9408.56558222199,0.0,0,20,3780
13526.0,9408.56558222199,0.0,0,20,3780
13527.0,9408.56558222199,0.0,0,20,3780
13528.0,9408.56558222199,0.0,0,20,3780
13529.0,9408.56558222199,0.0,0,20,3780
13530.0,9408.56558222199,0.0,0,20,3780
13531.0,9408.56558222199,0.0,0,20,3780
13532.0,9408.56558222199,0.0,0,20,3780
13533.0,9408.56558222199,0.0,0,20,3780
13534.0,9408.56558222199,0.0,0,20,3780
13535.0,9408.56558222199,0.0,0,20,3780
13536.0,9408.56558222199,0.0,0,20,3780
13537.0,9408.56558222199,0.0,0,20,3780
13538.0,9408.56558222199,0.0,0,20,3780
13539.0,9408.56558222199,0.0,0,20,3780
13540.0,9408.56558222199,0.0,0,20,3780
13541.0,9408.56558222199,0.0,0,20,3780
13542.0,9408.56558222199,0.0,0,20,3780
13543.0,9408.56558222199,0.0,0,20,3780
13544.0,9408.56558222199,0.0,0,20,3780
13545.0,9408.56558222199,0.0,0,20,3780
13546.0,9408.56558222199,0.0,0,20,3780
13547.0,9408.56558222199,0.0,0,20,3780
13548.0,9408.56558222199,0.0,0,20,3780
13549.0,9408.56558222199,0.0,0,20,3780
13550.0,9408.56558222199,0.0,0,20,3780
13551.0,9408.56558222199,0.0,0,20,3780
13552.0,9408.56558222199,0.0,0,20,3780
13553.0,9408.56558222199,0.0,0,20,3780
13554.0,9408.56558222199,0.0,0,20,3780
13555.0,9408.56558222199,0.0,0,20,3780
13556.0,9408.56558222199,0.0,0,20,3780
13557.0,9408.56558222199,0.0,0,20,3780
13558.0,9408.56558222199,0.0,0,20,3780
13559.0,9408.56558222199,0.0,0,20,3780
13560.0,9408.56558222199,0.0,0,20,3780
13561.0,9408.56558222199,0.0,0,20,3780
13562.0,9408.56558222199,0.0,0,20,3780
13563.0,9408.56558222199,0.0,0,20,3780
13564.0,9408.56558222199,0.0,0,20,3780
13565.0,9408.56558222199,0.0,0,20,3780
13566.0,9408.56558222199,0.0,0,20,3780
13567.0,9408.56558222199,0.0,0,20,3780
13568.0,9408.56558222199,0.0,0,20,3780
13569.0,9408.56558222199,0.0,0,20,3780
13570.0,9408.56558222199,0.0,0,20,3780
13571.0,9408.56558222199,0.0,0,20,3780
13572.0,9408.56558222199,0.0,0,20,3780
13573.0,9408.56558222199,0.0,0,20,3780
13574.0,9408.56558222199,0.0,0,20,3780
13575.0,9408.56558222199,0.0,0,20,3780
13576.0,9408.56558222199,0.0,0,20,3780
13577.0,9408.56558222199,0.0,0,20,3780
13578.0,9408.56558222199,0.0,0,20,3780
13579.0,9408.56558222199,0.0,0,20,3780
13580.0,9408.56558222199,0.0,0,20,3780
13581.0,9408.56558222199,0.0,0,20,3780
13582.0,9408.56558222199,0.0,0,20,3780
13583.0,9408.56558222199,0.0,0,20,3780
13584.0,9408.56558222199,0.0,0,20,3780
13585.0,9408.56558222199,0.0,0,20,3780
13586.0,9408.56558222199,0.0,0,20,3780
13587.0,9408.56558222199,0.0,0,20,3780
13588.0,9408.56558222199,0.0,0,20,3780
13589.0,9408.56558222199,0.0,0,20,3780
13590.0,9408.56558222199,0.0,0,20,3780
13591.0,9408.56558222199,0.0,0,20,3780
13592.0,9408.56558222199,0.0,0,20,3780
13593.0,9408.56558222199,0.0,0,20,3780
13594.0,9408.56558222199,0.0,0,20,3780
13595.0,9408.56558222199,0.0,0,20,3780
13596.0,9408.56558222199,0.0,0,20,3780
13597.0,9408.56558222199,0.0,0,20,3780
13598.0,9408.56558222199,0.0,0,20,3780
13599.0,9408.56558222199,0.0,0,20,3780
13600.0,9408.56558222199,0.0,0,20,3780
13601.0,9408.56558222199,0.0,0,20,3780
13602.0,9408.56558222199,0.0,0,20,3780
13603.0,9408.56558222199,0.0,0,20,3780
13604.0,9408.56558222199,0.0,0,20,3780
13605.0,9408.56558222199,0.0,0,20,3780
13606.0,9408.56558222199,0.0,0,20,3780
13607.0,9408.56558222199,0.0,0,20,3780
13608.0,9408.56558222199,0.0,0,20,3780
13609.0,9408.56558222199,0.0,0,20,3780
13610.0,9408.56558222199,0.0,0,20,3780
13611.0,9408.56558222199,0.0,0,20,3780
13612.0,9408.56558222199,0.0,0,20,3780
13613.0,9408.56558222199,0.0,0,20,3780
13614.0,9408.56558222199,0.0,0,20,3780
13615.0,9408.56558222199,0.0,0,20,3780
13616.0,9408.56558222199,0.0,0,20,3780
13617.0,9408.56558222199,0.0,0,20,3780
13618.0,9408.56558222199,0.0,0,20,3780
13619.0,9408.56558222199,0.0,0,20,3780
13620.0,9408.56558222199,0.0,0,20,3780
13621.0,9408.56558222199,0.0,0,20,3780
13622.0,9408.56558222199,0.0,0,20,3780
13623.0,9408.56558222199,0.0,0,20,3780
13624.0,9408.56558222199,0.0,0,20,3780
13625.0,9408.56558222199,0.0,0,20,3780
13626.0,9408.56558222199,0.0,0,20,3780
13627.0,9408.56558222199,0.0,0,20,3780
13628.0,9408.56558222199,0.0,0,20,3780
13629.0,9408.56558222199,0.0,0,20,3780
13630.0,9408.56558222199,0.0,0,20,3780
13631.0,9408.56558222199,0.0,0,20,3780
13632.0,9408.56558222199,0.0,0,20,3780
13633.0,9408.56558222199,0.0,0,20,3780
13634.0,9408.56558222199,0.0,0,20,3780
13635.0,9408.56558222199,0.0,0,20,3780
13636.0,9408.56558222199,0.0,0,20,3780
13637.0,9408.56558222199,0.0,0,20,3780
13638.0,9408.56558222199,0.0,0,20,3780
13639.0,9408.56558222199,0.0,0,20,3780
13640.0,9408.56558222199,0.0,0,20,3780
13641.0,9408.56558222199,0.0,0,20,3780
13642.0,9408.56558222199,0.0,0,20,3780
13643.0,9408.56558222199,0.0,0,20,3780
13644.0,9408.56558222199,0.0,0,20,3780
13645.0,9408.56558222199,0.0,0,20,3780
13646.0,9408.56558222199,0.0,0,20,3780
13647.0,9408.56558222199,0.0,0,20,3780
13648.0,9408.56558222199,0.0,0,20,3780
13649.0,9408.56558222199,0.0,0,20,3780
13650.0,9408.56558222199,0.0,0,20,3780
13651.0,9408.56558222199,0.0,0,20,3780
13652.0,9408.56558222199,0.0,0,20,3780
13653.0,9408.56558222199,0.0,0,20,3780
13654.0,9408.56558222199,0.0,0,20,3780
13655.0,9408.56558222199,0.0,0,20,3780
13656.0,9408.56558222199,0.0,0,20,3780
13657.0,9408.56558222199,0.0,0,20,3780
13658.0,9408.56558222199,0.0,0,20,3780
13659.0,9408.56558222199,0.0,0,20,3780
13660.0,9408.56558222199,0.0,0,20,3780
13661.0,9408.56558222199,0.0,0,20,3780
13662.0,9408.56558222199,0.0,0,20,3780
13663.0,9408.56558222199,0.0,0,20,3780
13664.0,9408.56558222199,0.0,0,20,3780
13665.0,9408.56558222199,0.0,0,20,3780
13666.0,9408.56558222199,0.0,0,20,3780
13667.0,9408.56558222199,0.0,0,20,3780
13668.0,9408.56558222199,0.0,0,20,3780
13669.0,9408.56558222199,0.0,0,20,3780
13670.0,9408.56558222199,0.0,0,20,3780
13671.0,9408.56558222199,0.0,0,20,3780
13672.0,9408.56558222199,0.0,0,20,3780
13673.0,9408.56558222199,0.0,0,20,3780
13674.0,9408.56558222199,0.0,0,20,3780
13675.0,9408.56558222199,0.0,0,20,3780
13676.0,9408.56558222199,0.0,0,20,3780
13677.0,9408.56558222199,0.0,0,20,3780
13678.0,9408.56558222199,0.0,0,20,3780
13679.0,9408.56558222199,0.0,0,20,3780
13680.0,9408.56558222199,0.0,0,20,3780
13681.0,9408.56558222199,0.0,0,20,3780
13682.0,9408.56558222199,0.0,0,20,3780
13683.0,9408.56558222199,0.0,0,20,3780
13684.0,9408.56558222199,0.0,0,20,3780
13685.0,9408.56558222199,0.0,0,20,3780
13686.0,9408.56558222199,0.0,0,20,3780
13687.0,9408.56558222199,0.0,0,20,3780
13688.0,9408.56558222199,0.0,0,20,3780
13689.0,9408.56558222199,0.0,0,20,3780
13690.0,9408.56558222199,0.0,0,20,3780
13691.0,9408.56558222199,0.0,0,20,3780
13692.0,9408.56558222199,0.0,0,20,3780
13693.0,9408.56558222199,0.0,0,20,3780
13694.0,9408.56558222199,0.0,0,20,3780
13695.0,9408.56558222199,0.0,0,20,3780
13696.0,9408.56558222199,0.0,0,20,3780
13697.0,9408.56558222199,0.0,0,20,3780
13698.0,9408.56558222199,0.0,0,20,3780
13699.0,9408.56558222199,0.0,0,20,3780
13700.0,9408.56558222199,0.0,0,20,3780
13701.0,9408.56558222199,0.0,0,20,3780
13702.0,9408.56558222199,0.0,0,20,3780
13703.0,9408.56558222199,0.0,0,20,3780
13704.0,9408.56558222199,0.0,0,20,3780
13705.0,9408.56558222199,0.0,0,20,3780
13706.0,9408.56558222199,0.0,0,20,3780
13707.0,9408.56558222199,0.0,0,20,3780
13708.0,9408.56558222199,0.0,0,20,3780
13709.0,9408.56558222199,0.0,0,20,3780
13710.0,9408.56558222199,0.0,0,20,3780
13711.0,9408.56558222199,0.0,0,20,3780
13712.0,9408.56558222199,0.0,0,20,3780
13713.0,9408.56558222199,0.0,0,20,3780
13714.0,9408.56558222199,0.0,0,20,3780
13715.0,9408.56558222199,0.0,0,20,3780
13716.0,9408.56558222199,0.0,0,20,3780
13717.0,9408.56558222199,0.0,0,20,3780
13718.0,9408.56558222199,0.0,0,20,3780
13719.0,9408.56558222199,0.0,0,20,3780
13720.0,9408.56558222199,0.0,0,20,3780
13721.0,9408.56558222199,0.0,0,20,3780
13722.0,9408.56558222199,0.0,0,20,3780
13723.0,9408.56558222199,0.0,0,20,3780
13724.0,9408.56558222199,0.0,0,20,3780
13725.0,9408.56558222199,0.0,0,20,3780
13726.0,9408.56558222199,0.0,0,20,3780
13727.0,9408.56558222199,0.0,0,20,3780
13728.0,9408.56558222199,0.0,0,20,3780
13729.0,9408.56558222199,0.0,0,20,3780
13730.0,9408.56558222199,0.0,0,20,3780
13731.0,9408.56558222199,0.0,0,20,3780
13732.0,9408.56558222199,0.0,0,20,3780
13733.0,9408.56558222199,0.0,0,20,3780
13734.0,9408.56558222199,0.0,0,20,3780
13735.0,9408.56558222199,0.0,0,20,3780
13736.0,9408.56558222199,0.0,0,20,3780
13737.0,9408.56558222199,0.0,0,20,3780
13738.0,9408.56558222199,0.0,0,20,3780
13739.0,9408.56558222199,0.0,0,20,3780
13740.0,9408.56558222199,0.0,0,20,3780
13741.0,9408.56558222199,0.0,0,20,3780
13742.0,9408.56558222199,0.0,0,20,3780
13743.0,9408.56558222199,0.0,0,20,3780
13744.0,9408.56558222199,0.0,0,20,3780
13745.0,9408.56558222199,0.0,0,20,3780
13746.0,9408.56558222199,0.0,0,20,3780
13747.0,9408.56558222199,0.0,0,20,3780
13748.0,9408.56558222199,0.0,0,20,3780
13749.0,9408.56558222199,0.0,0,20,3780
13750.0,9408.56558222199,0.0,0,20,3780
13751.0,9408.56558222199,0.0,0,20,3780
13752.0,9408.56558222199,0.0,0,20,3780
13753.0,9408.56558222199,0.0,0,20,3780
13754.0,9408.56558222199,0.0,0,20,3780
13755.0,9408.56558222199,0.0,0,20,3780
13756.0,9408.56558222199,0.0,0,20,3780
13757.0,9408.56558222199,0.0,0,20,3780
13758.0,9408.56558222199,0.0,0,20,3780
13759.0,9408.56558222199,0.0,0,20,3780
13760.0,9408.56558222199,0.0,0,20,3780
13761.0,9408.56558222199,0.0,0,20,3780
13762.0,9408.56558222199,0.0,0,20,3780
13763.0,9408.56558222199,0.0,0,20,3780
13764.0,9408.56558222199,0.0,0,20,3780
13765.0,9408.56558222199,0.0,0,20,3780
13766.0,9408.56558222199,0.0,0,20,3780
13767.0,9408.56558222199,0.0,0,20,3780
13768.0,9408.56558222199,0.0,0,20,3780
13769.0,9408.56558222199,0.0,0,20,3780
13770.0,9408.56558222199,0.0,0,20,3780
13771.0,9408.56558222199,0.0,0,20,3780
13772.0,9408.56558222199,0.0,0,20,3780
13773.0,9408.56558222199,0.0,0,20,3780
13774.0,9408.56558222199,0.0,0,20,3780
13775.0,9408.56558222199,0.0,0,20,3780
13776.0,9408.56558222199,0.0,0,20,3780
13777.0,9408.56558222199,0.0,0,20,3780
13778.0,9408.56558222199,0.0,0,20,3780
13779.0,9408.56558222199,0.0,0,20,3780
13780.0,9408.56558222199,0.0,0,20,3780
13781.0,9408.56558222199,0.0,0,20,3780
13782.0,9408.56558222199,0.0,0,20,3780
13783.0,9408.56558222199,0.0,0,20,3780
13784.0,9408.56558222199,0.0,0,20,3780
13785.0,9408.56558222199,0.0,0,20,3780
13786.0,9408.56558222199,0.0,0,20,3780
13787.0,9408.56558222199,0.0,0,20,3780
13788.0,9408.56558222199,0.0,0,20,3780
13789.0,9408.56558222199,0.0,0,20,3780
13790.0,9408.56558222199,0.0,0,20,3780
13791.0,9408.56558222199,0.0,0,20,3780
13792.0,9408.56558222199,0.0,0,20,3780
13793.0,9408.56558222199,0.0,0,20,3780
13794.0,9408.56558222199,0.0,0,20,3780
13795.0,9408.56558222199,0.0,0,20,3780
13796.0,9408.56558222199,0.0,0,20,3780
13797.0,9408.56558222199,0.0,0,20,3780
13798.0,9408.56558222199,0.0,0,20,3780
13799.0,9408.56558222199,0.0,0,20,3780
13800.0,9408.56558222199,0.0,0,20,3780
13801.0,9408.56558222199,0.0,0,20,3780
13802.0,9408.56558222199,0.0,0,20,3780
13803.0,9408.56558222199,0.0,0,20,3780
13804.0,9408.56558222199,0.0,0,20,3780
13805.0,9408.56558222199,0.0,0,20,3780
13806.0,9408.56558222199,0.0,0,20,3780
13807.0,9408.56558222199,0.0,0,20,3780
13808.0,9408.56558222199,0.0,0,20,3780
13809.0,9408.56558222199,0.0,0,20,3780
13810.0,9408.56558222199,0.0,0,20,3780
13811.0,9408.56558222199,0.0,0,20,3780
13812.0,9408.56558222199,0.0,0,20,3780
13813.0,9408.56558222199,0.0,0,20,3780
13814.0,9408.56558222199,0.0,0,20,3780
13815.0,9408.56558222199,0.0,0,20,3780
13816.0,9408.56558222199,0.0,0,20,3780
13817.0,9408.56558222199,0.0,0,20,3780
13818.0,9408.56558222199,0.0,0,20,3780
13819.0,9408.56558222199,0.0,0,20,3780
13820.0,9408.56558222199,0.0,0,20,3780
13821.0,9408.56558222199,0.0,0,20,3780
13822.0,9408.56558222199,0.0,0,20,3780
13823.0,9408.56558222199,0.0,0,20,3780
13824.0,9408.56558222199,0.0,0,20,3780
13825.0,9408.56558222199,0.0,0,20,3780
13826.0,9408.56558222199,0.0,0,20,3780
13827.0,9408.56558222199,0.0,0,20,3780
13828.0,9408.56558222199,0.0,0,20,3780
13829.0,9408.56558222199,0.0,0,20,3780
13830.0,9408.56558222199,0.0,0,20,3780
13831.0,9408.56558222199,0.0,0,20,3780
13832.0,9408.56558222199,0.0,0,20,3780
13833.0,9408.56558222199,0.0,0,20,3780
13834.0,9408.56558222199,0.0,0,20,3780
13835.0,9408.56558222199,0.0,0,20,3780
13836.0,9408.56558222199,0.0,0,20,3780
13837.0,9408.56558222199,0.0,0,20,3780
13838.0,9408.56558222199,0.0,0,20,3780
13839.0,9408.56558222199,0.0,0,20,3780
13840.0,9408.56558222199,0.0,0,20,3780
13841.0,9408.56558222199,0.0,0,20,3780
13842.0,9408.56558222199,0.0,0,20,3780
13843.0,9408.56558222199,0.0,0,20,3780
13844.0,9408.56558222199,0.0,0,20,3780
13845.0,9408.56558222199,0.0,0,20,3780
13846.0,9408.56558222199,0.0,0,20,3780
13847.0,9408.56558222199,0.0,0,20,3780
13848.0,9408.56558222199,0.0,0,20,3780
13849.0,9408.56558222199,0.0,0,20,3780
13850.0,9408.56558222199,0.0,0,20,3780
13851.0,9408.56558222199,0.0,0,20,3780
13852.0,9408.56558222199,0.0,0,20,3780
13853.0,9408.56558222199,0.0,0,20,3780
13854.0,9408.56558222199,0.0,0,20,3780
13855.0,9408.56558222199,0.0,0,20,3780
13856.0,9408.56558222199,0.0,0,20,3780
13857.0,9408.56558222199,0.0,0,20,3780
13858.0,9408.56558222199,0.0,0,20,3780
13859.0,9408.56558222199,0.0,0,20,3780
13860.0,9408.56558222199,0.0,0,20,3780
13861.0,9408.56558222199,0.0,0,20,3780
13862.0,9408.56558222199,0.0,0,20,3780
13863.0,9408.56558222199,0.0,0,20,3780
13864.0,9408.56558222199,0.0,0,20,3780
13865.0,9408.56558222199,0.0,0,20,3780
13866.0,9408.56558222199,0.0,0,20,3780
13867.0,9408.56558222199,0.0,0,20,3780
13868.0,9408.56558222199,0.0,0,20,3780
13869.0,9408.56558222199,0.0,0,20,3780
13870.0,9408.56558222199,0.0,0,20,3780
13871.0,9408.56558222199,0.0,0,20,3780
13872.0,9408.56558222199,0.0,0,20,3780
13873.0,9408.56558222199,0.0,0,20,3780
13874.0,9408.56558222199,0.0,0,20,3780
13875.0,9408.56558222199,0.0,0,20,3780
13876.0,9408.56558222199,0.0,0,20,3780
13877.0,9408.56558222199,0.0,0,20,3780
13878.0,9408.56558222199,0.0,0,20,3780
13879.0,9408.56558222199,0.0,0,20,3780
13880.0,9408.56558222199,0.0,0,20,3780
13881.0,9408.56558222199,0.0,0,20,3780
13882.0,9408.56558222199,0.0,0,20,3780
13883.0,9408.56558222199,0.0,0,20,3780
13884.0,9408.56558222199,0.0,0,20,3780
13885.0,9408.56558222199,0.0,0,20,3780
13886.0,9408.56558222199,0.0,0,20,3780
13887.0,9408.56558222199,0.0,0,20,3780
13888.0,9408.56558222199,0.0,0,20,3780
13889.0,9408.56558222199,0.0,0,20,3780
13890.0,9408.56558222199,0.0,0,20,3780
13891.0,9408.56558222199,0.0,0,20,3780
13892.0,9408.56558222199,0.0,0,20,3780
13893.0,9408.56558222199,0.0,0,20,3780
13894.0,9408.56558222199,0.0,0,20,3780
13895.0,9408.56558222199,0.0,0,20,3780
13896.0,9408.56558222199,0.0,0,20,3780
13897.0,9408.56558222199,0.0,0,20,3780
13898.0,9408.56558222199,0.0,0,20,3780
13899.0,9408.56558222199,0.0,0,20,3780
13900.0,9408.56558222199,0.0,0,20,3780
13901.0,9408.56558222199,0.0,0,20,3780
13902.0,9408.56558222199,0.0,0,20,3780
13903.0,9408.56558222199,0.0,0,20,3780
13904.0,9408.56558222199,0.0,0,20,3780
13905.0,9408.56558222199,0.0,0,20,3780
13906.0,9408.56558222199,0.0,0,20,3780
13907.0,9408.56558222199,0.0,0,20,3780
13908.0,9408.56558222199,0.0,0,20,3780
13909.0,9408.56558222199,0.0,0,20,3780
13910.0,9408.56558222199,0.0,0,20,3780
13911.0,9408.56558222199,0.0,0,20,3780
13912.0,9408.56558222199,0.0,0,20,3780
13913.0,9408.56558222199,0.0,0,20,3780
13914.0,9408.56558222199,0.0,0,20,3780
13915.0,9408.56558222199,0.0,0,20,3780
13916.0,9408.56558222199,0.0,0,20,3780
13917.0,9408.56558222199,0.0,0,20,3780
13918.0,9408.56558222199,0.0,0,20,3780
13919.0,9408.56558222199,0.0,0,20,3780
13920.0,9408.56558222199,0.0,0,20,3780
13921.0,9408.56558222199,0.0,0,20,3780
13922.0,9408.56558222199,0.0,0,20,3780
13923.0,9408.56558222199,0.0,0,20,3780
13924.0,9408.56558222199,0.0,0,20,3780
13925.0,9408.56558222199,0.0,0,20,3780
13926.0,9408.56558222199,0.0,0,20,3780
13927.0,9408.56558222199,0.0,0,20,3780
13928.0,9408.56558222199,0.0,0,20,3780
13929.0,9408.56558222199,0.0,0,20,3780
13930.0,9408.56558222199,0.0,0,20,3780
13931.0,9408.56558222199,0.0,0,20,3780
13932.0,9408.56558222199,0.0,0,20,3780
13933.0,9408.56558222199,0.0,0,20,3780
13934.0,9408.56558222199,0.0,0,20,3780
13935.0,9408.56558222199,0.0,0,20,3780
13936.0,9408.56558222199,0.0,0,20,3780
13937.0,9408.56558222199,0.0,0,20,3780
13938.0,9408.56558222199,0.0,0,20,3780
13939.0,9408.56558222199,0.0,0,20,3780
13940.0,9408.56558222199,0.0,0,20,3780
13941.0,9408.56558222199,0.0,0,20,3780
13942.0,9408.56558222199,0.0,0,20,3780
13943.0,9408.56558222199,0.0,0,20,3780
13944.0,9408.56558222199,0.0,0,20,3780
13945.0,9408.56558222199,0.0,0,20,3780
13946.0,9408.56558222199,0.0,0,20,3780
13947.0,9408.56558222199,0.0,0,20,3780
13948.0,9408.56558222199,0.0,0,20,3780
13949.0,9408.56558222199,0.0,0,20,3780
13950.0,9408.56558222199,0.0,0,20,3780
13951.0,9408.56558222199,0.0,0,20,3780
13952.0,9408.56558222199,0.0,0,20,3780
13953.0,9408.56558222199,0.0,0,20,3780
13954.0,9408.56558222199,0.0,0,20,3780
13955.0,9408.56558222199,0.0,0,20,3780
13956.0,9408.56558222199,0.0,0,20,3780
13957.0,9408.56558222199,0.0,0,20,3780
13958.0,9408.56558222199,0.0,0,20,3780
13959.0,9408.56558222199,0.0,0,20,3780
13960.0,9408.56558222199,0.0,0,20,3780
13961.0,9408.56558222199,0.0,0,20,3780
13962.0,9408.56558222199,0.0,0,20,3780
13963.0,9408.56558222199,0.0,0,20,3780
13964.0,9408.56558222199,0.0,0,20,3780
13965.0,9408.56558222199,0.0,0,20,3780
13966.0,9408.56558222199,0.0,0,20,3780
13967.0,9408.56558222199,0.0,0,20,3780
13968.0,9408.56558222199,0.0,0,20,3780
13969.0,9408.56558222199,0.0,0,20,3780
13970.0,9408.56558222199,0.0,0,20,3780
13971.0,9408.56558222199,0.0,0,20,3780
13972.0,9408.56558222199,0.0,0,20,3780
13973.0,9408.56558222199,0.0,0,20,3780
13974.0,9408.56558222199,0.0,0,20,3780
13975.0,9408.56558222199,0.0,0,20,3780
13976.0,9408.56558222199,0.0,0,20,3780
13977.0,9408.56558222199,0.0,0,20,3780
13978.0,9408.56558222199,0.0,0,20,3780
13979.0,9408.56558222199,0.0,0,20,3780
13980.0,9408.56558222199,0.0,0,20,3780
13981.0,9408.56558222199,0.0,0,20,3780
13982.0,9408.56558222199,0.0,0,20,3780
13983.0,9408.56558222199,0.0,0,20,3780
13984.0,9408.56558222199,0.0,0,20,3780
13985.0,9408.56558222199,0.0,0,20,3780
13986.0,9408.56558222199,0.0,0,20,3780
13987.0,9408.56558222199,0.0,0,20,3780
13988.0,9408.56558222199,0.0,0,20,3780
13989.0,9408.56558222199,0.0,0,20,3780
13990.0,9408.56558222199,0.0,0,20,3780
13991.0,9408.56558222199,0.0,0,20,3780
13992.0,9408.56558222199,0.0,0,20,3780
13993.0,9408.56558222199,0.0,0,20,3780
13994.0,9408.56558222199,0.0,0,20,3780
13995.0,9408.56558222199,0.0,0,20,3780
13996.0,9408.56558222199,0.0,0,20,3780
13997.0,9408.56558222199,0.0,0,20,3780
13998.0,9408.56558222199,0.0,0,20,3780
13999.0,9408.56558222199,0.0,0,20,3780
14000.0,9408.56558222199,0.0,0,20,3780
14001.0,9408.56558222199,0.0,0,20,3780
14002.0,9408.56558222199,0.0,0,20,3780
14003.0,9408.56558222199,0.0,0,20,3780
14004.0,9408.56558222199,0.0,0,20,3780
14005.0,9408.56558222199,0.0,0,20,3780
14006.0,9408.56558222199,0.0,0,20,3780
14007.0,9408.56558222199,0.0,0,20,3780
14008.0,9408.56558222199,0.0,0,20,3780
14009.0,9408.56558222199,0.0,0,20,3780
14010.0,9408.56558222199,0.0,0,20,3780
14011.0,9408.56558222199,0.0,0,20,3780
14012.0,9408.56558222199,0.0,0,20,3780
14013.0,9408.56558222199,0.0,0,20,3780
14014.0,9408.56558222199,0.0,0,20,3780
14015.0,9408.56558222199,0.0,0,20,3780
14016.0,9408.56558222199,0.0,0,20,3780
14017.0,9408.56558222199,0.0,0,20,3780
14018.0,9408.56558222199,0.0,0,20,3780
14019.0,9408.56558222199,0.0,0,20,3780
14020.0,9408.56558222199,0.0,0,20,3780
14021.0,9408.56558222199,0.0,0,20,3780
14022.0,9408.56558222199,0.0,0,20,3780
14023.0,9408.56558222199,0.0,0,20,3780
14024.0,9408.56558222199,0.0,0,20,3780
14025.0,9408.56558222199,0.0,0,20,3780
14026.0,9408.56558222199,0.0,0,20,3780
14027.0,9408.56558222199,0.0,0,20,3780
14028.0,9408.56558222199,0.0,0,20,3780
14029.0,9408.56558222199,0.0,0,20,3780
14030.0,9408.56558222199,0.0,0,20,3780
14031.0,9408.56558222199,0.0,0,20,3780
14032.0,9408.56558222199,0.0,0,20,3780
14033.0,9408.56558222199,0.0,0,20,3780
14034.0,9408.56558222199,0.0,0,20,3780
14035.0,9408.56558222199,0.0,0,20,3780
14036.0,9408.56558222199,0.0,0,20,3780
14037.0,9408.56558222199,0.0,0,20,3780
14038.0,9408.56558222199,0.0,0,20,3780
14039.0,9408.56558222199,0.0,0,20,3780
14040.0,9408.56558222199,0.0,0,20,3780
14041.0,9408.56558222199,0.0,0,20,3780
14042.0,9408.56558222199,0.0,0,20,3780
14043.0,9408.56558222199,0.0,0,20,3780
14044.0,9408.56558222199,0.0,0,20,3780
14045.0,9408.56558222199,0.0,0,20,3780
14046.0,9408.56558222199,0.0,0,20,3780
14047.0,9408.56558222199,0.0,0,20,3780
14048.0,9408.56558222199,0.0,0,20,3780
14049.0,9408.56558222199,0.0,0,20,3780
14050.0,9408.56558222199,0.0,0,20,3780
14051.0,9408.56558222199,0.0,0,20,3780
14052.0,9408.56558222199,0.0,0,20,3780
14053.0,9408.56558222199,0.0,0,20,3780
14054.0,9408.56558222199,0.0,0,20,3780
14055.0,9408.56558222199,0.0,0,20,3780
14056.0,9408.56558222199,0.0,0,20,3780
14057.0,9408.56558222199,0.0,0,20,3780
14058.0,9408.56558222199,0.0,0,20,3780
14059.0,9408.56558222199,0.0,0,20,3780
14060.0,9408.56558222199,0.0,0,20,3780
14061.0,9408.56558222199,0.0,0,20,3780
14062.0,9408.56558222199,0.0,0,20,3780
14063.0,9408.56558222199,0.0,0,20,3780
14064.0,9408.56558222199,0.0,0,20,3780
14065.0,9408.56558222199,0.0,0,20,3780
14066.0,9408.56558222199,0.0,0,20,3780
14067.0,9408.56558222199,0.0,0,20,3780
14068.0,9408.56558222199,0.0,0,20,3780
14069.0,9408.56558222199,0.0,0,20,3780
14070.0,9408.56558222199,0.0,0,20,3780
14071.0,9408.56558222199,0.0,0,20,3780
14072.0,9408.56558222199,0.0,0,20,3780
14073.0,9408.56558222199,0.0,0,20,3780
14074.0,9408.56558222199,0.0,0,20,3780
14075.0,9408.56558222199,0.0,0,20,3780
14076.0,9408.56558222199,0.0,0,20,3780
14077.0,9408.56558222199,0.0,0,20,3780
14078.0,9408.56558222199,0.0,0,20,3780
14079.0,9408.56558222199,0.0,0,20,3780
14080.0,9408.56558222199,0.0,0,20,3780
14081.0,9408.56558222199,0.0,0,20,3780
14082.0,9408.56558222199,0.0,0,20,3780
14083.0,9408.56558222199,0.0,0,20,3780
14084.0,9408.56558222199,0.0,0,20,3780
14085.0,9408.56558222199,0.0,0,20,3780
14086.0,9408.56558222199,0.0,0,20,3780
14087.0,9408.56558222199,0.0,0,20,3780
14088.0,9408.56558222199,0.0,0,20,3780
14089.0,9408.56558222199,0.0,0,20,3780
14090.0,9408.56558222199,0.0,0,20,3780
14091.0,9408.56558222199,0.0,0,20,3780
14092.0,9408.56558222199,0.0,0,20,3780
14093.0,9408.56558222199,0.0,0,20,3780
14094.0,9408.56558222199,0.0,0,20,3780
14095.0,9408.56558222199,0.0,0,20,3780
14096.0,9408.56558222199,0.0,0,20,3780
14097.0,9408.56558222199,0.0,0,20,3780
14098.0,9408.56558222199,0.0,0,20,3780
14099.0,9408.56558222199,0.0,0,20,3780
14100.0,9408.56558222199,0.0,0,20,3780
14101.0,9408.56558222199,0.0,0,20,3780
14102.0,9408.56558222199,0.0,0,20,3780
14103.0,9408.56558222199,0.0,0,20,3780
14104.0,9408.56558222199,0.0,0,20,3780
14105.0,9408.56558222199,0.0,0,20,3780
14106.0,9408.56558222199,0.0,0,20,3780
14107.0,9408.56558222199,0.0,0,20,3780
14108.0,9408.56558222199,0.0,0,20,3780
14109.0,9408.56558222199,0.0,0,20,3780
14110.0,9408.56558222199,0.0,0,20,3780
14111.0,9408.56558222199,0.0,0,20,3780
14112.0,9408.56558222199,0.0,0,20,3780
14113.0,9408.56558222199,0.0,0,20,3780
14114.0,9408.56558222199,0.0,0,20,3780
14115.0,9408.56558222199,0.0,0,20,3780
14116.0,9408.56558222199,0.0,0,20,3780
14117.0,9408.56558222199,0.0,0,20,3780
14118.0,9408.56558222199,0.0,0,20,3780
14119.0,9408.56558222199,0.0,0,20,3780
14120.0,9408.56558222199,0.0,0,20,3780
14121.0,9408.56558222199,0.0,0,20,3780
14122.0,9408.56558222199,0.0,0,20,3780
14123.0,9408.56558222199,0.0,0,20,3780
14124.0,9408.56558222199,0.0,0,20,3780
14125.0,9408.56558222199,0.0,0,20,3780
14126.0,9408.56558222199,0.0,0,20,3780
14127.0,9408.56558222199,0.0,0,20,3780
14128.0,9408.56558222199,0.0,0,20,3780
14129.0,9408.56558222199,0.0,0,20,3780
14130.0,9408.56558222199,0.0,0,20,3780
14131.0,9408.56558222199,0.0,0,20,3780
14132.0,9408.56558222199,0.0,0,20,3780
14133.0,9408.56558222199,0.0,0,20,3780
14134.0,9408.56558222199,0.0,0,20,3780
14135.0,9408.56558222199,0.0,0,20,3780
14136.0,9408.56558222199,0.0,0,20,3780
14137.0,9408.56558222199,0.0,0,20,3780
14138.0,9408.56558222199,0.0,0,20,3780
14139.0,9408.56558222199,0.0,0,20,3780
14140.0,9408.56558222199,0.0,0,20,3780
14141.0,9408.56558222199,0.0,0,20,3780
14142.0,9408.56558222199,0.0,0,20,3780
14143.0,9408.56558222199,0.0,0,20,3780
14144.0,9408.56558222199,0.0,0,20,3780
14145.0,9408.56558222199,0.0,0,20,3780
14146.0,9408.56558222199,0.0,0,20,3780
14147.0,9408.56558222199,0.0,0,20,3780
14148.0,9408.56558222199,0.0,0,20,3780
14149.0,9408.56558222199,0.0,0,20,3780
14150.0,9408.56558222199,0.0,0,20,3780
14151.0,9408.56558222199,0.0,0,20,3780
14152.0,9408.56558222199,0.0,0,20,3780
14153.0,9408.56558222199,0.0,0,20,3780
14154.0,9408.56558222199,0.0,0,20,3780
14155.0,9408.56558222199,0.0,0,20,3780
14156.0,9408.56558222199,0.0,0,20,3780
14157.0,9408.56558222199,0.0,0,20,3780
14158.0,9408.56558222199,0.0,0,20,3780
14159.0,9408.56558222199,0.0,0,20,3780
14160.0,9408.56558222199,0.0,0,20,3780
14161.0,9408.56558222199,0.0,0,20,3780
14162.0,9408.56558222199,0.0,0,20,3780
14163.0,9408.56558222199,0.0,0,20,3780
14164.0,9408.56558222199,0.0,0,20,3780
14165.0,9408.56558222199,0.0,0,20,3780
14166.0,9408.56558222199,0.0,0,20,3780
14167.0,9408.56558222199,0.0,0,20,3780
14168.0,9408.56558222199,0.0,0,20,3780
14169.0,9408.56558222199,0.0,0,20,3780
14170.0,9408.56558222199,0.0,0,20,3780
14171.0,9408.56558222199,0.0,0,20,3780
14172.0,9408.56558222199,0.0,0,20,3780
14173.0,9408.56558222199,0.0,0,20,3780
14174.0,9408.56558222199,0.0,0,20,3780
14175.0,9408.56558222199,0.0,0,20,3780
14176.0,9408.56558222199,0.0,0,20,3780
14177.0,9408.56558222199,0.0,0,20,3780
14178.0,9408.56558222199,0.0,0,20,3780
14179.0,9408.56558222199,0.0,0,20,3780
14180.0,9408.56558222199,0.0,0,20,3780
14181.0,9408.56558222199,0.0,0,20,3780
14182.0,9408.56558222199,0.0,0,20,3780
14183.0,9408.56558222199,0.0,0,20,3780
14184.0,9408.56558222199,0.0,0,20,3780
14185.0,9408.56558222199,0.0,0,20,3780
14186.0,9408.56558222199,0.0,0,20,3780
14187.0,9408.56558222199,0.0,0,20,3780
14188.0,9408.56558222199,0.0,0,20,3780
14189.0,9408.56558222199,0.0,0,20,3780
14190.0,9408.56558222199,0.0,0,20,3780
14191.0,9408.56558222199,0.0,0,20,3780
14192.0,9408.56558222199,0.0,0,20,3780
14193.0,9408.56558222199,0.0,0,20,3780
14194.0,9408.56558222199,0.0,0,20,3780
14195.0,9408.56558222199,0.0,0,20,3780
14196.0,9408.56558222199,0.0,0,20,3780
14197.0,9408.56558222199,0.0,0,20,3780
14198.0,9408.56558222199,0.0,0,20,3780
14199.0,9408.56558222199,0.0,0,20,3780
14200.0,9408.56558222199,0.0,0,20,3780
14201.0,9408.56558222199,0.0,0,20,3780
14202.0,9408.56558222199,0.0,0,20,3780
14203.0,9408.56558222199,0.0,0,20,3780
14204.0,9408.56558222199,0.0,0,20,3780
14205.0,9408.56558222199,0.0,0,20,3780
14206.0,9408.56558222199,0.0,0,20,3780
14207.0,9408.56558222199,0.0,0,20,3780
14208.0,9408.56558222199,0.0,0,20,3780
14209.0,9408.56558222199,0.0,0,20,3780
14210.0,9408.56558222199,0.0,0,20,3780
14211.0,9408.56558222199,0.0,0,20,3780
14212.0,9408.56558222199,0.0,0,20,3780
14213.0,9408.56558222199,0.0,0,20,3780
14214.0,9408.56558222199,0.0,0,20,3780
14215.0,9408.56558222199,0.0,0,20,3780
14216.0,9408.56558222199,0.0,0,20,3780
14217.0,9408.56558222199,0.0,0,20,3780
14218.0,9408.56558222199,0.0,0,20,3780
14219.0,9408.56558222199,0.0,0,20,3780
14220.0,9408.56558222199,0.0,0,20,3780
14221.0,9408.56558222199,0.0,0,20,3780
14222.0,9408.56558222199,0.0,0,20,3780
14223.0,9408.56558222199,0.0,0,20,3780
14224.0,9408.56558222199,0.0,0,20,3780
14225.0,9408.56558222199,0.0,0,20,3780
14226.0,9408.56558222199,0.0,0,20,3780
14227.0,9408.56558222199,0.0,0,20,3780
14228.0,9408.56558222199,0.0,0,20,3780
14229.0,9408.56558222199,0.0,0,20,3780
14230.0,9408.56558222199,0.0,0,20,3780
14231.0,9408.56558222199,0.0,0,20,3780
14232.0,9408.56558222199,0.0,0,20,3780
14233.0,9408.56558222199,0.0,0,20,3780
14234.0,9408.56558222199,0.0,0,20,3780
14235.0,9408.56558222199,0.0,0,20,3780
14236.0,9408.56558222199,0.0,0,20,3780
14237.0,9408.56558222199,0.0,0,20,3780
14238.0,9408.56558222199,0.0,0,20,3780
14239.0,9408.56558222199,0.0,0,20,3780
14240.0,9408.56558222199,0.0,0,20,3780
14241.0,9408.56558222199,0.0,0,20,3780
14242.0,9408.56558222199,0.0,0,20,3780
14243.0,9408.56558222199,0.0,0,20,3780
14244.0,9408.56558222199,0.0,0,20,3780
14245.0,9408.56558222199,0.0,0,20,3780
14246.0,9408.56558222199,0.0,0,20,3780
14247.0,9408.56558222199,0.0,0,20,3780
14248.0,9408.56558222199,0.0,0,20,3780
14249.0,9408.56558222199,0.0,0,20,3780
14250.0,9408.56558222199,0.0,0,20,3780
14251.0,9408.56558222199,0.0,0,20,3780
14252.0,9408.56558222199,0.0,0,20,3780
14253.0,9408.56558222199,0.0,0,20,3780
14254.0,9408.56558222199,0.0,0,20,3780
14255.0,9408.56558222199,0.0,0,20,3780
14256.0,9408.56558222199,0.0,0,20,3780
14257.0,9408.56558222199,0.0,0,20,3780
14258.0,9408.56558222199,0.0,0,20,3780
14259.0,9408.56558222199,0.0,0,20,3780
14260.0,9408.56558222199,0.0,0,20,3780
14261.0,9408.56558222199,0.0,0,20,3780
14262.0,9408.56558222199,0.0,0,20,3780
14263.0,9408.56558222199,0.0,0,20,3780
14264.0,9408.56558222199,0.0,0,20,3780
14265.0,9408.56558222199,0.0,0,20,3780
14266.0,9408.56558222199,0.0,0,20,3780
14267.0,9408.56558222199,0.0,0,20,3780
14268.0,9408.56558222199,0.0,0,20,3780
14269.0,9408.56558222199,0.0,0,20,3780
14270.0,9408.56558222199,0.0,0,20,3780
14271.0,9408.56558222199,0.0,0,20,3780
14272.0,9408.56558222199,0.0,0,20,3780
14273.0,9408.56558222199,0.0,0,20,3780
14274.0,9408.56558222199,0.0,0,20,3780
14275.0,9408.56558222199,0.0,0,20,3780
14276.0,9408.56558222199,0.0,0,20,3780
14277.0,9408.56558222199,0.0,0,20,3780
14278.0,9408.56558222199,0.0,0,20,3780
14279.0,9408.56558222199,0.0,0,20,3780
14280.0,9408.56558222199,0.0,0,20,3780
14281.0,9408.56558222199,0.0,0,20,3780
14282.0,9408.56558222199,0.0,0,20,3780
14283.0,9408.56558222199,0.0,0,20,3780
14284.0,9408.56558222199,0.0,0,20,3780
14285.0,9408.56558222199,0.0,0,20,3780
14286.0,9408.56558222199,0.0,0,20,3780
14287.0,9408.56558222199,0.0,0,20,3780
14288.0,9408.56558222199,0.0,0,20,3780
14289.0,9408.56558222199,0.0,0,20,3780
14290.0,9408.56558222199,0.0,0,20,3780
14291.0,9408.56558222199,0.0,0,20,3780
14292.0,9408.56558222199,0.0,0,20,3780
14293.0,9408.56558222199,0.0,0,20,3780
14294.0,9408.56558222199,0.0,0,20,3780
14295.0,9408.56558222199,0.0,0,20,3780
14296.0,9408.56558222199,0.0,0,20,3780
14297.0,9408.56558222199,0.0,0,20,3780
14298.0,9408.56558222199,0.0,0,20,3780
14299.0,9408.56558222199,0.0,0,20,3780
14300.0,9408.56558222199,0.0,0,20,3780
14301.0,9408.56558222199,0.0,0,20,3780
14302.0,9408.56558222199,0.0,0,20,3780
14303.0,9408.56558222199,0.0,0,20,3780
14304.0,9408.56558222199,0.0,0,20,3780
14305.0,9408.56558222199,0.0,0,20,3780
14306.0,9408.56558222199,0.0,0,20,3780
14307.0,9408.56558222199,0.0,0,20,3780
14308.0,9408.56558222199,0.0,0,20,3780
14309.0,9408.56558222199,0.0,0,20,3780
14310.0,9408.56558222199,0.0,0,20,3780
14311.0,9408.56558222199,0.0,0,20,3780
14312.0,9408.56558222199,0.0,0,20,3780
14313.0,9408.56558222199,0.0,0,20,3780
14314.0,9408.56558222199,0.0,0,20,3780
14315.0,9408.56558222199,0.0,0,20,3780
14316.0,9408.56558222199,0.0,0,20,3780
14317.0,9408.56558222199,0.0,0,20,3780
14318.0,9408.56558222199,0.0,0,20,3780
14319.0,9408.56558222199,0.0,0,20,3780
14320.0,9408.56558222199,0.0,0,20,3780
14321.0,9408.56558222199,0.0,0,20,3780
14322.0,9408.56558222199,0.0,0,20,3780
14323.0,9408.56558222199,0.0,0,20,3780
14324.0,9408.56558222199,0.0,0,20,3780
14325.0,9408.56558222199,0.0,0,20,3780
14326.0,9408.56558222199,0.0,0,20,3780
14327.0,9408.56558222199,0.0,0,20,3780
14328.0,9408.56558222199,0.0,0,20,3780
14329.0,9408.56558222199,0.0,0,20,3780
14330.0,9408.56558222199,0.0,0,20,3780
14331.0,9408.56558222199,0.0,0,20,3780
14332.0,9408.56558222199,0.0,0,20,3780
14333.0,9408.56558222199,0.0,0,20,3780
14334.0,9408.56558222199,0.0,0,20,3780
14335.0,9408.56558222199,0.0,0,20,3780
14336.0,9408.56558222199,0.0,0,20,3780
14337.0,9408.56558222199,0.0,0,20,3780
14338.0,9408.56558222199,0.0,0,20,3780
14339.0,9408.56558222199,0.0,0,20,3780
14340.0,9408.56558222199,0.0,0,20,3780
14341.0,9408.56558222199,0.0,0,20,3780
14342.0,9408.56558222199,0.0,0,20,3780
14343.0,9408.56558222199,0.0,0,20,3780
14344.0,9408.56558222199,0.0,0,20,3780
14345.0,9408.56558222199,0.0,0,20,3780
14346.0,9408.56558222199,0.0,0,20,3780
14347.0,9408.56558222199,0.0,0,20,3780
14348.0,9408.56558222199,0.0,0,20,3780
14349.0,9408.56558222199,0.0,0,20,3780
14350.0,9408.56558222199,0.0,0,20,3780
14351.0,9408.56558222199,0.0,0,20,3780
14352.0,9408.56558222199,0.0,0,20,3780
14353.0,9408.56558222199,0.0,0,20,3780
14354.0,9408.56558222199,0.0,0,20,3780
14355.0,9408.56558222199,0.0,0,20,3780
14356.0,9408.56558222199,0.0,0,20,3780
14357.0,9408.56558222199,0.0,0,20,3780
14358.0,9408.56558222199,0.0,0,20,3780
14359.0,9408.56558222199,0.0,0,20,3780
14360.0,9408.56558222199,0.0,0,20,3780
14361.0,9408.56558222199,0.0,0,20,3780
14362.0,9408.56558222199,0.0,0,20,3780
14363.0,9408.56558222199,0.0,0,20,3780
14364.0,9408.56558222199,0.0,0,20,3780
14365.0,9408.56558222199,0.0,0,20,3780
14366.0,9408.56558222199,0.0,0,20,3780
14367.0,9408.56558222199,0.0,0,20,3780
14368.0,9408.56558222199,0.0,0,20,3780
14369.0,9408.56558222199,0.0,0,20,3780
14370.0,9408.56558222199,0.0,0,20,3780
14371.0,9408.56558222199,0.0,0,20,3780
14372.0,9408.56558222199,0.0,0,20,3780
14373.0,9408.56558222199,0.0,0,20,3780
14374.0,9408.56558222199,0.0,0,20,3780
14375.0,9408.56558222199,0.0,0,20,3780
14376.0,9408.56558222199,0.0,0,20,3780
14377.0,9408.56558222199,0.0,0,20,3780
14378.0,9408.56558222199,0.0,0,20,3780
14379.0,9408.56558222199,0.0,0,20,3780
14380.0,9408.56558222199,0.0,0,20,3780
14381.0,9408.56558222199,0.0,0,20,3780
14382.0,9408.56558222199,0.0,0,20,3780
14383.0,9408.56558222199,0.0,0,20,3780
14384.0,9408.56558222199,0.0,0,20,3780
14385.0,9408.56558222199,0.0,0,20,3780
14386.0,9408.56558222199,0.0,0,20,3780
14387.0,9408.56558222199,0.0,0,20,3780
14388.0,9408.56558222199,0.0,0,20,3780
14389.0,9408.56558222199,0.0,0,20,3780
14390.0,9408.56558222199,0.0,0,20,3780
14391.0,9408.56558222199,0.0,0,20,3780
14392.0,9408.56558222199,0.0,0,20,3780
14393.0,9408.56558222199,0.0,0,20,3780
14394.0,9408.56558222199,0.0,0,20,3780
14395.0,9408.56558222199,0.0,0,20,3780
14396.0,9408.56558222199,0.0,0,20,3780
14397.0,9408.56558222199,0.0,0,20,3780
14398.0,9408.56558222199,0.0,0,20,3780
14399.0,9408.56558222199,0.0,0,20,3780
14400.0,9408.56558222199,0.0,0,20,3780
14401.0,9408.56558222199,0.0,0,20,3780
14402.0,9408.56558222199,0.0,0,20,3780
14403.0,9408.56558222199,0.0,0,20,3780
14404.0,9408.56558222199,0.0,0,20,3780
14405.0,9408.56558222199,0.0,0,20,3780
14406.0,9408.56558222199,0.0,0,20,3780
14407.0,9408.56558222199,0.0,0,20,3780
14408.0,9408.56558222199,0.0,0,20,3780
14409.0,9408.56558222199,0.0,0,20,3780
14410.0,9408.56558222199,0.0,0,20,3780
14411.0,9408.56558222199,0.0,0,20,3780
14412.0,9408.56558222199,0.0,0,20,3780
14413.0,9408.56558222199,0.0,0,20,3780
14414.0,9408.56558222199,0.0,0,20,3780
14415.0,9408.56558222199,0.0,0,20,3780
14416.0,9408.56558222199,0.0,0,20,3780
14417.0,9408.56558222199,0.0,0,20,3780
14418.0,9408.56558222199,0.0,0,20,3780
14419.0,9408.56558222199,0.0,0,20,3780
14420.0,9408.56558222199,0.0,0,20,3780
14421.0,9408.56558222199,0.0,0,20,3780
14422.0,9408.56558222199,0.0,0,20,3780
14423.0,9408.56558222199,0.0,0,20,3780
14424.0,9408.56558222199,0.0,0,20,3780
14425.0,9408.56558222199,0.0,0,20,3780
14426.0,9408.56558222199,0.0,0,20,3780
14427.0,9408.56558222199,0.0,0,20,3780
14428.0,9408.56558222199,0.0,0,20,3780
14429.0,9408.56558222199,0.0,0,20,3780
14430.0,9408.56558222199,0.0,0,20,3780
14431.0,9408.56558222199,0.0,0,20,3780
14432.0,9408.56558222199,0.0,0,20,3780
14433.0,9408.56558222199,0.0,0,20,3780
14434.0,9408.56558222199,0.0,0,20,3780
14435.0,9408.56558222199,0.0,0,20,3780
14436.0,9408.56558222199,0.0,0,20,3780
14437.0,9408.56558222199,0.0,0,20,3780
14438.0,9408.56558222199,0.0,0,20,3780
14439.0,9408.56558222199,0.0,0,20,3780
14440.0,9408.56558222199,0.0,0,20,3780
14441.0,9408.56558222199,0.0,0,20,3780
14442.0,9408.56558222199,0.0,0,20,3780
14443.0,9408.56558222199,0.0,0,20,3780
14444.0,9408.56558222199,0.0,0,20,3780
14445.0,9408.56558222199,0.0,0,20,3780
14446.0,9408.56558222199,0.0,0,20,3780
14447.0,9408.56558222199,0.0,0,20,3780
14448.0,9408.56558222199,0.0,0,20,3780
14449.0,9408.56558222199,0.0,0,20,3780
14450.0,9408.56558222199,0.0,0,20,3780
14451.0,9408.56558222199,0.0,0,20,3780
14452.0,9408.56558222199,0.0,0,20,3780
14453.0,9408.56558222199,0.0,0,20,3780
14454.0,9408.56558222199,0.0,0,20,3780
14455.0,9408.56558222199,0.0,0,20,3780
14456.0,9408.56558222199,0.0,0,20,3780
14457.0,9408.56558222199,0.0,0,20,3780
14458.0,9408.56558222199,0.0,0,20,3780
14459.0,9408.56558222199,0.0,0,20,3780
14460.0,9408.56558222199,0.0,0,20,3780
14461.0,9408.56558222199,0.0,0,20,3780
14462.0,9408.56558222199,0.0,0,20,3780
14463.0,9408.56558222199,0.0,0,20,3780
14464.0,9408.56558222199,0.0,0,20,3780
14465.0,9408.56558222199,0.0,0,20,3780
14466.0,9408.56558222199,0.0,0,20,3780
14467.0,9408.56558222199,0.0,0,20,3780
14468.0,9408.56558222199,0.0,0,20,3780
14469.0,9408.56558222199,0.0,0,20,3780
14470.0,9408.56558222199,0.0,0,20,3780
14471.0,9408.56558222199,0.0,0,20,3780
14472.0,9408.56558222199,0.0,0,20,3780
14473.0,9408.56558222199,0.0,0,20,3780
14474.0,9408.56558222199,0.0,0,20,3780
14475.0,9408.56558222199,0.0,0,20,3780
14476.0,9408.56558222199,0.0,0,20,3780
14477.0,9408.56558222199,0.0,0,20,3780
14478.0,9408.56558222199,0.0,0,20,3780
14479.0,9408.56558222199,0.0,0,20,3780
14480.0,9408.56558222199,0.0,0,20,3780
14481.0,9408.56558222199,0.0,0,20,3780
14482.0,9408.56558222199,0.0,0,20,3780
14483.0,9408.56558222199,0.0,0,20,3780
14484.0,9408.56558222199,0.0,0,20,3780
14485.0,9408.56558222199,0.0,0,20,3780
14486.0,9408.56558222199,0.0,0,20,3780
14487.0,9408.56558222199,0.0,0,20,3780
14488.0,9408.56558222199,0.0,0,20,3780
14489.0,9408.56558222199,0.0,0,20,3780
14490.0,9408.56558222199,0.0,0,20,3780
14491.0,9408.56558222199,0.0,0,20,3780
14492.0,9408.56558222199,0.0,0,20,3780
14493.0,9408.56558222199,0.0,0,20,3780
14494.0,9408.56558222199,0.0,0,20,3780
14495.0,9408.56558222199,0.0,0,20,3780
14496.0,9408.56558222199,0.0,0,20,3780
14497.0,9408.56558222199,0.0,0,20,3780
14498.0,9408.56558222199,0.0,0,20,3780
14499.0,9408.56558222199,0.0,0,20,3780
14500.0,9408.56558222199,0.0,0,20,3780
14501.0,9408.56558222199,0.0,0,20,3780
14502.0,9408.56558222199,0.0,0,20,3780
14503.0,9408.56558222199,0.0,0,20,3780
14504.0,9408.56558222199,0.0,0,20,3780
14505.0,9408.56558222199,0.0,0,20,3780
14506.0,9408.56558222199,0.0,0,20,3780
14507.0,9408.56558222199,0.0,0,20,3780
14508.0,9408.56558222199,0.0,0,20,3780
14509.0,9408.56558222199,0.0,0,20,3780
14510.0,9408.56558222199,0.0,0,20,3780
14511.0,9408.56558222199,0.0,0,20,3780
14512.0,9408.56558222199,0.0,0,20,3780
14513.0,9408.56558222199,0.0,0,20,3780
14514.0,9408.56558222199,0.0,0,20,3780
14515.0,9408.56558222199,0.0,0,20,3780
14516.0,9408.56558222199,0.0,0,20,3780
14517.0,9408.56558222199,0.0,0,20,3780
14518.0,9408.56558222199,0.0,0,20,3780
14519.0,9408.56558222199,0.0,0,20,3780
14520.0,9408.56558222199,0.0,0,20,3780
14521.0,9408.56558222199,0.0,0,20,3780
14522.0,9408.56558222199,0.0,0,20,3780
14523.0,9408.56558222199,0.0,0,20,3780
14524.0,9408.56558222199,0.0,0,20,3780
14525.0,9408.56558222199,0.0,0,20,3780
14526.0,9408.56558222199,0.0,0,20,3780
14527.0,9408.56558222199,0.0,0,20,3780
14528.0,9408.56558222199,0.0,0,20,3780
14529.0,9408.56558222199,0.0,0,20,3780
14530.0,9408.56558222199,0.0,0,20,3780
14531.0,9408.56558222199,0.0,0,20,3780
14532.0,9408.56558222199,0.0,0,20,3780
14533.0,9408.56558222199,0.0,0,20,3780
14534.0,9408.56558222199,0.0,0,20,3780
14535.0,9408.56558222199,0.0,0,20,3780
14536.0,9408.56558222199,0.0,0,20,3780
14537.0,9408.56558222199,0.0,0,20,3780
14538.0,9408.56558222199,0.0,0,20,3780
14539.0,9408.56558222199,0.0,0,20,3780
14540.0,9408.56558222199,0.0,0,20,3780
14541.0,9408.56558222199,0.0,0,20,3780
14542.0,9408.56558222199,0.0,0,20,3780
14543.0,9408.56558222199,0.0,0,20,3780
14544.0,9408.56558222199,0.0,0,20,3780
14545.0,9408.56558222199,0.0,0,20,3780
14546.0,9408.56558222199,0.0,0,20,3780
14547.0,9408.56558222199,0.0,0,20,3780
14548.0,9408.56558222199,0.0,0,20,3780
14549.0,9408.56558222199,0.0,0,20,3780
14550.0,9408.56558222199,0.0,0,20,3780
14551.0,9408.56558222199,0.0,0,20,3780
14552.0,9408.56558222199,0.0,0,20,3780
14553.0,9408.56558222199,0.0,0,20,3780
14554.0,9408.56558222199,0.0,0,20,3780
14555.0,9408.56558222199,0.0,0,20,3780
14556.0,9408.56558222199,0.0,0,20,3780
14557.0,9408.56558222199,0.0,0,20,3780
14558.0,9408.56558222199,0.0,0,20,3780
14559.0,9408.56558222199,0.0,0,20,3780
14560.0,9408.56558222199,0.0,0,20,3780
14561.0,9408.56558222199,0.0,0,20,3780
14562.0,9408.56558222199,0.0,0,20,3780
14563.0,9408.56558222199,0.0,0,20,3780
14564.0,9408.56558222199,0.0,0,20,3780
14565.0,9408.56558222199,0.0,0,20,3780
14566.0,9408.56558222199,0.0,0,20,3780
14567.0,9408.56558222199,0.0,0,20,3780
14568.0,9408.56558222199,0.0,0,20,3780
14569.0,9408.56558222199,0.0,0,20,3780
14570.0,9408.56558222199,0.0,0,20,3780
14571.0,9408.56558222199,0.0,0,20,3780
14572.0,9408.56558222199,0.0,0,20,3780
14573.0,9408.56558222199,0.0,0,20,3780
14574.0,9408.56558222199,0.0,0,20,3780
14575.0,9408.56558222199,0.0,0,20,3780
14576.0,9408.56558222199,0.0,0,20,3780
14577.0,9408.56558222199,0.0,0,20,3780
14578.0,9408.56558222199,0.0,0,20,3780
14579.0,9408.56558222199,0.0,0,20,3780
14580.0,9408.56558222199,0.0,0,20,3780
14581.0,9408.56558222199,0.0,0,20,3780
14582.0,9408.56558222199,0.0,0,20,3780
14583.0,9408.56558222199,0.0,0,20,3780
14584.0,9408.56558222199,0.0,0,20,3780
14585.0,9408.56558222199,0.0,0,20,3780
14586.0,9408.56558222199,0.0,0,20,3780
14587.0,9408.56558222199,0.0,0,20,3780
14588.0,9408.56558222199,0.0,0,20,3780
14589.0,9408.56558222199,0.0,0,20,3780
14590.0,9408.56558222199,0.0,0,20,3780
14591.0,9408.56558222199,0.0,0,20,3780
14592.0,9408.56558222199,0.0,0,20,3780
14593.0,9408.56558222199,0.0,0,20,3780
14594.0,9408.56558222199,0.0,0,20,3780
14595.0,9408.56558222199,0.0,0,20,3780
14596.0,9408.56558222199,0.0,0,20,3780
14597.0,9408.56558222199,0.0,0,20,3780
14598.0,9408.56558222199,0.0,0,20,3780
14599.0,9408.56558222199,0.0,0,20,3780
14600.0,9408.56558222199,0.0,0,20,3780
14601.0,9408.56558222199,0.0,0,20,3780
14602.0,9408.56558222199,0.0,0,20,3780
14603.0,9408.56558222199,0.0,0,20,3780
14604.0,9408.56558222199,0.0,0,20,3780
14605.0,9408.56558222199,0.0,0,20,3780
14606.0,9408.56558222199,0.0,0,20,3780
14607.0,9408.56558222199,0.0,0,20,3780
14608.0,9408.56558222199,0.0,0,20,3780
14609.0,9408.56558222199,0.0,0,20,3780
14610.0,9408.56558222199,0.0,0,20,3780
14611.0,9408.56558222199,0.0,0,20,3780
14612.0,9408.56558222199,0.0,0,20,3780
14613.0,9408.56558222199,0.0,0,20,3780
14614.0,9408.56558222199,0.0,0,20,3780
14615.0,9408.56558222199,0.0,0,20,3780
14616.0,9408.56558222199,0.0,0,20,3780
14617.0,9408.56558222199,0.0,0,20,3780
14618.0,9408.56558222199,0.0,0,20,3780
14619.0,9408.56558222199,0.0,0,20,3780
14620.0,9408.56558222199,0.0,0,20,3780
14621.0,9408.56558222199,0.0,0,20,3780
14622.0,9408.56558222199,0.0,0,20,3780
14623.0,9408.56558222199,0.0,0,20,3780
14624.0,9408.56558222199,0.0,0,20,3780
14625.0,9408.56558222199,0.0,0,20,3780
14626.0,9408.56558222199,0.0,0,20,3780
14627.0,9408.56558222199,0.0,0,20,3780
14628.0,9408.56558222199,0.0,0,20,3780
14629.0,9408.56558222199,0.0,0,20,3780
14630.0,9408.56558222199,0.0,0,20,3780
14631.0,9408.56558222199,0.0,0,20,3780
14632.0,9408.56558222199,0.0,0,20,3780
14633.0,9408.56558222199,0.0,0,20,3780
14634.0,9408.56558222199,0.0,0,20,3780
14635.0,9408.56558222199,0.0,0,20,3780
14636.0,9408.56558222199,0.0,0,20,3780
14637.0,9408.56558222199,0.0,0,20,3780
14638.0,9408.56558222199,0.0,0,20,3780
14639.0,9408.56558222199,0.0,0,20,3780
14640.0,9408.56558222199,0.0,0,20,3780
14641.0,9408.56558222199,0.0,0,20,3780
14642.0,9408.56558222199,0.0,0,20,3780
14643.0,9408.56558222199,0.0,0,20,3780
14644.0,9408.56558222199,0.0,0,20,3780
14645.0,9408.56558222199,0.0,0,20,3780
14646.0,9408.56558222199,0.0,0,20,3780
14647.0,9408.56558222199,0.0,0,20,3780
14648.0,9408.56558222199,0.0,0,20,3780
14649.0,9408.56558222199,0.0,0,20,3780
14650.0,9408.56558222199,0.0,0,20,3780
14651.0,9408.56558222199,0.0,0,20,3780
14652.0,9408.56558222199,0.0,0,20,3780
14653.0,9408.56558222199,0.0,0,20,3780
14654.0,9408.56558222199,0.0,0,20,3780
14655.0,9408.56558222199,0.0,0,20,3780
14656.0,9408.56558222199,0.0,0,20,3780
14657.0,9408.56558222199,0.0,0,20,3780
14658.0,9408.56558222199,0.0,0,20,3780
14659.0,9408.56558222199,0.0,0,20,3780
14660.0,9408.56558222199,0.0,0,20,3780
14661.0,9408.56558222199,0.0,0,20,3780
14662.0,9408.56558222199,0.0,0,20,3780
14663.0,9408.56558222199,0.0,0,20,3780
14664.0,9408.56558222199,0.0,0,20,3780
14665.0,9408.56558222199,0.0,0,20,3780
14666.0,9408.56558222199,0.0,0,20,3780
14667.0,9408.56558222199,0.0,0,20,3780
14668.0,9408.56558222199,0.0,0,20,3780
14669.0,9408.56558222199,0.0,0,20,3780
14670.0,9408.56558222199,0.0,0,20,3780
14671.0,9408.56558222199,0.0,0,20,3780
14672.0,9408.56558222199,0.0,0,20,3780
14673.0,9408.56558222199,0.0,0,20,3780
14674.0,9408.56558222199,0.0,0,20,3780
14675.0,9408.56558222199,0.0,0,20,3780
14676.0,9408.56558222199,0.0,0,20,3780
14677.0,9408.56558222199,0.0,0,20,3780
14678.0,9408.56558222199,0.0,0,20,3780
14679.0,9408.56558222199,0.0,0,20,3780
14680.0,9408.56558222199,0.0,0,20,3780
14681.0,9408.56558222199,0.0,0,20,3780
14682.0,9408.56558222199,0.0,0,20,3780
14683.0,9408.56558222199,0.0,0,20,3780
14684.0,9408.56558222199,0.0,0,20,3780
14685.0,9408.56558222199,0.0,0,20,3780
14686.0,9408.56558222199,0.0,0,20,3780
14687.0,9408.56558222199,0.0,0,20,3780
14688.0,9408.56558222199,0.0,0,20,3780
14689.0,9408.56558222199,0.0,0,20,3780
14690.0,9408.56558222199,0.0,0,20,3780
14691.0,9408.56558222199,0.0,0,20,3780
14692.0,9408.56558222199,0.0,0,20,3780
14693.0,9408.56558222199,0.0,0,20,3780
14694.0,9408.56558222199,0.0,0,20,3780
14695.0,9408.56558222199,0.0,0,20,3780
14696.0,9408.56558222199,0.0,0,20,3780
14697.0,9408.56558222199,0.0,0,20,3780
14698.0,9408.56558222199,0.0,0,20,3780
14699.0,9408.56558222199,0.0,0,20,3780
14700.0,9408.56558222199,0.0,0,20,3780
14701.0,9408.56558222199,0.0,0,20,3780
14702.0,9408.56558222199,0.0,0,20,3780
14703.0,9408.56558222199,0.0,0,20,3780
14704.0,9408.56558222199,0.0,0,20,3780
14705.0,9408.56558222199,0.0,0,20,3780
14706.0,9408.56558222199,0.0,0,20,3780
14707.0,9408.56558222199,0.0,0,20,3780
14708.0,9408.56558222199,0.0,0,20,3780
14709.0,9408.56558222199,0.0,0,20,3780
14710.0,9408.56558222199,0.0,0,20,3780
14711.0,9408.56558222199,0.0,0,20,3780
14712.0,9408.56558222199,0.0,0,20,3780
14713.0,9408.56558222199,0.0,0,20,3780
14714.0,9408.56558222199,0.0,0,20,3780
14715.0,9408.56558222199,0.0,0,20,3780
14716.0,9408.56558222199,0.0,0,20,3780
14717.0,9408.56558222199,0.0,0,20,3780
14718.0,9408.56558222199,0.0,0,20,3780
14719.0,9408.56558222199,0.0,0,20,3780
14720.0,9408.56558222199,0.0,0,20,3780
14721.0,9408.56558222199,0.0,0,20,3780
14722.0,9408.56558222199,0.0,0,20,3780
14723.0,9408.56558222199,0.0,0,20,3780
14724.0,9408.56558222199,0.0,0,20,3780
14725.0,9408.56558222199,0.0,0,20,3780
14726.0,9408.56558222199,0.0,0,20,3780
14727.0,9408.56558222199,0.0,0,20,3780
14728.0,9408.56558222199,0.0,0,20,3780
14729.0,9408.56558222199,0.0,0,20,3780
14730.0,9408.56558222199,0.0,0,20,3780
14731.0,9408.56558222199,0.0,0,20,3780
14732.0,9408.56558222199,0.0,0,20,3780
14733.0,9408.56558222199,0.0,0,20,3780
14734.0,9408.56558222199,0.0,0,20,3780
14735.0,9408.56558222199,0.0,0,20,3780
14736.0,9408.56558222199,0.0,0,20,3780
14737.0,9408.56558222199,0.0,0,20,3780
14738.0,9408.56558222199,0.0,0,20,3780
14739.0,9408.56558222199,0.0,0,20,3780
14740.0,9408.56558222199,0.0,0,20,3780
14741.0,9408.56558222199,0.0,0,20,3780
14742.0,9408.56558222199,0.0,0,20,3780
14743.0,9408.56558222199,0.0,0,20,3780
14744.0,9408.56558222199,0.0,0,20,3780
14745.0,9408.56558222199,0.0,0,20,3780
14746.0,9408.56558222199,0.0,0,20,3780
14747.0,9408.56558222199,0.0,0,20,3780
14748.0,9408.56558222199,0.0,0,20,3780
14749.0,9408.56558222199,0.0,0,20,3780
14750.0,9408.56558222199,0.0,0,20,3780
14751.0,9408.56558222199,0.0,0,20,3780
14752.0,9408.56558222199,0.0,0,20,3780
14753.0,9408.56558222199,0.0,0,20,3780
14754.0,9408.56558222199,0.0,0,20,3780
14755.0,9408.56558222199,0.0,0,20,3780
14756.0,9408.56558222199,0.0,0,20,3780
14757.0,9408.56558222199,0.0,0,20,3780
14758.0,9408.56558222199,0.0,0,20,3780
14759.0,9408.56558222199,0.0,0,20,3780
14760.0,9408.56558222199,0.0,0,20,3780
14761.0,9408.56558222199,0.0,0,20,3780
14762.0,9408.56558222199,0.0,0,20,3780
14763.0,9408.56558222199,0.0,0,20,3780
14764.0,9408.56558222199,0.0,0,20,3780
14765.0,9408.56558222199,0.0,0,20,3780
14766.0,9408.56558222199,0.0,0,20,3780
14767.0,9408.56558222199,0.0,0,20,3780
14768.0,9408.56558222199,0.0,0,20,3780
14769.0,9408.56558222199,0.0,0,20,3780
14770.0,9408.56558222199,0.0,0,20,3780
14771.0,9408.56558222199,0.0,0,20,3780
14772.0,9408.56558222199,0.0,0,20,3780
14773.0,9408.56558222199,0.0,0,20,3780
14774.0,9408.56558222199,0.0,0,20,3780
14775.0,9408.56558222199,0.0,0,20,3780
14776.0,9408.56558222199,0.0,0,20,3780
14777.0,9408.56558222199,0.0,0,20,3780
14778.0,9408.56558222199,0.0,0,20,3780
14779.0,9408.56558222199,0.0,0,20,3780
14780.0,9408.56558222199,0.0,0,20,3780
14781.0,9408.56558222199,0.0,0,20,3780
14782.0,9408.56558222199,0.0,0,20,3780
14783.0,9408.56558222199,0.0,0,20,3780
14784.0,9408.56558222199,0.0,0,20,3780
14785.0,9408.56558222199,0.0,0,20,3780
14786.0,9408.56558222199,0.0,0,20,3780
14787.0,9408.56558222199,0.0,0,20,3780
14788.0,9408.56558222199,0.0,0,20,3780
14789.0,9408.56558222199,0.0,0,20,3780
14790.0,9408.56558222199,0.0,0,20,3780
14791.0,9408.56558222199,0.0,0,20,3780
14792.0,9408.56558222199,0.0,0,20,3780
14793.0,9408.56558222199,0.0,0,20,3780
14794.0,9408.56558222199,0.0,0,20,3780
14795.0,9408.56558222199,0.0,0,20,3780
14796.0,9408.56558222199,0.0,0,20,3780
14797.0,9408.56558222199,0.0,0,20,3780
14798.0,9408.56558222199,0.0,0,20,3780
14799.0,9408.56558222199,0.0,0,20,3780
14800.0,9408.56558222199,0.0,0,20,3780
14801.0,9408.56558222199,0.0,0,20,3780
14802.0,9408.56558222199,0.0,0,20,3780
14803.0,9408.56558222199,0.0,0,20,3780
14804.0,9408.56558222199,0.0,0,20,3780
14805.0,9408.56558222199,0.0,0,20,3780
14806.0,9408.56558222199,0.0,0,20,3780
14807.0,9408.56558222199,0.0,0,20,3780
14808.0,9408.56558222199,0.0,0,20,3780
14809.0,9408.56558222199,0.0,0,20,3780
14810.0,9408.56558222199,0.0,0,20,3780
14811.0,9408.56558222199,0.0,0,20,3780
14812.0,9408.56558222199,0.0,0,20,3780
14813.0,9408.56558222199,0.0,0,20,3780
14814.0,9408.56558222199,0.0,0,20,3780
14815.0,9408.56558222199,0.0,0,20,3780
14816.0,9408.56558222199,0.0,0,20,3780
14817.0,9408.56558222199,0.0,0,20,3780
14818.0,9408.56558222199,0.0,0,20,3780
14819.0,9408.56558222199,0.0,0,20,3780
14820.0,9408.56558222199,0.0,0,20,3780
14821.0,9408.56558222199,0.0,0,20,3780
14822.0,9408.56558222199,0.0,0,20,3780
14823.0,9408.56558222199,0.0,0,20,3780
14824.0,9408.56558222199,0.0,0,20,3780
14825.0,9408.56558222199,0.0,0,20,3780
14826.0,9408.56558222199,0.0,0,20,3780
14827.0,9408.56558222199,0.0,0,20,3780
14828.0,9408.56558222199,0.0,0,20,3780
14829.0,9408.56558222199,0.0,0,20,3780
14830.0,9408.56558222199,0.0,0,20,3780
14831.0,9408.56558222199,0.0,0,20,3780
14832.0,9408.56558222199,0.0,0,20,3780
14833.0,9408.56558222199,0.0,0,20,3780
14834.0,9408.56558222199,0.0,0,20,3780
14835.0,9408.56558222199,0.0,0,20,3780
14836.0,9408.56558222199,0.0,0,20,3780
14837.0,9408.56558222199,0.0,0,20,3780
14838.0,9408.56558222199,0.0,0,20,3780
14839.0,9408.56558222199,0.0,0,20,3780
14840.0,9408.56558222199,0.0,0,20,3780
14841.0,9408.56558222199,0.0,0,20,3780
14842.0,9408.56558222199,0.0,0,20,3780
14843.0,9408.56558222199,0.0,0,20,3780
14844.0,9408.56558222199,0.0,0,20,3780
14845.0,9408.56558222199,0.0,0,20,3780
14846.0,9408.56558222199,0.0,0,20,3780
14847.0,9408.56558222199,0.0,0,20,3780
14848.0,9408.56558222199,0.0,0,20,3780
14849.0,9408.56558222199,0.0,0,20,3780
14850.0,9408.56558222199,0.0,0,20,3780
14851.0,9408.56558222199,0.0,0,20,3780
14852.0,9408.56558222199,0.0,0,20,3780
14853.0,9408.56558222199,0.0,0,20,3780
14854.0,9408.56558222199,0.0,0,20,3780
14855.0,9408.56558222199,0.0,0,20,3780
14856.0,9408.56558222199,0.0,0,20,3780
14857.0,9408.56558222199,0.0,0,20,3780
14858.0,9408.56558222199,0.0,0,20,3780
14859.0,9408.56558222199,0.0,0,20,3780
14860.0,9408.56558222199,0.0,0,20,3780
14861.0,9408.56558222199,0.0,0,20,3780
14862.0,9408.56558222199,0.0,0,20,3780
14863.0,9408.56558222199,0.0,0,20,3780
14864.0,9408.56558222199,0.0,0,20,3780
14865.0,9408.56558222199,0.0,0,20,3780
14866.0,9408.56558222199,0.0,0,20,3780
14867.0,9408.56558222199,0.0,0,20,3780
14868.0,9408.56558222199,0.0,0,20,3780
14869.0,9408.56558222199,0.0,0,20,3780
14870.0,9408.56558222199,0.0,0,20,3780
14871.0,9408.56558222199,0.0,0,20,3780
14872.0,9408.56558222199,0.0,0,20,3780
14873.0,9408.56558222199,0.0,0,20,3780
14874.0,9408.56558222199,0.0,0,20,3780
14875.0,9408.56558222199,0.0,0,20,3780
14876.0,9408.56558222199,0.0,0,20,3780
14877.0,9408.56558222199,0.0,0,20,3780
14878.0,9408.56558222199,0.0,0,20,3780
14879.0,9408.56558222199,0.0,0,20,3780
14880.0,9408.56558222199,0.0,0,20,3780
14881.0,9408.56558222199,0.0,0,20,3780
14882.0,9408.56558222199,0.0,0,20,3780
14883.0,9408.56558222199,0.0,0,20,3780
14884.0,9408.56558222199,0.0,0,20,3780
14885.0,9408.56558222199,0.0,0,20,3780
14886.0,9408.56558222199,0.0,0,20,3780
14887.0,9408.56558222199,0.0,0,20,3780
14888.0,9408.56558222199,0.0,0,20,3780
14889.0,9408.56558222199,0.0,0,20,3780
14890.0,9408.56558222199,0.0,0,20,3780
14891.0,9408.56558222199,0.0,0,20,3780
14892.0,9408.56558222199,0.0,0,20,3780
14893.0,9408.56558222199,0.0,0,20,3780
14894.0,9408.56558222199,0.0,0,20,3780
14895.0,9408.56558222199,0.0,0,20,3780
14896.0,9408.56558222199,0.0,0,20,3780
14897.0,9408.56558222199,0.0,0,20,3780
14898.0,9408.56558222199,0.0,0,20,3780
14899.0,9408.56558222199,0.0,0,20,3780
14900.0,9408.56558222199,0.0,0,20,3780
14901.0,9408.56558222199,0.0,0,20,3780
14902.0,9408.56558222199,0.0,0,20,3780
14903.0,9408.56558222199,0.0,0,20,3780
14904.0,9408.56558222199,0.0,0,20,3780
14905.0,9408.56558222199,0.0,0,20,3780
14906.0,9408.56558222199,0.0,0,20,3780
14907.0,9408.56558222199,0.0,0,20,3780
14908.0,9408.56558222199,0.0,0,20,3780
14909.0,9408.56558222199,0.0,0,20,3780
14910.0,9408.56558222199,0.0,0,20,3780
14911.0,9408.56558222199,0.0,0,20,3780
14912.0,9408.56558222199,0.0,0,20,3780
14913.0,9408.56558222199,0.0,0,20,3780
14914.0,9408.56558222199,0.0,0,20,3780
14915.0,9408.56558222199,0.0,0,20,3780
14916.0,9408.56558222199,0.0,0,20,3780
14917.0,9408.56558222199,0.0,0,20,3780
14918.0,9408.56558222199,0.0,0,20,3780
14919.0,9408.56558222199,0.0,0,20,3780
14920.0,9408.56558222199,0.0,0,20,3780
14921.0,9408.56558222199,0.0,0,20,3780
14922.0,9408.56558222199,0.0,0,20,3780
14923.0,9408.56558222199,0.0,0,20,3780
14924.0,9408.56558222199,0.0,0,20,3780
14925.0,9408.56558222199,0.0,0,20,3780
14926.0,9408.56558222199,0.0,0,20,3780
14927.0,9408.56558222199,0.0,0,20,3780
14928.0,9408.56558222199,0.0,0,20,3780
14929.0,9408.56558222199,0.0,0,20,3780
14930.0,9408.56558222199,0.0,0,20,3780
14931.0,9408.56558222199,0.0,0,20,3780
14932.0,9408.56558222199,0.0,0,20,3780
14933.0,9408.56558222199,0.0,0,20,3780
14934.0,9408.56558222199,0.0,0,20,3780
14935.0,9408.56558222199,0.0,0,20,3780
14936.0,9408.56558222199,0.0,0,20,3780
14937.0,9408.56558222199,0.0,0,20,3780
14938.0,9408.56558222199,0.0,0,20,3780
14939.0,9408.56558222199,0.0,0,20,3780
14940.0,9408.56558222199,0.0,0,20,3780
14941.0,9408.56558222199,0.0,0,20,3780
14942.0,9408.56558222199,0.0,0,20,3780
14943.0,9408.56558222199,0.0,0,20,3780
14944.0,9408.56558222199,0.0,0,20,3780
14945.0,9408.56558222199,0.0,0,20,3780
14946.0,9408.56558222199,0.0,0,20,3780
14947.0,9408.56558222199,0.0,0,20,3780
14948.0,9408.56558222199,0.0,0,20,3780
14949.0,9408.56558222199,0.0,0,20,3780
14950.0,9408.56558222199,0.0,0,20,3780
14951.0,9408.56558222199,0.0,0,20,3780
14952.0,9408.56558222199,0.0,0,20,3780
14953.0,9408.56558222199,0.0,0,20,3780
14954.0,9408.56558222199,0.0,0,20,3780
14955.0,9408.56558222199,0.0,0,20,3780
14956.0,9408.56558222199,0.0,0,20,3780
14957.0,9408.56558222199,0.0,0,20,3780
14958.0,9408.56558222199,0.0,0,20,3780
14959.0,9408.56558222199,0.0,0,20,3780
14960.0,9408.56558222199,0.0,0,20,3780
14961.0,9408.56558222199,0.0,0,20,3780
14962.0,9408.56558222199,0.0,0,20,3780
14963.0,9408.56558222199,0.0,0,20,3780
14964.0,9408.56558222199,0.0,0,20,3780
14965.0,9408.56558222199,0.0,0,20,3780
14966.0,9408.56558222199,0.0,0,20,3780
14967.0,9408.56558222199,0.0,0,20,3780
14968.0,9408.56558222199,0.0,0,20,3780
14969.0,9408.56558222199,0.0,0,20,3780
14970.0,9408.56558222199,0.0,0,20,3780
14971.0,9408.56558222199,0.0,0,20,3780
14972.0,9408.56558222199,0.0,0,20,3780
14973.0,9408.56558222199,0.0,0,20,3780
14974.0,9408.56558222199,0.0,0,20,3780
14975.0,9408.56558222199,0.0,0,20,3780
14976.0,9408.56558222199,0.0,0,20,3780
14977.0,9408.56558222199,0.0,0,20,3780
14978.0,9408.56558222199,0.0,0,20,3780
14979.0,9408.56558222199,0.0,0,20,3780
14980.0,9408.56558222199,0.0,0,20,3780
14981.0,9408.56558222199,0.0,0,20,3780
14982.0,9408.56558222199,0.0,0,20,3780
14983.0,9408.56558222199,0.0,0,20,3780
14984.0,9408.56558222199,0.0,0,20,3780
14985.0,9408.56558222199,0.0,0,20,3780
14986.0,9408.56558222199,0.0,0,20,3780
14987.0,9408.56558222199,0.0,0,20,3780
14988.0,9408.56558222199,0.0,0,20,3780
14989.0,9408.56558222199,0.0,0,20,3780
14990.0,9408.56558222199,0.0,0,20,3780
14991.0,9408.56558222199,0.0,0,20,3780
14992.0,9408.56558222199,0.0,0,20,3780
14993.0,9408.56558222199,0.0,0,20,3780
14994.0,9408.56558222199,0.0,0,20,3780
14995.0,9408.56558222199,0.0,0,20,3780
14996.0,9408.56558222199,0.0,0,20,3780
14997.0,9408.56558222199,0.0,0,20,3780
14998.0,9408.56558222199,0.0,0,20,3780
14999.0,9408.56558222199,0.0,0,20,3780
15000.0,9408.56558222199,0.0,0,20,3780
15001.0,9408.56558222199,0.0,0,20,3780
15002.0,9408.56558222199,0.0,0,20,3780
15003.0,9408.56558222199,0.0,0,20,3780
15004.0,9408.56558222199,0.0,0,20,3780
15005.0,9408.56558222199,0.0,0,20,3780
15006.0,9408.56558222199,0.0,0,20,3780
15007.0,9408.56558222199,0.0,0,20,3780
15008.0,9408.56558222199,0.0,0,20,3780
15009.0,9408.56558222199,0.0,0,20,3780
15010.0,9408.56558222199,0.0,0,20,3780
15011.0,9408.56558222199,0.0,0,20,3780
15012.0,9408.56558222199,0.0,0,20,3780
15013.0,9408.56558222199,0.0,0,20,3780
15014.0,9408.56558222199,0.0,0,20,3780
15015.0,9408.56558222199,0.0,0,20,3780
15016.0,9408.56558222199,0.0,0,20,3780
15017.0,9408.56558222199,0.0,0,20,3780
15018.0,9408.56558222199,0.0,0,20,3780
15019.0,9408.56558222199,0.0,0,20,3780
15020.0,9408.56558222199,0.0,0,20,3780
15021.0,9408.56558222199,0.0,0,20,3780
15022.0,9408.56558222199,0.0,0,20,3780
15023.0,9408.56558222199,0.0,0,20,3780
15024.0,9408.56558222199,0.0,0,20,3780
15025.0,9408.56558222199,0.0,0,20,3780
15026.0,9408.56558222199,0.0,0,20,3780
15027.0,9408.56558222199,0.0,0,20,3780
15028.0,9408.56558222199,0.0,0,20,3780
15029.0,9408.56558222199,0.0,0,20,3780
15030.0,9408.56558222199,0.0,0,20,3780
15031.0,9408.56558222199,0.0,0,20,3780
15032.0,9408.56558222199,0.0,0,20,3780
15033.0,9408.56558222199,0.0,0,20,3780
15034.0,9408.56558222199,0.0,0,20,3780
15035.0,9408.56558222199,0.0,0,20,3780
15036.0,9408.56558222199,0.0,0,20,3780
15037.0,9408.56558222199,0.0,0,20,3780
15038.0,9408.56558222199,0.0,0,20,3780
15039.0,9408.56558222199,0.0,0,20,3780
15040.0,9408.56558222199,0.0,0,20,3780
15041.0,9408.56558222199,0.0,0,20,3780
15042.0,9408.56558222199,0.0,0,20,3780
15043.0,9408.56558222199,0.0,0,20,3780
15044.0,9408.56558222199,0.0,0,20,3780
15045.0,9408.56558222199,0.0,0,20,3780
15046.0,9408.56558222199,0.0,0,20,3780
15047.0,9408.56558222199,0.0,0,20,3780
15048.0,9408.56558222199,0.0,0,20,3780
15049.0,9408.56558222199,0.0,0,20,3780
15050.0,9408.56558222199,0.0,0,20,3780
15051.0,9408.56558222199,0.0,0,20,3780
15052.0,9408.56558222199,0.0,0,20,3780
15053.0,9408.56558222199,0.0,0,20,3780
15054.0,9408.56558222199,0.0,0,20,3780
15055.0,9408.56558222199,0.0,0,20,3780
15056.0,9408.56558222199,0.0,0,20,3780
15057.0,9408.56558222199,0.0,0,20,3780
15058.0,9408.56558222199,0.0,0,20,3780
15059.0,9408.56558222199,0.0,0,20,3780
15060.0,9408.56558222199,0.0,0,20,3780
15061.0,9408.56558222199,0.0,0,20,3780
15062.0,9408.56558222199,0.0,0,20,3780
15063.0,9408.56558222199,0.0,0,20,3780
15064.0,9408.56558222199,0.0,0,20,3780
15065.0,9408.56558222199,0.0,0,20,3780
15066.0,9408.56558222199,0.0,0,20,3780
15067.0,9408.56558222199,0.0,0,20,3780
15068.0,9408.56558222199,0.0,0,20,3780
15069.0,9408.56558222199,0.0,0,20,3780
15070.0,9408.56558222199,0.0,0,20,3780
15071.0,9408.56558222199,0.0,0,20,3780
15072.0,9408.56558222199,0.0,0,20,3780
15073.0,9408.56558222199,0.0,0,20,3780
15074.0,9408.56558222199,0.0,0,20,3780
15075.0,9408.56558222199,0.0,0,20,3780
15076.0,9408.56558222199,0.0,0,20,3780
15077.0,9408.56558222199,0.0,0,20,3780
15078.0,9408.56558222199,0.0,0,20,3780
15079.0,9408.56558222199,0.0,0,20,3780
15080.0,9408.56558222199,0.0,0,20,3780
15081.0,9408.56558222199,0.0,0,20,3780
15082.0,9408.56558222199,0.0,0,20,3780
15083.0,9408.56558222199,0.0,0,20,3780
15084.0,9408.56558222199,0.0,0,20,3780
15085.0,9408.56558222199,0.0,0,20,3780
15086.0,9408.56558222199,0.0,0,20,3780
15087.0,9408.56558222199,0.0,0,20,3780
15088.0,9408.56558222199,0.0,0,20,3780
15089.0,9408.56558222199,0.0,0,20,3780
15090.0,9408.56558222199,0.0,0,20,3780
15091.0,9408.56558222199,0.0,0,20,3780
15092.0,9408.56558222199,0.0,0,20,3780
15093.0,9408.56558222199,0.0,0,20,3780
15094.0,9408.56558222199,0.0,0,20,3780
15095.0,9408.56558222199,0.0,0,20,3780
15096.0,9408.56558222199,0.0,0,20,3780
15097.0,9408.56558222199,0.0,0,20,3780
15098.0,9408.56558222199,0.0,0,20,3780
15099.0,9408.56558222199,0.0,0,20,3780
15100.0,9408.56558222199,0.0,0,20,3780
15101.0,9408.56558222199,0.0,0,20,3780
15102.0,9408.56558222199,0.0,0,20,3780
15103.0,9408.56558222199,0.0,0,20,3780
15104.0,9408.56558222199,0.0,0,20,3780
15105.0,9408.56558222199,0.0,0,20,3780
15106.0,9408.56558222199,0.0,0,20,3780
15107.0,9408.56558222199,0.0,0,20,3780
15108.0,9408.56558222199,0.0,0,20,3780
15109.0,9408.56558222199,0.0,0,20,3780
15110.0,9408.56558222199,0.0,0,20,3780
15111.0,9408.56558222199,0.0,0,20,3780
15112.0,9408.56558222199,0.0,0,20,3780
15113.0,9408.56558222199,0.0,0,20,3780
15114.0,9408.56558222199,0.0,0,20,3780
15115.0,9408.56558222199,0.0,0,20,3780
15116.0,9408.56558222199,0.0,0,20,3780
15117.0,9408.56558222199,0.0,0,20,3780
15118.0,9408.56558222199,0.0,0,20,3780
15119.0,9408.56558222199,0.0,0,20,3780
15120.0,9408.56558222199,0.0,0,20,3780
15121.0,9408.56558222199,0.0,0,20,3780
15122.0,9408.56558222199,0.0,0,20,3780
15123.0,9408.56558222199,0.0,0,20,3780
15124.0,9408.56558222199,0.0,0,20,3780
15125.0,9408.56558222199,0.0,0,20,3780
15126.0,9408.56558222199,0.0,0,20,3780
15127.0,9408.56558222199,0.0,0,20,3780
15128.0,9408.56558222199,0.0,0,20,3780
15129.0,9408.56558222199,0.0,0,20,3780
15130.0,9408.56558222199,0.0,0,20,3780
15131.0,9408.56558222199,0.0,0,20,3780
15132.0,9408.56558222199,0.0,0,20,3780
15133.0,9408.56558222199,0.0,0,20,3780
15134.0,9408.56558222199,0.0,0,20,3780
15135.0,9408.56558222199,0.0,0,20,3780
15136.0,9408.56558222199,0.0,0,20,3780
15137.0,9408.56558222199,0.0,0,20,3780
15138.0,9408.56558222199,0.0,0,20,3780
15139.0,9408.56558222199,0.0,0,20,3780
15140.0,9408.56558222199,0.0,0,20,3780
15141.0,9408.56558222199,0.0,0,20,3780
15142.0,9408.56558222199,0.0,0,20,3780
15143.0,9408.56558222199,0.0,0,20,3780
15144.0,9408.56558222199,0.0,0,20,3780
15145.0,9408.56558222199,0.0,0,20,3780
15146.0,9408.56558222199,0.0,0,20,3780
15147.0,9408.56558222199,0.0,0,20,3780
15148.0,9408.56558222199,0.0,0,20,3780
15149.0,9408.56558222199,0.0,0,20,3780
15150.0,9408.56558222199,0.0,0,20,3780
15151.0,9408.56558222199,0.0,0,20,3780
15152.0,9408.56558222199,0.0,0,20,3780
15153.0,9408.56558222199,0.0,0,20,3780
15154.0,9408.56558222199,0.0,0,20,3780
15155.0,9408.56558222199,0.0,0,20,3780
15156.0,9408.56558222199,0.0,0,20,3780
15157.0,9408.56558222199,0.0,0,20,3780
15158.0,9408.56558222199,0.0,0,20,3780
15159.0,9408.56558222199,0.0,0,20,3780
15160.0,9408.56558222199,0.0,0,20,3780
15161.0,9408.56558222199,0.0,0,20,3780
15162.0,9408.56558222199,0.0,0,20,3780
15163.0,9408.56558222199,0.0,0,20,3780
15164.0,9408.56558222199,0.0,0,20,3780
15165.0,9408.56558222199,0.0,0,20,3780
15166.0,9408.56558222199,0.0,0,20,3780
15167.0,9408.56558222199,0.0,0,20,3780
15168.0,9408.56558222199,0.0,0,20,3780
15169.0,9408.56558222199,0.0,0,20,3780
15170.0,9408.56558222199,0.0,0,20,3780
15171.0,9408.56558222199,0.0,0,20,3780
15172.0,9408.56558222199,0.0,0,20,3780
15173.0,9408.56558222199,0.0,0,20,3780
15174.0,9408.56558222199,0.0,0,20,3780
15175.0,9408.56558222199,0.0,0,20,3780
15176.0,9408.56558222199,0.0,0,20,3780
15177.0,9408.56558222199,0.0,0,20,3780
15178.0,9408.56558222199,0.0,0,20,3780
15179.0,9408.56558222199,0.0,0,20,3780
15180.0,9408.56558222199,0.0,0,20,3780
15181.0,9408.56558222199,0.0,0,20,3780
15182.0,9408.56558222199,0.0,0,20,3780
15183.0,9408.56558222199,0.0,0,20,3780
15184.0,9408.56558222199,0.0,0,20,3780
15185.0,9408.56558222199,0.0,0,20,3780
15186.0,9408.56558222199,0.0,0,20,3780
15187.0,9408.56558222199,0.0,0,20,3780
15188.0,9408.56558222199,0.0,0,20,3780
15189.0,9408.56558222199,0.0,0,20,3780
15190.0,9408.56558222199,0.0,0,20,3780
15191.0,9408.56558222199,0.0,0,20,3780
15192.0,9408.56558222199,0.0,0,20,3780
15193.0,9408.56558222199,0.0,0,20,3780
15194.0,9408.56558222199,0.0,0,20,3780
15195.0,9408.56558222199,0.0,0,20,3780
15196.0,9408.56558222199,0.0,0,20,3780
15197.0,9408.56558222199,0.0,0,20,3780
15198.0,9408.56558222199,0.0,0,20,3780
15199.0,9408.56558222199,0.0,0,20,3780
15200.0,9408.56558222199,0.0,0,20,3780
15201.0,9408.56558222199,0.0,0,20,3780
15202.0,9408.56558222199,0.0,0,20,3780
15203.0,9408.56558222199,0.0,0,20,3780
15204.0,9408.56558222199,0.0,0,20,3780
15205.0,9408.56558222199,0.0,0,20,3780
15206.0,9408.56558222199,0.0,0,20,3780
15207.0,9408.56558222199,0.0,0,20,3780
15208.0,9408.56558222199,0.0,0,20,3780
15209.0,9408.56558222199,0.0,0,20,3780
15210.0,9408.56558222199,0.0,0,20,3780
15211.0,9408.56558222199,0.0,0,20,3780
15212.0,9408.56558222199,0.0,0,20,3780
15213.0,9408.56558222199,0.0,0,20,3780
15214.0,9408.56558222199,0.0,0,20,3780
15215.0,9408.56558222199,0.0,0,20,3780
15216.0,9408.56558222199,0.0,0,20,3780
15217.0,9408.56558222199,0.0,0,20,3780
15218.0,9408.56558222199,0.0,0,20,3780
15219.0,9408.56558222199,0.0,0,20,3780
15220.0,9408.56558222199,0.0,0,20,3780
15221.0,9408.56558222199,0.0,0,20,3780
15222.0,9408.56558222199,0.0,0,20,3780
15223.0,9408.56558222199,0.0,0,20,3780
15224.0,9408.56558222199,0.0,0,20,3780
15225.0,9408.56558222199,0.0,0,20,3780
15226.0,9408.56558222199,0.0,0,20,3780
15227.0,9408.56558222199,0.0,0,20,3780
15228.0,9408.56558222199,0.0,0,20,3780
15229.0,9408.56558222199,0.0,0,20,3780
15230.0,9408.56558222199,0.0,0,20,3780
15231.0,9408.56558222199,0.0,0,20,3780
15232.0,9408.56558222199,0.0,0,20,3780
15233.0,9408.56558222199,0.0,0,20,3780
15234.0,9408.56558222199,0.0,0,20,3780
15235.0,9408.56558222199,0.0,0,20,3780
15236.0,9408.56558222199,0.0,0,20,3780
15237.0,9408.56558222199,0.0,0,20,3780
15238.0,9408.56558222199,0.0,0,20,3780
15239.0,9408.56558222199,0.0,0,20,3780
15240.0,9408.56558222199,0.0,0,20,3780
15241.0,9408.56558222199,0.0,0,20,3780
15242.0,9408.56558222199,0.0,0,20,3780
15243.0,9408.56558222199,0.0,0,20,3780
15244.0,9408.56558222199,0.0,0,20,3780
15245.0,9408.56558222199,0.0,0,20,3780
15246.0,9408.56558222199,0.0,0,20,3780
15247.0,9408.56558222199,0.0,0,20,3780
15248.0,9408.56558222199,0.0,0,20,3780
15249.0,9408.56558222199,0.0,0,20,3780
15250.0,9408.56558222199,0.0,0,20,3780
15251.0,9408.56558222199,0.0,0,20,3780
15252.0,9408.56558222199,0.0,0,20,3780
15253.0,9408.56558222199,0.0,0,20,3780
15254.0,9408.56558222199,0.0,0,20,3780
15255.0,9408.56558222199,0.0,0,20,3780
15256.0,9408.56558222199,0.0,0,20,3780
15257.0,9408.56558222199,0.0,0,20,3780
15258.0,9408.56558222199,0.0,0,20,3780
15259.0,9408.56558222199,0.0,0,20,3780
15260.0,9408.56558222199,0.0,0,20,3780
15261.0,9408.56558222199,0.0,0,20,3780
15262.0,9408.56558222199,0.0,0,20,3780
15263.0,9408.56558222199,0.0,0,20,3780
15264.0,9408.56558222199,0.0,0,20,3780
15265.0,9408.56558222199,0.0,0,20,3780
15266.0,9408.56558222199,0.0,0,20,3780
15267.0,9408.56558222199,0.0,0,20,3780
15268.0,9408.56558222199,0.0,0,20,3780
15269.0,9408.56558222199,0.0,0,20,3780
15270.0,9408.56558222199,0.0,0,20,3780
15271.0,9408.56558222199,0.0,0,20,3780
15272.0,9408.56558222199,0.0,0,20,3780
15273.0,9408.56558222199,0.0,0,20,3780
15274.0,9408.56558222199,0.0,0,20,3780
15275.0,9408.56558222199,0.0,0,20,3780
15276.0,9408.56558222199,0.0,0,20,3780
15277.0,9408.56558222199,0.0,0,20,3780
15278.0,9408.56558222199,0.0,0,20,3780
15279.0,9408.56558222199,0.0,0,20,3780
15280.0,9408.56558222199,0.0,0,20,3780
15281.0,9408.56558222199,0.0,0,20,3780
15282.0,9408.56558222199,0.0,0,20,3780
15283.0,9408.56558222199,0.0,0,20,3780
15284.0,9408.56558222199,0.0,0,20,3780
15285.0,9408.56558222199,0.0,0,20,3780
15286.0,9408.56558222199,0.0,0,20,3780
15287.0,9408.56558222199,0.0,0,20,3780
15288.0,9408.56558222199,0.0,0,20,3780
15289.0,9408.56558222199,0.0,0,20,3780
15290.0,9408.56558222199,0.0,0,20,3780
15291.0,9408.56558222199,0.0,0,20,3780
15292.0,9408.56558222199,0.0,0,20,3780
15293.0,9408.56558222199,0.0,0,20,3780
15294.0,9408.56558222199,0.0,0,20,3780
15295.0,9408.56558222199,0.0,0,20,3780
15296.0,9408.56558222199,0.0,0,20,3780
15297.0,9408.56558222199,0.0,0,20,3780
15298.0,9408.56558222199,0.0,0,20,3780
15299.0,9408.56558222199,0.0,0,20,3780
15300.0,9408.56558222199,0.0,0,20,3780
15301.0,9408.56558222199,0.0,0,20,3780
15302.0,9408.56558222199,0.0,0,20,3780
15303.0,9408.56558222199,0.0,0,20,3780
15304.0,9408.56558222199,0.0,0,20,3780
15305.0,9408.56558222199,0.0,0,20,3780
15306.0,9408.56558222199,0.0,0,20,3780
15307.0,9408.56558222199,0.0,0,20,3780
15308.0,9408.56558222199,0.0,0,20,3780
15309.0,9408.56558222199,0.0,0,20,3780
15310.0,9408.56558222199,0.0,0,20,3780
15311.0,9408.56558222199,0.0,0,20,3780
15312.0,9408.56558222199,0.0,0,20,3780
15313.0,9408.56558222199,0.0,0,20,3780
15314.0,9408.56558222199,0.0,0,20,3780
15315.0,9408.56558222199,0.0,0,20,3780
15316.0,9408.56558222199,0.0,0,20,3780
15317.0,9408.56558222199,0.0,0,20,3780
15318.0,9408.56558222199,0.0,0,20,3780
15319.0,9408.56558222199,0.0,0,20,3780
15320.0,9408.56558222199,0.0,0,20,3780
15321.0,9408.56558222199,0.0,0,20,3780
15322.0,9408.56558222199,0.0,0,20,3780
15323.0,9408.56558222199,0.0,0,20,3780
15324.0,9408.56558222199,0.0,0,20,3780
15325.0,9408.56558222199,0.0,0,20,3780
15326.0,9408.56558222199,0.0,0,20,3780
15327.0,9408.56558222199,0.0,0,20,3780
15328.0,9408.56558222199,0.0,0,20,3780
15329.0,9408.56558222199,0.0,0,20,3780
15330.0,9408.56558222199,0.0,0,20,3780
15331.0,9408.56558222199,0.0,0,20,3780
15332.0,9408.56558222199,0.0,0,20,3780
15333.0,9408.56558222199,0.0,0,20,3780
15334.0,9408.56558222199,0.0,0,20,3780
15335.0,9408.56558222199,0.0,0,20,3780
15336.0,9408.56558222199,0.0,0,20,3780
15337.0,9408.56558222199,0.0,0,20,3780
15338.0,9408.56558222199,0.0,0,20,3780
15339.0,9408.56558222199,0.0,0,20,3780
15340.0,9408.56558222199,0.0,0,20,3780
15341.0,9408.56558222199,0.0,0,20,3780
15342.0,9408.56558222199,0.0,0,20,3780
15343.0,9408.56558222199,0.0,0,20,3780
15344.0,9408.56558222199,0.0,0,20,3780
15345.0,9408.56558222199,0.0,0,20,3780
15346.0,9408.56558222199,0.0,0,20,3780
15347.0,9408.56558222199,0.0,0,20,3780
15348.0,9408.56558222199,0.0,0,20,3780
15349.0,9408.56558222199,0.0,0,20,3780
15350.0,9408.56558222199,0.0,0,20,3780
15351.0,9408.56558222199,0.0,0,20,3780
15352.0,9408.56558222199,0.0,0,20,3780
15353.0,9408.56558222199,0.0,0,20,3780
15354.0,9408.56558222199,0.0,0,20,3780
15355.0,9408.56558222199,0.0,0,20,3780
15356.0,9408.56558222199,0.0,0,20,3780
15357.0,9408.56558222199,0.0,0,20,3780
15358.0,9408.56558222199,0.0,0,20,3780
15359.0,9408.56558222199,0.0,0,20,3780
15360.0,9408.56558222199,0.0,0,20,3780
15361.0,9408.56558222199,0.0,0,20,3780
15362.0,9408.56558222199,0.0,0,20,3780
15363.0,9408.56558222199,0.0,0,20,3780
15364.0,9408.56558222199,0.0,0,20,3780
15365.0,9408.56558222199,0.0,0,20,3780
15366.0,9408.56558222199,0.0,0,20,3780
15367.0,9408.56558222199,0.0,0,20,3780
15368.0,9408.56558222199,0.0,0,20,3780
15369.0,9408.56558222199,0.0,0,20,3780
15370.0,9408.56558222199,0.0,0,20,3780
15371.0,9408.56558222199,0.0,0,20,3780
15372.0,9408.56558222199,0.0,0,20,3780
15373.0,9408.56558222199,0.0,0,20,3780
15374.0,9408.56558222199,0.0,0,20,3780
15375.0,9408.56558222199,0.0,0,20,3780
15376.0,9408.56558222199,0.0,0,20,3780
15377.0,9408.56558222199,0.0,0,20,3780
15378.0,9408.56558222199,0.0,0,20,3780
15379.0,9408.56558222199,0.0,0,20,3780
15380.0,9408.56558222199,0.0,0,20,3780
15381.0,9408.56558222199,0.0,0,20,3780
15382.0,9408.56558222199,0.0,0,20,3780
15383.0,9408.56558222199,0.0,0,20,3780
15384.0,9408.56558222199,0.0,0,20,3780
15385.0,9408.56558222199,0.0,0,20,3780
15386.0,9408.56558222199,0.0,0,20,3780
15387.0,9408.56558222199,0.0,0,20,3780
15388.0,9408.56558222199,0.0,0,20,3780
15389.0,9408.56558222199,0.0,0,20,3780
15390.0,9408.56558222199,0.0,0,20,3780
15391.0,9408.56558222199,0.0,0,20,3780
15392.0,9408.56558222199,0.0,0,20,3780
15393.0,9408.56558222199,0.0,0,20,3780
15394.0,9408.56558222199,0.0,0,20,3780
15395.0,9408.56558222199,0.0,0,20,3780
15396.0,9408.56558222199,0.0,0,20,3780
15397.0,9408.56558222199,0.0,0,20,3780
15398.0,9408.56558222199,0.0,0,20,3780
15399.0,9408.56558222199,0.0,0,20,3780
15400.0,9408.56558222199,0.0,0,20,3780
15401.0,9408.56558222199,0.0,0,20,3780
15402.0,9408.56558222199,0.0,0,20,3780
15403.0,9408.56558222199,0.0,0,20,3780
15404.0,9408.56558222199,0.0,0,20,3780
15405.0,9408.56558222199,0.0,0,20,3780
15406.0,9408.56558222199,0.0,0,20,3780
15407.0,9408.56558222199,0.0,0,20,3780
15408.0,9408.56558222199,0.0,0,20,3780
15409.0,9408.56558222199,0.0,0,20,3780
15410.0,9408.56558222199,0.0,0,20,3780
15411.0,9408.56558222199,0.0,0,20,3780
15412.0,9408.56558222199,0.0,0,20,3780
15413.0,9408.56558222199,0.0,0,20,3780
15414.0,9408.56558222199,0.0,0,20,3780
15415.0,9408.56558222199,0.0,0,20,3780
15416.0,9408.56558222199,0.0,0,20,3780
15417.0,9408.56558222199,0.0,0,20,3780
15418.0,9408.56558222199,0.0,0,20,3780
15419.0,9408.56558222199,0.0,0,20,3780
15420.0,9408.56558222199,0.0,0,20,3780
15421.0,9408.56558222199,0.0,0,20,3780
15422.0,9408.56558222199,0.0,0,20,3780
15423.0,9408.56558222199,0.0,0,20,3780
15424.0,9408.56558222199,0.0,0,20,3780
15425.0,9408.56558222199,0.0,0,20,3780
15426.0,9408.56558222199,0.0,0,20,3780
15427.0,9408.56558222199,0.0,0,20,3780
15428.0,9408.56558222199,0.0,0,20,3780
15429.0,9408.56558222199,0.0,0,20,3780
15430.0,9408.56558222199,0.0,0,20,3780
15431.0,9408.56558222199,0.0,0,20,3780
15432.0,9408.56558222199,0.0,0,20,3780
15433.0,9408.56558222199,0.0,0,20,3780
15434.0,9408.56558222199,0.0,0,20,3780
15435.0,9408.56558222199,0.0,0,20,3780
15436.0,9408.56558222199,0.0,0,20,3780
15437.0,9408.56558222199,0.0,0,20,3780
15438.0,9408.56558222199,0.0,0,20,3780
15439.0,9408.56558222199,0.0,0,20,3780
15440.0,9408.56558222199,0.0,0,20,3780
15441.0,9408.56558222199,0.0,0,20,3780
15442.0,9408.56558222199,0.0,0,20,3780
15443.0,9408.56558222199,0.0,0,20,3780
15444.0,9408.56558222199,0.0,0,20,3780
15445.0,9408.56558222199,0.0,0,20,3780
15446.0,9408.56558222199,0.0,0,20,3780
15447.0,9408.56558222199,0.0,0,20,3780
15448.0,9408.56558222199,0.0,0,20,3780
15449.0,9408.56558222199,0.0,0,20,3780
15450.0,9408.56558222199,0.0,0,20,3780
15451.0,9408.56558222199,0.0,0,20,3780
15452.0,9408.56558222199,0.0,0,20,3780
15453.0,9408.56558222199,0.0,0,20,3780
15454.0,9408.56558222199,0.0,0,20,3780
15455.0,9408.56558222199,0.0,0,20,3780
15456.0,9408.56558222199,0.0,0,20,3780
15457.0,9408.56558222199,0.0,0,20,3780
15458.0,9408.56558222199,0.0,0,20,3780
15459.0,9408.56558222199,0.0,0,20,3780
15460.0,9408.56558222199,0.0,0,20,3780
15461.0,9408.56558222199,0.0,0,20,3780
15462.0,9408.56558222199,0.0,0,20,3780
15463.0,9408.56558222199,0.0,0,20,3780
15464.0,9408.56558222199,0.0,0,20,3780
15465.0,9408.56558222199,0.0,0,20,3780
15466.0,9408.56558222199,0.0,0,20,3780
15467.0,9408.56558222199,0.0,0,20,3780
15468.0,9408.56558222199,0.0,0,20,3780
15469.0,9408.56558222199,0.0,0,20,3780
15470.0,9408.56558222199,0.0,0,20,3780
15471.0,9408.56558222199,0.0,0,20,3780
15472.0,9408.56558222199,0.0,0,20,3780
15473.0,9408.56558222199,0.0,0,20,3780
15474.0,9408.56558222199,0.0,0,20,3780
15475.0,9408.56558222199,0.0,0,20,3780
15476.0,9408.56558222199,0.0,0,20,3780
15477.0,9408.56558222199,0.0,0,20,3780
15478.0,9408.56558222199,0.0,0,20,3780
15479.0,9408.56558222199,0.0,0,20,3780
15480.0,9408.56558222199,0.0,0,20,3780
15481.0,9408.56558222199,0.0,0,20,3780
15482.0,9408.56558222199,0.0,0,20,3780
15483.0,9408.56558222199,0.0,0,20,3780
15484.0,9408.56558222199,0.0,0,20,3780
15485.0,9408.56558222199,0.0,0,20,3780
15486.0,9408.56558222199,0.0,0,20,3780
15487.0,9408.56558222199,0.0,0,20,3780
15488.0,9408.56558222199,0.0,0,20,3780
15489.0,9408.56558222199,0.0,0,20,3780
15490.0,9408.56558222199,0.0,0,20,3780
15491.0,9408.56558222199,0.0,0,20,3780
15492.0,9408.56558222199,0.0,0,20,3780
15493.0,9408.56558222199,0.0,0,20,3780
15494.0,9408.56558222199,0.0,0,20,3780
15495.0,9408.56558222199,0.0,0,20,3780
15496.0,9408.56558222199,0.0,0,20,3780
15497.0,9408.56558222199,0.0,0,20,3780
15498.0,9408.56558222199,0.0,0,20,3780
15499.0,9408.56558222199,0.0,0,20,3780
15500.0,9408.56558222199,0.0,0,20,3780
15501.0,9408.56558222199,0.0,0,20,3780
15502.0,9408.56558222199,0.0,0,20,3780
15503.0,9408.56558222199,0.0,0,20,3780
15504.0,9408.56558222199,0.0,0,20,3780
15505.0,9408.56558222199,0.0,0,20,3780
15506.0,9408.56558222199,0.0,0,20,3780
15507.0,9408.56558222199,0.0,0,20,3780
15508.0,9408.56558222199,0.0,0,20,3780
15509.0,9408.56558222199,0.0,0,20,3780
15510.0,9408.56558222199,0.0,0,20,3780
15511.0,9408.56558222199,0.0,0,20,3780
15512.0,9408.56558222199,0.0,0,20,3780
15513.0,9408.56558222199,0.0,0,20,3780
15514.0,9408.56558222199,0.0,0,20,3780
15515.0,9408.56558222199,0.0,0,20,3780
15516.0,9408.56558222199,0.0,0,20,3780
15517.0,9408.56558222199,0.0,0,20,3780
15518.0,9408.56558222199,0.0,0,20,3780
15519.0,9408.56558222199,0.0,0,20,3780
15520.0,9408.56558222199,0.0,0,20,3780
15521.0,9408.56558222199,0.0,0,20,3780
15522.0,9408.56558222199,0.0,0,20,3780
15523.0,9408.56558222199,0.0,0,20,3780
15524.0,9408.56558222199,0.0,0,20,3780
15525.0,9408.56558222199,0.0,0,20,3780
15526.0,9408.56558222199,0.0,0,20,3780
15527.0,9408.56558222199,0.0,0,20,3780
15528.0,9408.56558222199,0.0,0,20,3780
15529.0,9408.56558222199,0.0,0,20,3780
15530.0,9408.56558222199,0.0,0,20,3780
15531.0,9408.56558222199,0.0,0,20,3780
15532.0,9408.56558222199,0.0,0,20,3780
15533.0,9408.56558222199,0.0,0,20,3780
15534.0,9408.56558222199,0.0,0,20,3780
15535.0,9408.56558222199,0.0,0,20,3780
15536.0,9408.56558222199,0.0,0,20,3780
15537.0,9408.56558222199,0.0,0,20,3780
15538.0,9408.56558222199,0.0,0,20,3780
15539.0,9408.56558222199,0.0,0,20,3780
15540.0,9408.56558222199,0.0,0,20,3780
15541.0,9408.56558222199,0.0,0,20,3780
15542.0,9408.56558222199,0.0,0,20,3780
15543.0,9408.56558222199,0.0,0,20,3780
15544.0,9408.56558222199,0.0,0,20,3780
15545.0,9408.56558222199,0.0,0,20,3780
15546.0,9408.56558222199,0.0,0,20,3780
15547.0,9408.56558222199,0.0,0,20,3780
15548.0,9408.56558222199,0.0,0,20,3780
15549.0,9408.56558222199,0.0,0,20,3780
15550.0,9408.56558222199,0.0,0,20,3780
15551.0,9408.56558222199,0.0,0,20,3780
15552.0,9408.56558222199,0.0,0,20,3780
15553.0,9408.56558222199,0.0,0,20,3780
15554.0,9408.56558222199,0.0,0,20,3780
15555.0,9408.56558222199,0.0,0,20,3780
15556.0,9408.56558222199,0.0,0,20,3780
15557.0,9408.56558222199,0.0,0,20,3780
15558.0,9408.56558222199,0.0,0,20,3780
15559.0,9408.56558222199,0.0,0,20,3780
15560.0,9408.56558222199,0.0,0,20,3780
15561.0,9408.56558222199,0.0,0,20,3780
15562.0,9408.56558222199,0.0,0,20,3780
15563.0,9408.56558222199,0.0,0,20,3780
15564.0,9408.56558222199,0.0,0,20,3780
15565.0,9408.56558222199,0.0,0,20,3780
15566.0,9408.56558222199,0.0,0,20,3780
15567.0,9408.56558222199,0.0,0,20,3780
15568.0,9408.56558222199,0.0,0,20,3780
15569.0,9408.56558222199,0.0,0,20,3780
15570.0,9408.56558222199,0.0,0,20,3780
15571.0,9408.56558222199,0.0,0,20,3780
15572.0,9408.56558222199,0.0,0,20,3780
15573.0,9408.56558222199,0.0,0,20,3780
15574.0,9408.56558222199,0.0,0,20,3780
15575.0,9408.56558222199,0.0,0,20,3780
15576.0,9408.56558222199,0.0,0,20,3780
15577.0,9408.56558222199,0.0,0,20,3780
15578.0,9408.56558222199,0.0,0,20,3780
15579.0,9408.56558222199,0.0,0,20,3780
15580.0,9408.56558222199,0.0,0,20,3780
15581.0,9408.56558222199,0.0,0,20,3780
15582.0,9408.56558222199,0.0,0,20,3780
15583.0,9408.56558222199,0.0,0,20,3780
15584.0,9408.56558222199,0.0,0,20,3780
15585.0,9408.56558222199,0.0,0,20,3780
15586.0,9408.56558222199,0.0,0,20,3780
15587.0,9408.56558222199,0.0,0,20,3780
15588.0,9408.56558222199,0.0,0,20,3780
15589.0,9408.56558222199,0.0,0,20,3780
15590.0,9408.56558222199,0.0,0,20,3780
15591.0,9408.56558222199,0.0,0,20,3780
15592.0,9408.56558222199,0.0,0,20,3780
15593.0,9408.56558222199,0.0,0,20,3780
15594.0,9408.56558222199,0.0,0,20,3780
15595.0,9408.56558222199,0.0,0,20,3780
15596.0,9408.56558222199,0.0,0,20,3780
15597.0,9408.56558222199,0.0,0,20,3780
15598.0,9408.56558222199,0.0,0,20,3780
15599.0,9408.56558222199,0.0,0,20,3780
15600.0,9408.56558222199,0.0,0,20,3780
15601.0,9408.56558222199,0.0,0,20,3780
15602.0,9408.56558222199,0.0,0,20,3780
15603.0,9408.56558222199,0.0,0,20,3780
15604.0,9408.56558222199,0.0,0,20,3780
15605.0,9408.56558222199,0.0,0,20,3780
15606.0,9408.56558222199,0.0,0,20,3780
15607.0,9408.56558222199,0.0,0,20,3780
15608.0,9408.56558222199,0.0,0,20,3780
15609.0,9408.56558222199,0.0,0,20,3780
15610.0,9408.56558222199,0.0,0,20,3780
15611.0,9408.56558222199,0.0,0,20,3780
15612.0,9408.56558222199,0.0,0,20,3780
15613.0,9408.56558222199,0.0,0,20,3780
15614.0,9408.56558222199,0.0,0,20,3780
15615.0,9408.56558222199,0.0,0,20,3780
15616.0,9408.56558222199,0.0,0,20,3780
15617.0,9408.56558222199,0.0,0,20,3780
15618.0,9408.56558222199,0.0,0,20,3780
15619.0,9408.56558222199,0.0,0,20,3780
15620.0,9408.56558222199,0.0,0,20,3780
15621.0,9408.56558222199,0.0,0,20,3780
15622.0,9408.56558222199,0.0,0,20,3780
15623.0,9408.56558222199,0.0,0,20,3780
15624.0,9408.56558222199,0.0,0,20,3780
15625.0,9408.56558222199,0.0,0,20,3780
15626.0,9408.56558222199,0.0,0,20,3780
15627.0,9408.56558222199,0.0,0,20,3780
15628.0,9408.56558222199,0.0,0,20,3780
15629.0,9408.56558222199,0.0,0,20,3780
15630.0,9408.56558222199,0.0,0,20,3780
15631.0,9408.56558222199,0.0,0,20,3780
15632.0,9408.56558222199,0.0,0,20,3780
15633.0,9408.56558222199,0.0,0,20,3780
15634.0,9408.56558222199,0.0,0,20,3780
15635.0,9408.56558222199,0.0,0,20,3780
15636.0,9408.56558222199,0.0,0,20,3780
15637.0,9408.56558222199,0.0,0,20,3780
15638.0,9408.56558222199,0.0,0,20,3780
15639.0,9408.56558222199,0.0,0,20,3780
15640.0,9408.56558222199,0.0,0,20,3780
15641.0,9408.56558222199,0.0,0,20,3780
15642.0,9408.56558222199,0.0,0,20,3780
15643.0,9408.56558222199,0.0,0,20,3780
15644.0,9408.56558222199,0.0,0,20,3780
15645.0,9408.56558222199,0.0,0,20,3780
15646.0,9408.56558222199,0.0,0,20,3780
15647.0,9408.56558222199,0.0,0,20,3780
15648.0,9408.56558222199,0.0,0,20,3780
15649.0,9408.56558222199,0.0,0,20,3780
15650.0,9408.56558222199,0.0,0,20,3780
15651.0,9408.56558222199,0.0,0,20,3780
15652.0,9408.56558222199,0.0,0,20,3780
15653.0,9408.56558222199,0.0,0,20,3780
15654.0,9408.56558222199,0.0,0,20,3780
15655.0,9408.56558222199,0.0,0,20,3780
15656.0,9408.56558222199,0.0,0,20,3780
15657.0,9408.56558222199,0.0,0,20,3780
15658.0,9408.56558222199,0.0,0,20,3780
15659.0,9408.56558222199,0.0,0,20,3780
15660.0,9408.56558222199,0.0,0,20,3780
15661.0,9408.56558222199,0.0,0,20,3780
15662.0,9408.56558222199,0.0,0,20,3780
15663.0,9408.56558222199,0.0,0,20,3780
15664.0,9408.56558222199,0.0,0,20,3780
15665.0,9408.56558222199,0.0,0,20,3780
15666.0,9408.56558222199,0.0,0,20,3780
15667.0,9408.56558222199,0.0,0,20,3780
15668.0,9408.56558222199,0.0,0,20,3780
15669.0,9408.56558222199,0.0,0,20,3780
15670.0,9408.56558222199,0.0,0,20,3780
15671.0,9408.56558222199,0.0,0,20,3780
15672.0,9408.56558222199,0.0,0,20,3780
15673.0,9408.56558222199,0.0,0,20,3780
15674.0,9408.56558222199,0.0,0,20,3780
15675.0,9408.56558222199,0.0,0,20,3780
15676.0,9408.56558222199,0.0,0,20,3780
15677.0,9408.56558222199,0.0,0,20,3780
15678.0,9408.56558222199,0.0,0,20,3780
15679.0,9408.56558222199,0.0,0,20,3780
15680.0,9408.56558222199,0.0,0,20,3780
15681.0,9408.56558222199,0.0,0,20,3780
15682.0,9408.56558222199,0.0,0,20,3780
15683.0,9408.56558222199,0.0,0,20,3780
15684.0,9408.56558222199,0.0,0,20,3780
15685.0,9408.56558222199,0.0,0,20,3780
15686.0,9408.56558222199,0.0,0,20,3780
15687.0,9408.56558222199,0.0,0,20,3780
15688.0,9408.56558222199,0.0,0,20,3780
15689.0,9408.56558222199,0.0,0,20,3780
15690.0,9408.56558222199,0.0,0,20,3780
15691.0,9408.56558222199,0.0,0,20,3780
15692.0,9408.56558222199,0.0,0,20,3780
15693.0,9408.56558222199,0.0,0,20,3780
15694.0,9408.56558222199,0.0,0,20,3780
15695.0,9408.56558222199,0.0,0,20,3780
15696.0,9408.56558222199,0.0,0,20,3780
15697.0,9408.56558222199,0.0,0,20,3780
15698.0,9408.56558222199,0.0,0,20,3780
15699.0,9408.56558222199,0.0,0,20,3780
15700.0,9408.56558222199,0.0,0,20,3780
15701.0,9408.56558222199,0.0,0,20,3780
15702.0,9408.56558222199,0.0,0,20,3780
15703.0,9408.56558222199,0.0,0,20,3780
15704.0,9408.56558222199,0.0,0,20,3780
15705.0,9408.56558222199,0.0,0,20,3780
15706.0,9408.56558222199,0.0,0,20,3780
15707.0,9408.56558222199,0.0,0,20,3780
15708.0,9408.56558222199,0.0,0,20,3780
15709.0,9408.56558222199,0.0,0,20,3780
15710.0,9408.56558222199,0.0,0,20,3780
15711.0,9408.56558222199,0.0,0,20,3780
15712.0,9408.56558222199,0.0,0,20,3780
15713.0,9408.56558222199,0.0,0,20,3780
15714.0,9408.56558222199,0.0,0,20,3780
15715.0,9408.56558222199,0.0,0,20,3780
15716.0,9408.56558222199,0.0,0,20,3780
15717.0,9408.56558222199,0.0,0,20,3780
15718.0,9408.56558222199,0.0,0,20,3780
15719.0,9408.56558222199,0.0,0,20,3780
15720.0,9408.56558222199,0.0,0,20,3780
15721.0,9408.56558222199,0.0,0,20,3780
15722.0,9408.56558222199,0.0,0,20,3780
15723.0,9408.56558222199,0.0,0,20,3780
15724.0,9408.56558222199,0.0,0,20,3780
15725.0,9408.56558222199,0.0,0,20,3780
15726.0,9408.56558222199,0.0,0,20,3780
15727.0,9408.56558222199,0.0,0,20,3780
15728.0,9408.56558222199,0.0,0,20,3780
15729.0,9408.56558222199,0.0,0,20,3780
15730.0,9408.56558222199,0.0,0,20,3780
15731.0,9408.56558222199,0.0,0,20,3780
15732.0,9408.56558222199,0.0,0,20,3780
15733.0,9408.56558222199,0.0,0,20,3780
15734.0,9408.56558222199,0.0,0,20,3780
15735.0,9408.56558222199,0.0,0,20,3780
15736.0,9408.56558222199,0.0,0,20,3780
15737.0,9408.56558222199,0.0,0,20,3780
15738.0,9408.56558222199,0.0,0,20,3780
15739.0,9408.56558222199,0.0,0,20,3780
15740.0,9408.56558222199,0.0,0,20,3780
15741.0,9408.56558222199,0.0,0,20,3780
15742.0,9408.56558222199,0.0,0,20,3780
15743.0,9408.56558222199,0.0,0,20,3780
15744.0,9408.56558222199,0.0,0,20,3780
15745.0,9408.56558222199,0.0,0,20,3780
15746.0,9408.56558222199,0.0,0,20,3780
15747.0,9408.56558222199,0.0,0,20,3780
15748.0,9408.56558222199,0.0,0,20,3780
15749.0,9408.56558222199,0.0,0,20,3780
15750.0,9408.56558222199,0.0,0,20,3780
15751.0,9408.56558222199,0.0,0,20,3780
15752.0,9408.56558222199,0.0,0,20,3780
15753.0,9408.56558222199,0.0,0,20,3780
15754.0,9408.56558222199,0.0,0,20,3780
15755.0,9408.56558222199,0.0,0,20,3780
15756.0,9408.56558222199,0.0,0,20,3780
15757.0,9408.56558222199,0.0,0,20,3780
15758.0,9408.56558222199,0.0,0,20,3780
15759.0,9408.56558222199,0.0,0,20,3780
15760.0,9408.56558222199,0.0,0,20,3780
15761.0,9408.56558222199,0.0,0,20,3780
15762.0,9408.56558222199,0.0,0,20,3780
15763.0,9408.56558222199,0.0,0,20,3780
15764.0,9408.56558222199,0.0,0,20,3780
15765.0,9408.56558222199,0.0,0,20,3780
15766.0,9408.56558222199,0.0,0,20,3780
15767.0,9408.56558222199,0.0,0,20,3780
15768.0,9408.56558222199,0.0,0,20,3780
15769.0,9408.56558222199,0.0,0,20,3780
15770.0,9408.56558222199,0.0,0,20,3780
15771.0,9408.56558222199,0.0,0,20,3780
15772.0,9408.56558222199,0.0,0,20,3780
15773.0,9408.56558222199,0.0,0,20,3780
15774.0,9408.56558222199,0.0,0,20,3780
15775.0,9408.56558222199,0.0,0,20,3780
15776.0,9408.56558222199,0.0,0,20,3780
15777.0,9408.56558222199,0.0,0,20,3780
15778.0,9408.56558222199,0.0,0,20,3780
15779.0,9408.56558222199,0.0,0,20,3780
15780.0,9408.56558222199,0.0,0,20,3780
15781.0,9408.56558222199,0.0,0,20,3780
15782.0,9408.56558222199,0.0,0,20,3780
15783.0,9408.56558222199,0.0,0,20,3780
15784.0,9408.56558222199,0.0,0,20,3780
15785.0,9408.56558222199,0.0,0,20,3780
15786.0,9408.56558222199,0.0,0,20,3780
15787.0,9408.56558222199,0.0,0,20,3780
15788.0,9408.56558222199,0.0,0,20,3780
15789.0,9408.56558222199,0.0,0,20,3780
15790.0,9408.56558222199,0.0,0,20,3780
15791.0,9408.56558222199,0.0,0,20,3780
15792.0,9408.56558222199,0.0,0,20,3780
15793.0,9408.56558222199,0.0,0,20,3780
15794.0,9408.56558222199,0.0,0,20,3780
15795.0,9408.56558222199,0.0,0,20,3780
15796.0,9408.56558222199,0.0,0,20,3780
15797.0,9408.56558222199,0.0,0,20,3780
15798.0,9408.56558222199,0.0,0,20,3780
15799.0,9408.56558222199,0.0,0,20,3780
15800.0,9408.56558222199,0.0,0,20,3780
15801.0,9408.56558222199,0.0,0,20,3780
15802.0,9408.56558222199,0.0,0,20,3780
15803.0,9408.56558222199,0.0,0,20,3780
15804.0,9408.56558222199,0.0,0,20,3780
15805.0,9408.56558222199,0.0,0,20,3780
15806.0,9408.56558222199,0.0,0,20,3780
15807.0,9408.56558222199,0.0,0,20,3780
15808.0,9408.56558222199,0.0,0,20,3780
15809.0,9408.56558222199,0.0,0,20,3780
15810.0,9408.56558222199,0.0,0,20,3780
15811.0,9408.56558222199,0.0,0,20,3780
15812.0,9408.56558222199,0.0,0,20,3780
15813.0,9408.56558222199,0.0,0,20,3780
15814.0,9408.56558222199,0.0,0,20,3780
15815.0,9408.56558222199,0.0,0,20,3780
15816.0,9408.56558222199,0.0,0,20,3780
15817.0,9408.56558222199,0.0,0,20,3780
15818.0,9408.56558222199,0.0,0,20,3780
15819.0,9408.56558222199,0.0,0,20,3780
15820.0,9408.56558222199,0.0,0,20,3780
15821.0,9408.56558222199,0.0,0,20,3780
15822.0,9408.56558222199,0.0,0,20,3780
15823.0,9408.56558222199,0.0,0,20,3780
15824.0,9408.56558222199,0.0,0,20,3780
15825.0,9408.56558222199,0.0,0,20,3780
15826.0,9408.56558222199,0.0,0,20,3780
15827.0,9408.56558222199,0.0,0,20,3780
15828.0,9408.56558222199,0.0,0,20,3780
15829.0,9408.56558222199,0.0,0,20,3780
15830.0,9408.56558222199,0.0,0,20,3780
15831.0,9408.56558222199,0.0,0,20,3780
15832.0,9408.56558222199,0.0,0,20,3780
15833.0,9408.56558222199,0.0,0,20,3780
15834.0,9408.56558222199,0.0,0,20,3780
15835.0,9408.56558222199,0.0,0,20,3780
15836.0,9408.56558222199,0.0,0,20,3780
15837.0,9408.56558222199,0.0,0,20,3780
15838.0,9408.56558222199,0.0,0,20,3780
15839.0,9408.56558222199,0.0,0,20,3780
15840.0,9408.56558222199,0.0,0,20,3780
15841.0,9408.56558222199,0.0,0,20,3780
15842.0,9408.56558222199,0.0,0,20,3780
15843.0,9408.56558222199,0.0,0,20,3780
15844.0,9408.56558222199,0.0,0,20,3780
15845.0,9408.56558222199,0.0,0,20,3780
15846.0,9408.56558222199,0.0,0,20,3780
15847.0,9408.56558222199,0.0,0,20,3780
15848.0,9408.56558222199,0.0,0,20,3780
15849.0,9408.56558222199,0.0,0,20,3780
15850.0,9408.56558222199,0.0,0,20,3780
15851.0,9408.56558222199,0.0,0,20,3780
15852.0,9408.56558222199,0.0,0,20,3780
15853.0,9408.56558222199,0.0,0,20,3780
15854.0,9408.56558222199,0.0,0,20,3780
15855.0,9408.56558222199,0.0,0,20,3780
15856.0,9408.56558222199,0.0,0,20,3780
15857.0,9408.56558222199,0.0,0,20,3780
15858.0,9408.56558222199,0.0,0,20,3780
15859.0,9408.56558222199,0.0,0,20,3780
15860.0,9408.56558222199,0.0,0,20,3780
15861.0,9408.56558222199,0.0,0,20,3780
15862.0,9408.56558222199,0.0,0,20,3780
15863.0,9408.56558222199,0.0,0,20,3780
15864.0,9408.56558222199,0.0,0,20,3780
15865.0,9408.56558222199,0.0,0,20,3780
15866.0,9408.56558222199,0.0,0,20,3780
15867.0,9408.56558222199,0.0,0,20,3780
15868.0,9408.56558222199,0.0,0,20,3780
15869.0,9408.56558222199,0.0,0,20,3780
15870.0,9408.56558222199,0.0,0,20,3780
15871.0,9408.56558222199,0.0,0,20,3780
15872.0,9408.56558222199,0.0,0,20,3780
15873.0,9408.56558222199,0.0,0,20,3780
15874.0,9408.56558222199,0.0,0,20,3780
15875.0,9408.56558222199,0.0,0,20,3780
15876.0,9408.56558222199,0.0,0,20,3780
15877.0,9408.56558222199,0.0,0,20,3780
15878.0,9408.56558222199,0.0,0,20,3780
15879.0,9408.56558222199,0.0,0,20,3780
15880.0,9408.56558222199,0.0,0,20,3780
15881.0,9408.56558222199,0.0,0,20,3780
15882.0,9408.56558222199,0.0,0,20,3780
15883.0,9408.56558222199,0.0,0,20,3780
15884.0,9408.56558222199,0.0,0,20,3780
15885.0,9408.56558222199,0.0,0,20,3780
15886.0,9408.56558222199,0.0,0,20,3780
15887.0,9408.56558222199,0.0,0,20,3780
15888.0,9408.56558222199,0.0,0,20,3780
15889.0,9408.56558222199,0.0,0,20,3780
15890.0,9408.56558222199,0.0,0,20,3780
15891.0,9408.56558222199,0.0,0,20,3780
15892.0,9408.56558222199,0.0,0,20,3780
15893.0,9408.56558222199,0.0,0,20,3780
15894.0,9408.56558222199,0.0,0,20,3780
15895.0,9408.56558222199,0.0,0,20,3780
15896.0,9408.56558222199,0.0,0,20,3780
15897.0,9408.56558222199,0.0,0,20,3780
15898.0,9408.56558222199,0.0,0,20,3780
15899.0,9408.56558222199,0.0,0,20,3780
15900.0,9408.56558222199,0.0,0,20,3780
15901.0,9408.56558222199,0.0,0,20,3780
15902.0,9408.56558222199,0.0,0,20,3780
15903.0,9408.56558222199,0.0,0,20,3780
15904.0,9408.56558222199,0.0,0,20,3780
15905.0,9408.56558222199,0.0,0,20,3780
15906.0,9408.56558222199,0.0,0,20,3780
15907.0,9408.56558222199,0.0,0,20,3780
15908.0,9408.56558222199,0.0,0,20,3780
15909.0,9408.56558222199,0.0,0,20,3780
15910.0,9408.56558222199,0.0,0,20,3780
15911.0,9408.56558222199,0.0,0,20,3780
15912.0,9408.56558222199,0.0,0,20,3780
15913.0,9408.56558222199,0.0,0,20,3780
15914.0,9408.56558222199,0.0,0,20,3780
15915.0,9408.56558222199,0.0,0,20,3780
15916.0,9408.56558222199,0.0,0,20,3780
15917.0,9408.56558222199,0.0,0,20,3780
15918.0,9408.56558222199,0.0,0,20,3780
15919.0,9408.56558222199,0.0,0,20,3780
15920.0,9408.56558222199,0.0,0,20,3780
15921.0,9408.56558222199,0.0,0,20,3780
15922.0,9408.56558222199,0.0,0,20,3780
15923.0,9408.56558222199,0.0,0,20,3780
15924.0,9408.56558222199,0.0,0,20,3780
15925.0,9408.56558222199,0.0,0,20,3780
15926.0,9408.56558222199,0.0,0,20,3780
15927.0,9408.56558222199,0.0,0,20,3780
15928.0,9408.56558222199,0.0,0,20,3780
15929.0,9408.56558222199,0.0,0,20,3780
15930.0,9408.56558222199,0.0,0,20,3780
15931.0,9408.56558222199,0.0,0,20,3780
15932.0,9408.56558222199,0.0,0,20,3780
15933.0,9408.56558222199,0.0,0,20,3780
15934.0,9408.56558222199,0.0,0,20,3780
15935.0,9408.56558222199,0.0,0,20,3780
15936.0,9408.56558222199,0.0,0,20,3780
15937.0,9408.56558222199,0.0,0,20,3780
15938.0,9408.56558222199,0.0,0,20,3780
15939.0,9408.56558222199,0.0,0,20,3780
15940.0,9408.56558222199,0.0,0,20,3780
15941.0,9408.56558222199,0.0,0,20,3780
15942.0,9408.56558222199,0.0,0,20,3780
15943.0,9408.56558222199,0.0,0,20,3780
15944.0,9408.56558222199,0.0,0,20,3780
15945.0,9408.56558222199,0.0,0,20,3780
15946.0,9408.56558222199,0.0,0,20,3780
15947.0,9408.56558222199,0.0,0,20,3780
15948.0,9408.56558222199,0.0,0,20,3780
15949.0,9408.56558222199,0.0,0,20,3780
15950.0,9408.56558222199,0.0,0,20,3780
15951.0,9408.56558222199,0.0,0,20,3780
15952.0,9408.56558222199,0.0,0,20,3780
15953.0,9408.56558222199,0.0,0,20,3780
15954.0,9408.56558222199,0.0,0,20,3780
15955.0,9408.56558222199,0.0,0,20,3780
15956.0,9408.56558222199,0.0,0,20,3780
15957.0,9408.56558222199,0.0,0,20,3780
15958.0,9408.56558222199,0.0,0,20,3780
15959.0,9408.56558222199,0.0,0,20,3780
15960.0,9408.56558222199,0.0,0,20,3780
15961.0,9408.56558222199,0.0,0,20,3780
15962.0,9408.56558222199,0.0,0,20,3780
15963.0,9408.56558222199,0.0,0,20,3780
15964.0,9408.56558222199,0.0,0,20,3780
15965.0,9408.56558222199,0.0,0,20,3780
15966.0,9408.56558222199,0.0,0,20,3780
15967.0,9408.56558222199,0.0,0,20,3780
15968.0,9408.56558222199,0.0,0,20,3780
15969.0,9408.56558222199,0.0,0,20,3780
15970.0,9408.56558222199,0.0,0,20,3780
15971.0,9408.56558222199,0.0,0,20,3780
15972.0,9408.56558222199,0.0,0,20,3780
15973.0,9408.56558222199,0.0,0,20,3780
15974.0,9408.56558222199,0.0,0,20,3780
15975.0,9408.56558222199,0.0,0,20,3780
15976.0,9408.56558222199,0.0,0,20,3780
15977.0,9408.56558222199,0.0,0,20,3780
15978.0,9408.56558222199,0.0,0,20,3780
15979.0,9408.56558222199,0.0,0,20,3780
15980.0,9408.56558222199,0.0,0,20,3780
15981.0,9408.56558222199,0.0,0,20,3780
15982.0,9408.56558222199,0.0,0,20,3780
15983.0,9408.56558222199,0.0,0,20,3780
15984.0,9408.56558222199,0.0,0,20,3780
15985.0,9408.56558222199,0.0,0,20,3780
15986.0,9408.56558222199,0.0,0,20,3780
15987.0,9408.56558222199,0.0,0,20,3780
15988.0,9408.56558222199,0.0,0,20,3780
15989.0,9408.56558222199,0.0,0,20,3780
15990.0,9408.56558222199,0.0,0,20,3780
15991.0,9408.56558222199,0.0,0,20,3780
15992.0,9408.56558222199,0.0,0,20,3780
15993.0,9408.56558222199,0.0,0,20,3780
15994.0,9408.56558222199,0.0,0,20,3780
15995.0,9408.56558222199,0.0,0,20,3780
15996.0,9408.56558222199,0.0,0,20,3780
15997.0,9408.56558222199,0.0,0,20,3780
15998.0,9408.56558222199,0.0,0,20,3780
15999.0,9408.56558222199,0.0,0,20,3780
16000.0,9408.56558222199,0.0,0,20,3780
16001.0,9408.56558222199,0.0,0,20,3780
16002.0,9408.56558222199,0.0,0,20,3780
16003.0,9408.56558222199,0.0,0,20,3780
16004.0,9408.56558222199,0.0,0,20,3780
16005.0,9408.56558222199,0.0,0,20,3780
16006.0,9408.56558222199,0.0,0,20,3780
16007.0,9408.56558222199,0.0,0,20,3780
16008.0,9408.56558222199,0.0,0,20,3780
16009.0,9408.56558222199,0.0,0,20,3780
16010.0,9408.56558222199,0.0,0,20,3780
16011.0,9408.56558222199,0.0,0,20,3780
16012.0,9408.56558222199,0.0,0,20,3780
16013.0,9408.56558222199,0.0,0,20,3780
16014.0,9408.56558222199,0.0,0,20,3780
16015.0,9408.56558222199,0.0,0,20,3780
16016.0,9408.56558222199,0.0,0,20,3780
16017.0,9408.56558222199,0.0,0,20,3780
16018.0,9408.56558222199,0.0,0,20,3780
16019.0,9408.56558222199,0.0,0,20,3780
16020.0,9408.56558222199,0.0,0,20,3780
16021.0,9408.56558222199,0.0,0,20,3780
16022.0,9408.56558222199,0.0,0,20,3780
16023.0,9408.56558222199,0.0,0,20,3780
16024.0,9408.56558222199,0.0,0,20,3780
16025.0,9408.56558222199,0.0,0,20,3780
16026.0,9408.56558222199,0.0,0,20,3780
16027.0,9408.56558222199,0.0,0,20,3780
16028.0,9408.56558222199,0.0,0,20,3780
16029.0,9408.56558222199,0.0,0,20,3780
16030.0,9408.56558222199,0.0,0,20,3780
16031.0,9408.56558222199,0.0,0,20,3780
16032.0,9408.56558222199,0.0,0,20,3780
16033.0,9408.56558222199,0.0,0,20,3780
16034.0,9408.56558222199,0.0,0,20,3780
16035.0,9408.56558222199,0.0,0,20,3780
16036.0,9408.56558222199,0.0,0,20,3780
16037.0,9408.56558222199,0.0,0,20,3780
16038.0,9408.56558222199,0.0,0,20,3780
16039.0,9408.56558222199,0.0,0,20,3780
16040.0,9408.56558222199,0.0,0,20,3780
16041.0,9408.56558222199,0.0,0,20,3780
16042.0,9408.56558222199,0.0,0,20,3780
16043.0,9408.56558222199,0.0,0,20,3780
16044.0,9408.56558222199,0.0,0,20,3780
16045.0,9408.56558222199,0.0,0,20,3780
16046.0,9408.56558222199,0.0,0,20,3780
16047.0,9408.56558222199,0.0,0,20,3780
16048.0,9408.56558222199,0.0,0,20,3780
16049.0,9408.56558222199,0.0,0,20,3780
16050.0,9408.56558222199,0.0,0,20,3780
16051.0,9408.56558222199,0.0,0,20,3780
16052.0,9408.56558222199,0.0,0,20,3780
16053.0,9408.56558222199,0.0,0,20,3780
16054.0,9408.56558222199,0.0,0,20,3780
16055.0,9408.56558222199,0.0,0,20,3780
16056.0,9408.56558222199,0.0,0,20,3780
16057.0,9408.56558222199,0.0,0,20,3780
16058.0,9408.56558222199,0.0,0,20,3780
16059.0,9408.56558222199,0.0,0,20,3780
16060.0,9408.56558222199,0.0,0,20,3780
16061.0,9408.56558222199,0.0,0,20,3780
16062.0,9408.56558222199,0.0,0,20,3780
16063.0,9408.56558222199,0.0,0,20,3780
16064.0,9408.56558222199,0.0,0,20,3780
16065.0,9408.56558222199,0.0,0,20,3780
16066.0,9408.56558222199,0.0,0,20,3780
16067.0,9408.56558222199,0.0,0,20,3780
16068.0,9408.56558222199,0.0,0,20,3780
16069.0,9408.56558222199,0.0,0,20,3780
16070.0,9408.56558222199,0.0,0,20,3780
16071.0,9408.56558222199,0.0,0,20,3780
16072.0,9408.56558222199,0.0,0,20,3780
16073.0,9408.56558222199,0.0,0,20,3780
16074.0,9408.56558222199,0.0,0,20,3780
16075.0,9408.56558222199,0.0,0,20,3780
16076.0,9408.56558222199,0.0,0,20,3780
16077.0,9408.56558222199,0.0,0,20,3780
16078.0,9408.56558222199,0.0,0,20,3780
16079.0,9408.56558222199,0.0,0,20,3780
16080.0,9408.56558222199,0.0,0,20,3780
16081.0,9408.56558222199,0.0,0,20,3780
16082.0,9408.56558222199,0.0,0,20,3780
16083.0,9408.56558222199,0.0,0,20,3780
16084.0,9408.56558222199,0.0,0,20,3780
16085.0,9408.56558222199,0.0,0,20,3780
16086.0,9408.56558222199,0.0,0,20,3780
16087.0,9408.56558222199,0.0,0,20,3780
16088.0,9408.56558222199,0.0,0,20,3780
16089.0,9408.56558222199,0.0,0,20,3780
16090.0,9408.56558222199,0.0,0,20,3780
16091.0,9408.56558222199,0.0,0,20,3780
16092.0,9408.56558222199,0.0,0,20,3780
16093.0,9408.56558222199,0.0,0,20,3780
16094.0,9408.56558222199,0.0,0,20,3780
16095.0,9408.56558222199,0.0,0,20,3780
16096.0,9408.56558222199,0.0,0,20,3780
16097.0,9408.56558222199,0.0,0,20,3780
16098.0,9408.56558222199,0.0,0,20,3780
16099.0,9408.56558222199,0.0,0,20,3780
16100.0,9408.56558222199,0.0,0,20,3780
16101.0,9408.56558222199,0.0,0,20,3780
16102.0,9408.56558222199,0.0,0,20,3780
16103.0,9408.56558222199,0.0,0,20,3780
16104.0,9408.56558222199,0.0,0,20,3780
16105.0,9408.56558222199,0.0,0,20,3780
16106.0,9408.56558222199,0.0,0,20,3780
16107.0,9408.56558222199,0.0,0,20,3780
16108.0,9408.56558222199,0.0,0,20,3780
16109.0,9408.56558222199,0.0,0,20,3780
16110.0,9408.56558222199,0.0,0,20,3780
16111.0,9408.56558222199,0.0,0,20,3780
16112.0,9408.56558222199,0.0,0,20,3780
16113.0,9408.56558222199,0.0,0,20,3780
16114.0,9408.56558222199,0.0,0,20,3780
16115.0,9408.56558222199,0.0,0,20,3780
16116.0,9408.56558222199,0.0,0,20,3780
16117.0,9408.56558222199,0.0,0,20,3780
16118.0,9408.56558222199,0.0,0,20,3780
16119.0,9408.56558222199,0.0,0,20,3780
16120.0,9408.56558222199,0.0,0,20,3780
16121.0,9408.56558222199,0.0,0,20,3780
16122.0,9408.56558222199,0.0,0,20,3780
16123.0,9408.56558222199,0.0,0,20,3780
16124.0,9408.56558222199,0.0,0,20,3780
16125.0,9408.56558222199,0.0,0,20,3780
16126.0,9408.56558222199,0.0,0,20,3780
16127.0,9408.56558222199,0.0,0,20,3780
16128.0,9408.56558222199,0.0,0,20,3780
16129.0,9408.56558222199,0.0,0,20,3780
16130.0,9408.56558222199,0.0,0,20,3780
16131.0,9408.56558222199,0.0,0,20,3780
16132.0,9408.56558222199,0.0,0,20,3780
16133.0,9408.56558222199,0.0,0,20,3780
16134.0,9408.56558222199,0.0,0,20,3780
16135.0,9408.56558222199,0.0,0,20,3780
16136.0,9408.56558222199,0.0,0,20,3780
16137.0,9408.56558222199,0.0,0,20,3780
16138.0,9408.56558222199,0.0,0,20,3780
16139.0,9408.56558222199,0.0,0,20,3780
16140.0,9408.56558222199,0.0,0,20,3780
16141.0,9408.56558222199,0.0,0,20,3780
16142.0,9408.56558222199,0.0,0,20,3780
16143.0,9408.56558222199,0.0,0,20,3780
16144.0,9408.56558222199,0.0,0,20,3780
16145.0,9408.56558222199,0.0,0,20,3780
16146.0,9408.56558222199,0.0,0,20,3780
16147.0,9408.56558222199,0.0,0,20,3780
16148.0,9408.56558222199,0.0,0,20,3780
16149.0,9408.56558222199,0.0,0,20,3780
16150.0,9408.56558222199,0.0,0,20,3780
16151.0,9408.56558222199,0.0,0,20,3780
16152.0,9408.56558222199,0.0,0,20,3780
16153.0,9408.56558222199,0.0,0,20,3780
16154.0,9408.56558222199,0.0,0,20,3780
16155.0,9408.56558222199,0.0,0,20,3780
16156.0,9408.56558222199,0.0,0,20,3780
16157.0,9408.56558222199,0.0,0,20,3780
16158.0,9408.56558222199,0.0,0,20,3780
16159.0,9408.56558222199,0.0,0,20,3780
16160.0,9408.56558222199,0.0,0,20,3780
16161.0,9408.56558222199,0.0,0,20,3780
16162.0,9408.56558222199,0.0,0,20,3780
16163.0,9408.56558222199,0.0,0,20,3780
16164.0,9408.56558222199,0.0,0,20,3780
16165.0,9408.56558222199,0.0,0,20,3780
16166.0,9408.56558222199,0.0,0,20,3780
16167.0,9408.56558222199,0.0,0,20,3780
16168.0,9408.56558222199,0.0,0,20,3780
16169.0,9408.56558222199,0.0,0,20,3780
16170.0,9408.56558222199,0.0,0,20,3780
16171.0,9408.56558222199,0.0,0,20,3780
16172.0,9408.56558222199,0.0,0,20,3780
16173.0,9408.56558222199,0.0,0,20,3780
16174.0,9408.56558222199,0.0,0,20,3780
16175.0,9408.56558222199,0.0,0,20,3780
16176.0,9408.56558222199,0.0,0,20,3780
16177.0,9408.56558222199,0.0,0,20,3780
16178.0,9408.56558222199,0.0,0,20,3780
16179.0,9408.56558222199,0.0,0,20,3780
16180.0,9408.56558222199,0.0,0,20,3780
16181.0,9408.56558222199,0.0,0,20,3780
16182.0,9408.56558222199,0.0,0,20,3780
16183.0,9408.56558222199,0.0,0,20,3780
16184.0,9408.56558222199,0.0,0,20,3780
16185.0,9408.56558222199,0.0,0,20,3780
16186.0,9408.56558222199,0.0,0,20,3780
16187.0,9408.56558222199,0.0,0,20,3780
16188.0,9408.56558222199,0.0,0,20,3780
16189.0,9408.56558222199,0.0,0,20,3780
16190.0,9408.56558222199,0.0,0,20,3780
16191.0,9408.56558222199,0.0,0,20,3780
16192.0,9408.56558222199,0.0,0,20,3780
16193.0,9408.56558222199,0.0,0,20,3780
16194.0,9408.56558222199,0.0,0,20,3780
16195.0,9408.56558222199,0.0,0,20,3780
16196.0,9408.56558222199,0.0,0,20,3780
16197.0,9408.56558222199,0.0,0,20,3780
16198.0,9408.56558222199,0.0,0,20,3780
16199.0,9408.56558222199,0.0,0,20,3780
16200.0,9408.56558222199,0.0,0,20,3780
16201.0,9408.56558222199,0.0,0,20,3780
16202.0,9408.56558222199,0.0,0,20,3780
16203.0,9408.56558222199,0.0,0,20,3780
16204.0,9408.56558222199,0.0,0,20,3780
16205.0,9408.56558222199,0.0,0,20,3780
16206.0,9408.56558222199,0.0,0,20,3780
16207.0,9408.56558222199,0.0,0,20,3780
16208.0,9408.56558222199,0.0,0,20,3780
16209.0,9408.56558222199,0.0,0,20,3780
16210.0,9408.56558222199,0.0,0,20,3780
16211.0,9408.56558222199,0.0,0,20,3780
16212.0,9408.56558222199,0.0,0,20,3780
16213.0,9408.56558222199,0.0,0,20,3780
16214.0,9408.56558222199,0.0,0,20,3780
16215.0,9408.56558222199,0.0,0,20,3780
16216.0,9408.56558222199,0.0,0,20,3780
16217.0,9408.56558222199,0.0,0,20,3780
16218.0,9408.56558222199,0.0,0,20,3780
16219.0,9408.56558222199,0.0,0,20,3780
16220.0,9408.56558222199,0.0,0,20,3780
16221.0,9408.56558222199,0.0,0,20,3780
16222.0,9408.56558222199,0.0,0,20,3780
16223.0,9408.56558222199,0.0,0,20,3780
16224.0,9408.56558222199,0.0,0,20,3780
16225.0,9408.56558222199,0.0,0,20,3780
16226.0,9408.56558222199,0.0,0,20,3780
16227.0,9408.56558222199,0.0,0,20,3780
16228.0,9408.56558222199,0.0,0,20,3780
16229.0,9408.56558222199,0.0,0,20,3780
16230.0,9408.56558222199,0.0,0,20,3780
16231.0,9408.56558222199,0.0,0,20,3780
16232.0,9408.56558222199,0.0,0,20,3780
16233.0,9408.56558222199,0.0,0,20,3780
16234.0,9408.56558222199,0.0,0,20,3780
16235.0,9408.56558222199,0.0,0,20,3780
16236.0,9408.56558222199,0.0,0,20,3780
16237.0,9408.56558222199,0.0,0,20,3780
16238.0,9408.56558222199,0.0,0,20,3780
16239.0,9408.56558222199,0.0,0,20,3780
16240.0,9408.56558222199,0.0,0,20,3780
16241.0,9408.56558222199,0.0,0,20,3780
16242.0,9408.56558222199,0.0,0,20,3780
16243.0,9408.56558222199,0.0,0,20,3780
16244.0,9408.56558222199,0.0,0,20,3780
16245.0,9408.56558222199,0.0,0,20,3780
16246.0,9408.56558222199,0.0,0,20,3780
16247.0,9408.56558222199,0.0,0,20,3780
16248.0,9408.56558222199,0.0,0,20,3780
16249.0,9408.56558222199,0.0,0,20,3780
16250.0,9408.56558222199,0.0,0,20,3780
16251.0,9408.56558222199,0.0,0,20,3780
16252.0,9408.56558222199,0.0,0,20,3780
16253.0,9408.56558222199,0.0,0,20,3780
16254.0,9408.56558222199,0.0,0,20,3780
16255.0,9408.56558222199,0.0,0,20,3780
16256.0,9408.56558222199,0.0,0,20,3780
16257.0,9408.56558222199,0.0,0,20,3780
16258.0,9408.56558222199,0.0,0,20,3780
16259.0,9408.56558222199,0.0,0,20,3780
16260.0,9408.56558222199,0.0,0,20,3780
16261.0,9408.56558222199,0.0,0,20,3780
16262.0,9408.56558222199,0.0,0,20,3780
16263.0,9408.56558222199,0.0,0,20,3780
16264.0,9408.56558222199,0.0,0,20,3780
16265.0,9408.56558222199,0.0,0,20,3780
16266.0,9408.56558222199,0.0,0,20,3780
16267.0,9408.56558222199,0.0,0,20,3780
16268.0,9408.56558222199,0.0,0,20,3780
16269.0,9408.56558222199,0.0,0,20,3780
16270.0,9408.56558222199,0.0,0,20,3780
16271.0,9408.56558222199,0.0,0,20,3780
16272.0,9408.56558222199,0.0,0,20,3780
16273.0,9408.56558222199,0.0,0,20,3780
16274.0,9408.56558222199,0.0,0,20,3780
16275.0,9408.56558222199,0.0,0,20,3780
16276.0,9408.56558222199,0.0,0,20,3780
16277.0,9408.56558222199,0.0,0,20,3780
16278.0,9408.56558222199,0.0,0,20,3780
16279.0,9408.56558222199,0.0,0,20,3780
16280.0,9408.56558222199,0.0,0,20,3780
16281.0,9408.56558222199,0.0,0,20,3780
16282.0,9408.56558222199,0.0,0,20,3780
16283.0,9408.56558222199,0.0,0,20,3780
16284.0,9408.56558222199,0.0,0,20,3780
16285.0,9408.56558222199,0.0,0,20,3780
16286.0,9408.56558222199,0.0,0,20,3780
16287.0,9408.56558222199,0.0,0,20,3780
16288.0,9408.56558222199,0.0,0,20,3780
16289.0,9408.56558222199,0.0,0,20,3780
16290.0,9408.56558222199,0.0,0,20,3780
16291.0,9408.56558222199,0.0,0,20,3780
16292.0,9408.56558222199,0.0,0,20,3780
16293.0,9408.56558222199,0.0,0,20,3780
16294.0,9408.56558222199,0.0,0,20,3780
16295.0,9408.56558222199,0.0,0,20,3780
16296.0,9408.56558222199,0.0,0,20,3780
16297.0,9408.56558222199,0.0,0,20,3780
16298.0,9408.56558222199,0.0,0,20,3780
16299.0,9408.56558222199,0.0,0,20,3780
16300.0,9408.56558222199,0.0,0,20,3780
16301.0,9408.56558222199,0.0,0,20,3780
16302.0,9408.56558222199,0.0,0,20,3780
16303.0,9408.56558222199,0.0,0,20,3780
16304.0,9408.56558222199,0.0,0,20,3780
16305.0,9408.56558222199,0.0,0,20,3780
16306.0,9408.56558222199,0.0,0,20,3780
16307.0,9408.56558222199,0.0,0,20,3780
16308.0,9408.56558222199,0.0,0,20,3780
16309.0,9408.56558222199,0.0,0,20,3780
16310.0,9408.56558222199,0.0,0,20,3780
16311.0,9408.56558222199,0.0,0,20,3780
16312.0,9408.56558222199,0.0,0,20,3780
16313.0,9408.56558222199,0.0,0,20,3780
16314.0,9408.56558222199,0.0,0,20,3780
16315.0,9408.56558222199,0.0,0,20,3780
16316.0,9408.56558222199,0.0,0,20,3780
16317.0,9408.56558222199,0.0,0,20,3780
16318.0,9408.56558222199,0.0,0,20,3780
16319.0,9408.56558222199,0.0,0,20,3780
16320.0,9408.56558222199,0.0,0,20,3780
16321.0,9408.56558222199,0.0,0,20,3780
16322.0,9408.56558222199,0.0,0,20,3780
16323.0,9408.56558222199,0.0,0,20,3780
16324.0,9408.56558222199,0.0,0,20,3780
16325.0,9408.56558222199,0.0,0,20,3780
16326.0,9408.56558222199,0.0,0,20,3780
16327.0,9408.56558222199,0.0,0,20,3780
16328.0,9408.56558222199,0.0,0,20,3780
16329.0,9408.56558222199,0.0,0,20,3780
16330.0,9408.56558222199,0.0,0,20,3780
16331.0,9408.56558222199,0.0,0,20,3780
16332.0,9408.56558222199,0.0,0,20,3780
16333.0,9408.56558222199,0.0,0,20,3780
16334.0,9408.56558222199,0.0,0,20,3780
16335.0,9408.56558222199,0.0,0,20,3780
16336.0,9408.56558222199,0.0,0,20,3780
16337.0,9408.56558222199,0.0,0,20,3780
16338.0,9408.56558222199,0.0,0,20,3780
16339.0,9408.56558222199,0.0,0,20,3780
16340.0,9408.56558222199,0.0,0,20,3780
16341.0,9408.56558222199,0.0,0,20,3780
16342.0,9408.56558222199,0.0,0,20,3780
16343.0,9408.56558222199,0.0,0,20,3780
16344.0,9408.56558222199,0.0,0,20,3780
16345.0,9408.56558222199,0.0,0,20,3780
16346.0,9408.56558222199,0.0,0,20,3780
16347.0,9408.56558222199,0.0,0,20,3780
16348.0,9408.56558222199,0.0,0,20,3780
16349.0,9408.56558222199,0.0,0,20,3780
16350.0,9408.56558222199,0.0,0,20,3780
16351.0,9408.56558222199,0.0,0,20,3780
16352.0,9408.56558222199,0.0,0,20,3780
16353.0,9408.56558222199,0.0,0,20,3780
16354.0,9408.56558222199,0.0,0,20,3780
16355.0,9408.56558222199,0.0,0,20,3780
16356.0,9408.56558222199,0.0,0,20,3780
16357.0,9408.56558222199,0.0,0,20,3780
16358.0,9408.56558222199,0.0,0,20,3780
16359.0,9408.56558222199,0.0,0,20,3780
16360.0,9408.56558222199,0.0,0,20,3780
16361.0,9408.56558222199,0.0,0,20,3780
16362.0,9408.56558222199,0.0,0,20,3780
16363.0,9408.56558222199,0.0,0,20,3780
16364.0,9408.56558222199,0.0,0,20,3780
16365.0,9408.56558222199,0.0,0,20,3780
16366.0,9408.56558222199,0.0,0,20,3780
16367.0,9408.56558222199,0.0,0,20,3780
16368.0,9408.56558222199,0.0,0,20,3780
16369.0,9408.56558222199,0.0,0,20,3780
16370.0,9408.56558222199,0.0,0,20,3780
16371.0,9408.56558222199,0.0,0,20,3780
16372.0,9408.56558222199,0.0,0,20,3780
16373.0,9408.56558222199,0.0,0,20,3780
16374.0,9408.56558222199,0.0,0,20,3780
16375.0,9408.56558222199,0.0,0,20,3780
16376.0,9408.56558222199,0.0,0,20,3780
16377.0,9408.56558222199,0.0,0,20,3780
16378.0,9408.56558222199,0.0,0,20,3780
16379.0,9408.56558222199,0.0,0,20,3780
16380.0,9408.56558222199,0.0,0,20,3780
16381.0,9408.56558222199,0.0,0,20,3780
16382.0,9408.56558222199,0.0,0,20,3780
16383.0,9408.56558222199,0.0,0,20,3780
16384.0,9408.56558222199,0.0,0,20,3780
16385.0,9408.56558222199,0.0,0,20,3780
16386.0,9408.56558222199,0.0,0,20,3780
16387.0,9408.56558222199,0.0,0,20,3780
16388.0,9408.56558222199,0.0,0,20,3780
16389.0,9408.56558222199,0.0,0,20,3780
16390.0,9408.56558222199,0.0,0,20,3780
16391.0,9408.56558222199,0.0,0,20,3780
16392.0,9408.56558222199,0.0,0,20,3780
16393.0,9408.56558222199,0.0,0,20,3780
16394.0,9408.56558222199,0.0,0,20,3780
16395.0,9408.56558222199,0.0,0,20,3780
16396.0,9408.56558222199,0.0,0,20,3780
16397.0,9408.56558222199,0.0,0,20,3780
16398.0,9408.56558222199,0.0,0,20,3780
16399.0,9408.56558222199,0.0,0,20,3780
16400.0,9408.56558222199,0.0,0,20,3780
16401.0,9408.56558222199,0.0,0,20,3780
16402.0,9408.56558222199,0.0,0,20,3780
16403.0,9408.56558222199,0.0,0,20,3780
16404.0,9408.56558222199,0.0,0,20,3780
16405.0,9408.56558222199,0.0,0,20,3780
16406.0,9408.56558222199,0.0,0,20,3780
16407.0,9408.56558222199,0.0,0,20,3780
16408.0,9408.56558222199,0.0,0,20,3780
16409.0,9408.56558222199,0.0,0,20,3780
16410.0,9408.56558222199,0.0,0,20,3780
16411.0,9408.56558222199,0.0,0,20,3780
16412.0,9408.56558222199,0.0,0,20,3780
16413.0,9408.56558222199,0.0,0,20,3780
16414.0,9408.56558222199,0.0,0,20,3780
16415.0,9408.56558222199,0.0,0,20,3780
16416.0,9408.56558222199,0.0,0,20,3780
16417.0,9408.56558222199,0.0,0,20,3780
16418.0,9408.56558222199,0.0,0,20,3780
16419.0,9408.56558222199,0.0,0,20,3780
16420.0,9408.56558222199,0.0,0,20,3780
16421.0,9408.56558222199,0.0,0,20,3780
16422.0,9408.56558222199,0.0,0,20,3780
16423.0,9408.56558222199,0.0,0,20,3780
16424.0,9408.56558222199,0.0,0,20,3780
16425.0,9408.56558222199,0.0,0,20,3780
16426.0,9408.56558222199,0.0,0,20,3780
16427.0,9408.56558222199,0.0,0,20,3780
16428.0,9408.56558222199,0.0,0,20,3780
16429.0,9408.56558222199,0.0,0,20,3780
16430.0,9408.56558222199,0.0,0,20,3780
16431.0,9408.56558222199,0.0,0,20,3780
16432.0,9408.56558222199,0.0,0,20,3780
16433.0,9408.56558222199,0.0,0,20,3780
16434.0,9408.56558222199,0.0,0,20,3780
16435.0,9408.56558222199,0.0,0,20,3780
16436.0,9408.56558222199,0.0,0,20,3780
16437.0,9408.56558222199,0.0,0,20,3780
16438.0,9408.56558222199,0.0,0,20,3780
16439.0,9408.56558222199,0.0,0,20,3780
16440.0,9408.56558222199,0.0,0,20,3780
16441.0,9408.56558222199,0.0,0,20,3780
16442.0,9408.56558222199,0.0,0,20,3780
16443.0,9408.56558222199,0.0,0,20,3780
16444.0,9408.56558222199,0.0,0,20,3780
16445.0,9408.56558222199,0.0,0,20,3780
16446.0,9408.56558222199,0.0,0,20,3780
16447.0,9408.56558222199,0.0,0,20,3780
16448.0,9408.56558222199,0.0,0,20,3780
16449.0,9408.56558222199,0.0,0,20,3780
16450.0,9408.56558222199,0.0,0,20,3780
16451.0,9408.56558222199,0.0,0,20,3780
16452.0,9408.56558222199,0.0,0,20,3780
16453.0,9408.56558222199,0.0,0,20,3780
16454.0,9408.56558222199,0.0,0,20,3780
16455.0,9408.56558222199,0.0,0,20,3780
16456.0,9408.56558222199,0.0,0,20,3780
16457.0,9408.56558222199,0.0,0,20,3780
16458.0,9408.56558222199,0.0,0,20,3780
16459.0,9408.56558222199,0.0,0,20,3780
16460.0,9408.56558222199,0.0,0,20,3780
16461.0,9408.56558222199,0.0,0,20,3780
16462.0,9408.56558222199,0.0,0,20,3780
16463.0,9408.56558222199,0.0,0,20,3780
16464.0,9408.56558222199,0.0,0,20,3780
16465.0,9408.56558222199,0.0,0,20,3780
16466.0,9408.56558222199,0.0,0,20,3780
16467.0,9408.56558222199,0.0,0,20,3780
16468.0,9408.56558222199,0.0,0,20,3780
16469.0,9408.56558222199,0.0,0,20,3780
16470.0,9408.56558222199,0.0,0,20,3780
16471.0,9408.56558222199,0.0,0,20,3780
16472.0,9408.56558222199,0.0,0,20,3780
16473.0,9408.56558222199,0.0,0,20,3780
16474.0,9408.56558222199,0.0,0,20,3780
16475.0,9408.56558222199,0.0,0,20,3780
16476.0,9408.56558222199,0.0,0,20,3780
16477.0,9408.56558222199,0.0,0,20,3780
16478.0,9408.56558222199,0.0,0,20,3780
16479.0,9408.56558222199,0.0,0,20,3780
16480.0,9408.56558222199,0.0,0,20,3780
16481.0,9408.56558222199,0.0,0,20,3780
16482.0,9408.56558222199,0.0,0,20,3780
16483.0,9408.56558222199,0.0,0,20,3780
16484.0,9408.56558222199,0.0,0,20,3780
16485.0,9408.56558222199,0.0,0,20,3780
16486.0,9408.56558222199,0.0,0,20,3780
16487.0,9408.56558222199,0.0,0,20,3780
16488.0,9408.56558222199,0.0,0,20,3780
16489.0,9408.56558222199,0.0,0,20,3780
16490.0,9408.56558222199,0.0,0,20,3780
16491.0,9408.56558222199,0.0,0,20,3780
16492.0,9408.56558222199,0.0,0,20,3780
16493.0,9408.56558222199,0.0,0,20,3780
16494.0,9408.56558222199,0.0,0,20,3780
16495.0,9408.56558222199,0.0,0,20,3780
16496.0,9408.56558222199,0.0,0,20,3780
16497.0,9408.56558222199,0.0,0,20,3780
16498.0,9408.56558222199,0.0,0,20,3780
16499.0,9408.56558222199,0.0,0,20,3780
16500.0,9408.56558222199,0.0,0,20,3780
16501.0,9408.56558222199,0.0,0,20,3780
16502.0,9408.56558222199,0.0,0,20,3780
16503.0,9408.56558222199,0.0,0,20,3780
16504.0,9408.56558222199,0.0,0,20,3780
16505.0,9408.56558222199,0.0,0,20,3780
16506.0,9408.56558222199,0.0,0,20,3780
16507.0,9408.56558222199,0.0,0,20,3780
16508.0,9408.56558222199,0.0,0,20,3780
16509.0,9408.56558222199,0.0,0,20,3780
16510.0,9408.56558222199,0.0,0,20,3780
16511.0,9408.56558222199,0.0,0,20,3780
16512.0,9408.56558222199,0.0,0,20,3780
16513.0,9408.56558222199,0.0,0,20,3780
16514.0,9408.56558222199,0.0,0,20,3780
16515.0,9408.56558222199,0.0,0,20,3780
16516.0,9408.56558222199,0.0,0,20,3780
16517.0,9408.56558222199,0.0,0,20,3780
16518.0,9408.56558222199,0.0,0,20,3780
16519.0,9408.56558222199,0.0,0,20,3780
16520.0,9408.56558222199,0.0,0,20,3780
16521.0,9408.56558222199,0.0,0,20,3780
16522.0,9408.56558222199,0.0,0,20,3780
16523.0,9408.56558222199,0.0,0,20,3780
16524.0,9408.56558222199,0.0,0,20,3780
16525.0,9408.56558222199,0.0,0,20,3780
16526.0,9408.56558222199,0.0,0,20,3780
16527.0,9408.56558222199,0.0,0,20,3780
16528.0,9408.56558222199,0.0,0,20,3780
16529.0,9408.56558222199,0.0,0,20,3780
16530.0,9408.56558222199,0.0,0,20,3780
16531.0,9408.56558222199,0.0,0,20,3780
16532.0,9408.56558222199,0.0,0,20,3780
16533.0,9408.56558222199,0.0,0,20,3780
16534.0,9408.56558222199,0.0,0,20,3780
16535.0,9408.56558222199,0.0,0,20,3780
16536.0,9408.56558222199,0.0,0,20,3780
16537.0,9408.56558222199,0.0,0,20,3780
16538.0,9408.56558222199,0.0,0,20,3780
16539.0,9408.56558222199,0.0,0,20,3780
16540.0,9408.56558222199,0.0,0,20,3780
16541.0,9408.56558222199,0.0,0,20,3780
16542.0,9408.56558222199,0.0,0,20,3780
16543.0,9408.56558222199,0.0,0,20,3780
16544.0,9408.56558222199,0.0,0,20,3780
16545.0,9408.56558222199,0.0,0,20,3780
16546.0,9408.56558222199,0.0,0,20,3780
16547.0,9408.56558222199,0.0,0,20,3780
16548.0,9408.56558222199,0.0,0,20,3780
16549.0,9408.56558222199,0.0,0,20,3780
16550.0,9408.56558222199,0.0,0,20,3780
16551.0,9408.56558222199,0.0,0,20,3780
16552.0,9408.56558222199,0.0,0,20,3780
16553.0,9408.56558222199,0.0,0,20,3780
16554.0,9408.56558222199,0.0,0,20,3780
16555.0,9408.56558222199,0.0,0,20,3780
16556.0,9408.56558222199,0.0,0,20,3780
16557.0,9408.56558222199,0.0,0,20,3780
16558.0,9408.56558222199,0.0,0,20,3780
16559.0,9408.56558222199,0.0,0,20,3780
16560.0,9408.56558222199,0.0,0,20,3780
16561.0,9408.56558222199,0.0,0,20,3780
16562.0,9408.56558222199,0.0,0,20,3780
16563.0,9408.56558222199,0.0,0,20,3780
16564.0,9408.56558222199,0.0,0,20,3780
16565.0,9408.56558222199,0.0,0,20,3780
16566.0,9408.56558222199,0.0,0,20,3780
16567.0,9408.56558222199,0.0,0,20,3780
16568.0,9408.56558222199,0.0,0,20,3780
16569.0,9408.56558222199,0.0,0,20,3780
16570.0,9408.56558222199,0.0,0,20,3780
16571.0,9408.56558222199,0.0,0,20,3780
16572.0,9408.56558222199,0.0,0,20,3780
16573.0,9408.56558222199,0.0,0,20,3780
16574.0,9408.56558222199,0.0,0,20,3780
16575.0,9408.56558222199,0.0,0,20,3780
16576.0,9408.56558222199,0.0,0,20,3780
16577.0,9408.56558222199,0.0,0,20,3780
16578.0,9408.56558222199,0.0,0,20,3780
16579.0,9408.56558222199,0.0,0,20,3780
16580.0,9408.56558222199,0.0,0,20,3780
16581.0,9408.56558222199,0.0,0,20,3780
16582.0,9408.56558222199,0.0,0,20,3780
16583.0,9408.56558222199,0.0,0,20,3780
16584.0,9408.56558222199,0.0,0,20,3780
16585.0,9408.56558222199,0.0,0,20,3780
16586.0,9408.56558222199,0.0,0,20,3780
16587.0,9408.56558222199,0.0,0,20,3780
16588.0,9408.56558222199,0.0,0,20,3780
16589.0,9408.56558222199,0.0,0,20,3780
16590.0,9408.56558222199,0.0,0,20,3780
16591.0,9408.56558222199,0.0,0,20,3780
16592.0,9408.56558222199,0.0,0,20,3780
16593.0,9408.56558222199,0.0,0,20,3780
16594.0,9408.56558222199,0.0,0,20,3780
16595.0,9408.56558222199,0.0,0,20,3780
16596.0,9408.56558222199,0.0,0,20,3780
16597.0,9408.56558222199,0.0,0,20,3780
16598.0,9408.56558222199,0.0,0,20,3780
16599.0,9408.56558222199,0.0,0,20,3780
16600.0,9408.56558222199,0.0,0,20,3780
16601.0,9408.56558222199,0.0,0,20,3780
16602.0,9408.56558222199,0.0,0,20,3780
16603.0,9408.56558222199,0.0,0,20,3780
16604.0,9408.56558222199,0.0,0,20,3780
16605.0,9408.56558222199,0.0,0,20,3780
16606.0,9408.56558222199,0.0,0,20,3780
16607.0,9408.56558222199,0.0,0,20,3780
16608.0,9408.56558222199,0.0,0,20,3780
16609.0,9408.56558222199,0.0,0,20,3780
16610.0,9408.56558222199,0.0,0,20,3780
16611.0,9408.56558222199,0.0,0,20,3780
16612.0,9408.56558222199,0.0,0,20,3780
16613.0,9408.56558222199,0.0,0,20,3780
16614.0,9408.56558222199,0.0,0,20,3780
16615.0,9408.56558222199,0.0,0,20,3780
16616.0,9408.56558222199,0.0,0,20,3780
16617.0,9408.56558222199,0.0,0,20,3780
16618.0,9408.56558222199,0.0,0,20,3780
16619.0,9408.56558222199,0.0,0,20,3780
16620.0,9408.56558222199,0.0,0,20,3780
16621.0,9408.56558222199,0.0,0,20,3780
16622.0,9408.56558222199,0.0,0,20,3780
16623.0,9408.56558222199,0.0,0,20,3780
16624.0,9408.56558222199,0.0,0,20,3780
16625.0,9408.56558222199,0.0,0,20,3780
16626.0,9408.56558222199,0.0,0,20,3780
16627.0,9408.56558222199,0.0,0,20,3780
16628.0,9408.56558222199,0.0,0,20,3780
16629.0,9408.56558222199,0.0,0,20,3780
16630.0,9408.56558222199,0.0,0,20,3780
16631.0,9408.56558222199,0.0,0,20,3780
16632.0,9408.56558222199,0.0,0,20,3780
16633.0,9408.56558222199,0.0,0,20,3780
16634.0,9408.56558222199,0.0,0,20,3780
16635.0,9408.56558222199,0.0,0,20,3780
16636.0,9408.56558222199,0.0,0,20,3780
16637.0,9408.56558222199,0.0,0,20,3780
16638.0,9408.56558222199,0.0,0,20,3780
16639.0,9408.56558222199,0.0,0,20,3780
16640.0,9408.56558222199,0.0,0,20,3780
16641.0,9408.56558222199,0.0,0,20,3780
16642.0,9408.56558222199,0.0,0,20,3780
16643.0,9408.56558222199,0.0,0,20,3780
16644.0,9408.56558222199,0.0,0,20,3780
16645.0,9408.56558222199,0.0,0,20,3780
16646.0,9408.56558222199,0.0,0,20,3780
16647.0,9408.56558222199,0.0,0,20,3780
16648.0,9408.56558222199,0.0,0,20,3780
16649.0,9408.56558222199,0.0,0,20,3780
16650.0,9408.56558222199,0.0,0,20,3780
16651.0,9408.56558222199,0.0,0,20,3780
16652.0,9408.56558222199,0.0,0,20,3780
16653.0,9408.56558222199,0.0,0,20,3780
16654.0,9408.56558222199,0.0,0,20,3780
16655.0,9408.56558222199,0.0,0,20,3780
16656.0,9408.56558222199,0.0,0,20,3780
16657.0,9408.56558222199,0.0,0,20,3780
16658.0,9408.56558222199,0.0,0,20,3780
16659.0,9408.56558222199,0.0,0,20,3780
16660.0,9408.56558222199,0.0,0,20,3780
16661.0,9408.56558222199,0.0,0,20,3780
16662.0,9408.56558222199,0.0,0,20,3780
16663.0,9408.56558222199,0.0,0,20,3780
16664.0,9408.56558222199,0.0,0,20,3780
16665.0,9408.56558222199,0.0,0,20,3780
16666.0,9408.56558222199,0.0,0,20,3780
16667.0,9408.56558222199,0.0,0,20,3780
16668.0,9408.56558222199,0.0,0,20,3780
16669.0,9408.56558222199,0.0,0,20,3780
16670.0,9408.56558222199,0.0,0,20,3780
16671.0,9408.56558222199,0.0,0,20,3780
16672.0,9408.56558222199,0.0,0,20,3780
16673.0,9408.56558222199,0.0,0,20,3780
16674.0,9408.56558222199,0.0,0,20,3780
16675.0,9408.56558222199,0.0,0,20,3780
16676.0,9408.56558222199,0.0,0,20,3780
16677.0,9408.56558222199,0.0,0,20,3780
16678.0,9408.56558222199,0.0,0,20,3780
16679.0,9408.56558222199,0.0,0,20,3780
16680.0,9408.56558222199,0.0,0,20,3780
16681.0,9408.56558222199,0.0,0,20,3780
16682.0,9408.56558222199,0.0,0,20,3780
16683.0,9408.56558222199,0.0,0,20,3780
16684.0,9408.56558222199,0.0,0,20,3780
16685.0,9408.56558222199,0.0,0,20,3780
16686.0,9408.56558222199,0.0,0,20,3780
16687.0,9408.56558222199,0.0,0,20,3780
16688.0,9408.56558222199,0.0,0,20,3780
16689.0,9408.56558222199,0.0,0,20,3780
16690.0,9408.56558222199,0.0,0,20,3780
16691.0,9408.56558222199,0.0,0,20,3780
16692.0,9408.56558222199,0.0,0,20,3780
16693.0,9408.56558222199,0.0,0,20,3780
16694.0,9408.56558222199,0.0,0,20,3780
16695.0,9408.56558222199,0.0,0,20,3780
16696.0,9408.56558222199,0.0,0,20,3780
16697.0,9408.56558222199,0.0,0,20,3780
16698.0,9408.56558222199,0.0,0,20,3780
16699.0,9408.56558222199,0.0,0,20,3780
16700.0,9408.56558222199,0.0,0,20,3780
16701.0,9408.56558222199,0.0,0,20,3780
16702.0,9408.56558222199,0.0,0,20,3780
16703.0,9408.56558222199,0.0,0,20,3780
16704.0,9408.56558222199,0.0,0,20,3780
16705.0,9408.56558222199,0.0,0,20,3780
16706.0,9408.56558222199,0.0,0,20,3780
16707.0,9408.56558222199,0.0,0,20,3780
16708.0,9408.56558222199,0.0,0,20,3780
16709.0,9408.56558222199,0.0,0,20,3780
16710.0,9408.56558222199,0.0,0,20,3780
16711.0,9408.56558222199,0.0,0,20,3780
16712.0,9408.56558222199,0.0,0,20,3780
16713.0,9408.56558222199,0.0,0,20,3780
16714.0,9408.56558222199,0.0,0,20,3780
16715.0,9408.56558222199,0.0,0,20,3780
16716.0,9408.56558222199,0.0,0,20,3780
16717.0,9408.56558222199,0.0,0,20,3780
16718.0,9408.56558222199,0.0,0,20,3780
16719.0,9408.56558222199,0.0,0,20,3780
16720.0,9408.56558222199,0.0,0,20,3780
16721.0,9408.56558222199,0.0,0,20,3780
16722.0,9408.56558222199,0.0,0,20,3780
16723.0,9408.56558222199,0.0,0,20,3780
16724.0,9408.56558222199,0.0,0,20,3780
16725.0,9408.56558222199,0.0,0,20,3780
16726.0,9408.56558222199,0.0,0,20,3780
16727.0,9408.56558222199,0.0,0,20,3780
16728.0,9408.56558222199,0.0,0,20,3780
16729.0,9408.56558222199,0.0,0,20,3780
16730.0,9408.56558222199,0.0,0,20,3780
16731.0,9408.56558222199,0.0,0,20,3780
16732.0,9408.56558222199,0.0,0,20,3780
16733.0,9408.56558222199,0.0,0,20,3780
16734.0,9408.56558222199,0.0,0,20,3780
16735.0,9408.56558222199,0.0,0,20,3780
16736.0,9408.56558222199,0.0,0,20,3780
16737.0,9408.56558222199,0.0,0,20,3780
16738.0,9408.56558222199,0.0,0,20,3780
16739.0,9408.56558222199,0.0,0,20,3780
16740.0,9408.56558222199,0.0,0,20,3780
16741.0,9408.56558222199,0.0,0,20,3780
16742.0,9408.56558222199,0.0,0,20,3780
16743.0,9408.56558222199,0.0,0,20,3780
16744.0,9408.56558222199,0.0,0,20,3780
16745.0,9408.56558222199,0.0,0,20,3780
16746.0,9408.56558222199,0.0,0,20,3780
16747.0,9408.56558222199,0.0,0,20,3780
16748.0,9408.56558222199,0.0,0,20,3780
16749.0,9408.56558222199,0.0,0,20,3780
16750.0,9408.56558222199,0.0,0,20,3780
16751.0,9408.56558222199,0.0,0,20,3780
16752.0,9408.56558222199,0.0,0,20,3780
16753.0,9408.56558222199,0.0,0,20,3780
16754.0,9408.56558222199,0.0,0,20,3780
16755.0,9408.56558222199,0.0,0,20,3780
16756.0,9408.56558222199,0.0,0,20,3780
16757.0,9408.56558222199,0.0,0,20,3780
16758.0,9408.56558222199,0.0,0,20,3780
16759.0,9408.56558222199,0.0,0,20,3780
16760.0,9408.56558222199,0.0,0,20,3780
16761.0,9408.56558222199,0.0,0,20,3780
16762.0,9408.56558222199,0.0,0,20,3780
16763.0,9408.56558222199,0.0,0,20,3780
16764.0,9408.56558222199,0.0,0,20,3780
16765.0,9408.56558222199,0.0,0,20,3780
16766.0,9408.56558222199,0.0,0,20,3780
16767.0,9408.56558222199,0.0,0,20,3780
16768.0,9408.56558222199,0.0,0,20,3780
16769.0,9408.56558222199,0.0,0,20,3780
16770.0,9408.56558222199,0.0,0,20,3780
16771.0,9408.56558222199,0.0,0,20,3780
16772.0,9408.56558222199,0.0,0,20,3780
16773.0,9408.56558222199,0.0,0,20,3780
16774.0,9408.56558222199,0.0,0,20,3780
16775.0,9408.56558222199,0.0,0,20,3780
16776.0,9408.56558222199,0.0,0,20,3780
16777.0,9408.56558222199,0.0,0,20,3780
16778.0,9408.56558222199,0.0,0,20,3780
16779.0,9408.56558222199,0.0,0,20,3780
16780.0,9408.56558222199,0.0,0,20,3780
16781.0,9408.56558222199,0.0,0,20,3780
16782.0,9408.56558222199,0.0,0,20,3780
16783.0,9408.56558222199,0.0,0,20,3780
16784.0,9408.56558222199,0.0,0,20,3780
16785.0,9408.56558222199,0.0,0,20,3780
16786.0,9408.56558222199,0.0,0,20,3780
16787.0,9408.56558222199,0.0,0,20,3780
16788.0,9408.56558222199,0.0,0,20,3780
16789.0,9408.56558222199,0.0,0,20,3780
16790.0,9408.56558222199,0.0,0,20,3780
16791.0,9408.56558222199,0.0,0,20,3780
16792.0,9408.56558222199,0.0,0,20,3780
16793.0,9408.56558222199,0.0,0,20,3780
16794.0,9408.56558222199,0.0,0,20,3780
16795.0,9408.56558222199,0.0,0,20,3780
16796.0,9408.56558222199,0.0,0,20,3780
16797.0,9408.56558222199,0.0,0,20,3780
16798.0,9408.56558222199,0.0,0,20,3780
16799.0,9408.56558222199,0.0,0,20,3780
16800.0,9408.56558222199,0.0,0,20,3780
16801.0,9408.56558222199,0.0,0,20,3780
16802.0,9408.56558222199,0.0,0,20,3780
16803.0,9408.56558222199,0.0,0,20,3780
16804.0,9408.56558222199,0.0,0,20,3780
16805.0,9408.56558222199,0.0,0,20,3780
16806.0,9408.56558222199,0.0,0,20,3780
16807.0,9408.56558222199,0.0,0,20,3780
16808.0,9408.56558222199,0.0,0,20,3780
16809.0,9408.56558222199,0.0,0,20,3780
16810.0,9408.56558222199,0.0,0,20,3780
16811.0,9408.56558222199,0.0,0,20,3780
16812.0,9408.56558222199,0.0,0,20,3780
16813.0,9408.56558222199,0.0,0,20,3780
16814.0,9408.56558222199,0.0,0,20,3780
16815.0,9408.56558222199,0.0,0,20,3780
16816.0,9408.56558222199,0.0,0,20,3780
16817.0,9408.56558222199,0.0,0,20,3780
16818.0,9408.56558222199,0.0,0,20,3780
16819.0,9408.56558222199,0.0,0,20,3780
16820.0,9408.56558222199,0.0,0,20,3780
16821.0,9408.56558222199,0.0,0,20,3780
16822.0,9408.56558222199,0.0,0,20,3780
16823.0,9408.56558222199,0.0,0,20,3780
16824.0,9408.56558222199,0.0,0,20,3780
16825.0,9408.56558222199,0.0,0,20,3780
16826.0,9408.56558222199,0.0,0,20,3780
16827.0,9408.56558222199,0.0,0,20,3780
16828.0,9408.56558222199,0.0,0,20,3780
16829.0,9408.56558222199,0.0,0,20,3780
16830.0,9408.56558222199,0.0,0,20,3780
16831.0,9408.56558222199,0.0,0,20,3780
16832.0,9408.56558222199,0.0,0,20,3780
16833.0,9408.56558222199,0.0,0,20,3780
16834.0,9408.56558222199,0.0,0,20,3780
16835.0,9408.56558222199,0.0,0,20,3780
16836.0,9408.56558222199,0.0,0,20,3780
16837.0,9408.56558222199,0.0,0,20,3780
16838.0,9408.56558222199,0.0,0,20,3780
16839.0,9408.56558222199,0.0,0,20,3780
16840.0,9408.56558222199,0.0,0,20,3780
16841.0,9408.56558222199,0.0,0,20,3780
16842.0,9408.56558222199,0.0,0,20,3780
16843.0,9408.56558222199,0.0,0,20,3780
16844.0,9408.56558222199,0.0,0,20,3780
16845.0,9408.56558222199,0.0,0,20,3780
16846.0,9408.56558222199,0.0,0,20,3780
16847.0,9408.56558222199,0.0,0,20,3780
16848.0,9408.56558222199,0.0,0,20,3780
16849.0,9408.56558222199,0.0,0,20,3780
16850.0,9408.56558222199,0.0,0,20,3780
16851.0,9408.56558222199,0.0,0,20,3780
16852.0,9408.56558222199,0.0,0,20,3780
16853.0,9408.56558222199,0.0,0,20,3780
16854.0,9408.56558222199,0.0,0,20,3780
16855.0,9408.56558222199,0.0,0,20,3780
16856.0,9408.56558222199,0.0,0,20,3780
16857.0,9408.56558222199,0.0,0,20,3780
16858.0,9408.56558222199,0.0,0,20,3780
16859.0,9408.56558222199,0.0,0,20,3780
16860.0,9408.56558222199,0.0,0,20,3780
16861.0,9408.56558222199,0.0,0,20,3780
16862.0,9408.56558222199,0.0,0,20,3780
16863.0,9408.56558222199,0.0,0,20,3780
16864.0,9408.56558222199,0.0,0,20,3780
16865.0,9408.56558222199,0.0,0,20,3780
16866.0,9408.56558222199,0.0,0,20,3780
16867.0,9408.56558222199,0.0,0,20,3780
16868.0,9408.56558222199,0.0,0,20,3780
16869.0,9408.56558222199,0.0,0,20,3780
16870.0,9408.56558222199,0.0,0,20,3780
16871.0,9408.56558222199,0.0,0,20,3780
16872.0,9408.56558222199,0.0,0,20,3780
16873.0,9408.56558222199,0.0,0,20,3780
16874.0,9408.56558222199,0.0,0,20,3780
16875.0,9408.56558222199,0.0,0,20,3780
16876.0,9408.56558222199,0.0,0,20,3780
16877.0,9408.56558222199,0.0,0,20,3780
16878.0,9408.56558222199,0.0,0,20,3780
16879.0,9408.56558222199,0.0,0,20,3780
16880.0,9408.56558222199,0.0,0,20,3780
16881.0,9408.56558222199,0.0,0,20,3780
16882.0,9408.56558222199,0.0,0,20,3780
16883.0,9408.56558222199,0.0,0,20,3780
16884.0,9408.56558222199,0.0,0,20,3780
16885.0,9408.56558222199,0.0,0,20,3780
16886.0,9408.56558222199,0.0,0,20,3780
16887.0,9408.56558222199,0.0,0,20,3780
16888.0,9408.56558222199,0.0,0,20,3780
16889.0,9408.56558222199,0.0,0,20,3780
16890.0,9408.56558222199,0.0,0,20,3780
16891.0,9408.56558222199,0.0,0,20,3780
16892.0,9408.56558222199,0.0,0,20,3780
16893.0,9408.56558222199,0.0,0,20,3780
16894.0,9408.56558222199,0.0,0,20,3780
16895.0,9408.56558222199,0.0,0,20,3780
16896.0,9408.56558222199,0.0,0,20,3780
16897.0,9408.56558222199,0.0,0,20,3780
16898.0,9408.56558222199,0.0,0,20,3780
16899.0,9408.56558222199,0.0,0,20,3780
16900.0,9408.56558222199,0.0,0,20,3780
16901.0,9408.56558222199,0.0,0,20,3780
16902.0,9408.56558222199,0.0,0,20,3780
16903.0,9408.56558222199,0.0,0,20,3780
16904.0,9408.56558222199,0.0,0,20,3780
16905.0,9408.56558222199,0.0,0,20,3780
16906.0,9408.56558222199,0.0,0,20,3780
16907.0,9408.56558222199,0.0,0,20,3780
16908.0,9408.56558222199,0.0,0,20,3780
16909.0,9408.56558222199,0.0,0,20,3780
16910.0,9408.56558222199,0.0,0,20,3780
16911.0,9408.56558222199,0.0,0,20,3780
16912.0,9408.56558222199,0.0,0,20,3780
16913.0,9408.56558222199,0.0,0,20,3780
16914.0,9408.56558222199,0.0,0,20,3780
16915.0,9408.56558222199,0.0,0,20,3780
16916.0,9408.56558222199,0.0,0,20,3780
16917.0,9408.56558222199,0.0,0,20,3780
16918.0,9408.56558222199,0.0,0,20,3780
16919.0,9408.56558222199,0.0,0,20,3780
16920.0,9408.56558222199,0.0,0,20,3780
16921.0,9408.56558222199,0.0,0,20,3780
16922.0,9408.56558222199,0.0,0,20,3780
16923.0,9408.56558222199,0.0,0,20,3780
16924.0,9408.56558222199,0.0,0,20,3780
16925.0,9408.56558222199,0.0,0,20,3780
16926.0,9408.56558222199,0.0,0,20,3780
16927.0,9408.56558222199,0.0,0,20,3780
16928.0,9408.56558222199,0.0,0,20,3780
16929.0,9408.56558222199,0.0,0,20,3780
16930.0,9408.56558222199,0.0,0,20,3780
16931.0,9408.56558222199,0.0,0,20,3780
16932.0,9408.56558222199,0.0,0,20,3780
16933.0,9408.56558222199,0.0,0,20,3780
16934.0,9408.56558222199,0.0,0,20,3780
16935.0,9408.56558222199,0.0,0,20,3780
16936.0,9408.56558222199,0.0,0,20,3780
16937.0,9408.56558222199,0.0,0,20,3780
16938.0,9408.56558222199,0.0,0,20,3780
16939.0,9408.56558222199,0.0,0,20,3780
16940.0,9408.56558222199,0.0,0,20,3780
16941.0,9408.56558222199,0.0,0,20,3780
16942.0,9408.56558222199,0.0,0,20,3780
16943.0,9408.56558222199,0.0,0,20,3780
16944.0,9408.56558222199,0.0,0,20,3780
16945.0,9408.56558222199,0.0,0,20,3780
16946.0,9408.56558222199,0.0,0,20,3780
16947.0,9408.56558222199,0.0,0,20,3780
16948.0,9408.56558222199,0.0,0,20,3780
16949.0,9408.56558222199,0.0,0,20,3780
16950.0,9408.56558222199,0.0,0,20,3780
16951.0,9408.56558222199,0.0,0,20,3780
16952.0,9408.56558222199,0.0,0,20,3780
16953.0,9408.56558222199,0.0,0,20,3780
16954.0,9408.56558222199,0.0,0,20,3780
16955.0,9408.56558222199,0.0,0,20,3780
16956.0,9408.56558222199,0.0,0,20,3780
16957.0,9408.56558222199,0.0,0,20,3780
16958.0,9408.56558222199,0.0,0,20,3780
16959.0,9408.56558222199,0.0,0,20,3780
16960.0,9408.56558222199,0.0,0,20,3780
16961.0,9408.56558222199,0.0,0,20,3780
16962.0,9408.56558222199,0.0,0,20,3780
16963.0,9408.56558222199,0.0,0,20,3780
16964.0,9408.56558222199,0.0,0,20,3780
16965.0,9408.56558222199,0.0,0,20,3780
16966.0,9408.56558222199,0.0,0,20,3780
16967.0,9408.56558222199,0.0,0,20,3780
16968.0,9408.56558222199,0.0,0,20,3780
16969.0,9408.56558222199,0.0,0,20,3780
16970.0,9408.56558222199,0.0,0,20,3780
16971.0,9408.56558222199,0.0,0,20,3780
16972.0,9408.56558222199,0.0,0,20,3780
16973.0,9408.56558222199,0.0,0,20,3780
16974.0,9408.56558222199,0.0,0,20,3780
16975.0,9408.56558222199,0.0,0,20,3780
16976.0,9408.56558222199,0.0,0,20,3780
16977.0,9408.56558222199,0.0,0,20,3780
16978.0,9408.56558222199,0.0,0,20,3780
16979.0,9408.56558222199,0.0,0,20,3780
16980.0,9408.56558222199,0.0,0,20,3780
16981.0,9408.56558222199,0.0,0,20,3780
16982.0,9408.56558222199,0.0,0,20,3780
16983.0,9408.56558222199,0.0,0,20,3780
16984.0,9408.56558222199,0.0,0,20,3780
16985.0,9408.56558222199,0.0,0,20,3780
16986.0,9408.56558222199,0.0,0,20,3780
16987.0,9408.56558222199,0.0,0,20,3780
16988.0,9408.56558222199,0.0,0,20,3780
16989.0,9408.56558222199,0.0,0,20,3780
16990.0,9408.56558222199,0.0,0,20,3780
16991.0,9408.56558222199,0.0,0,20,3780
16992.0,9408.56558222199,0.0,0,20,3780
16993.0,9408.56558222199,0.0,0,20,3780
16994.0,9408.56558222199,0.0,0,20,3780
16995.0,9408.56558222199,0.0,0,20,3780
16996.0,9408.56558222199,0.0,0,20,3780
16997.0,9408.56558222199,0.0,0,20,3780
16998.0,9408.56558222199,0.0,0,20,3780
16999.0,9408.56558222199,0.0,0,20,3780
17000.0,9408.56558222199,0.0,0,20,3780
17001.0,9408.56558222199,0.0,0,20,3780
17002.0,9408.56558222199,0.0,0,20,3780
17003.0,9408.56558222199,0.0,0,20,3780
17004.0,9408.56558222199,0.0,0,20,3780
17005.0,9408.56558222199,0.0,0,20,3780
17006.0,9408.56558222199,0.0,0,20,3780
17007.0,9408.56558222199,0.0,0,20,3780
17008.0,9408.56558222199,0.0,0,20,3780
17009.0,9408.56558222199,0.0,0,20,3780
17010.0,9408.56558222199,0.0,0,20,3780
17011.0,9408.56558222199,0.0,0,20,3780
17012.0,9408.56558222199,0.0,0,20,3780
17013.0,9408.56558222199,0.0,0,20,3780
17014.0,9408.56558222199,0.0,0,20,3780
17015.0,9408.56558222199,0.0,0,20,3780
17016.0,9408.56558222199,0.0,0,20,3780
17017.0,9408.56558222199,0.0,0,20,3780
17018.0,9408.56558222199,0.0,0,20,3780
17019.0,9408.56558222199,0.0,0,20,3780
17020.0,9408.56558222199,0.0,0,20,3780
17021.0,9408.56558222199,0.0,0,20,3780
17022.0,9408.56558222199,0.0,0,20,3780
17023.0,9408.56558222199,0.0,0,20,3780
17024.0,9408.56558222199,0.0,0,20,3780
17025.0,9408.56558222199,0.0,0,20,3780
17026.0,9408.56558222199,0.0,0,20,3780
17027.0,9408.56558222199,0.0,0,20,3780
17028.0,9408.56558222199,0.0,0,20,3780
17029.0,9408.56558222199,0.0,0,20,3780
17030.0,9408.56558222199,0.0,0,20,3780
17031.0,9408.56558222199,0.0,0,20,3780
17032.0,9408.56558222199,0.0,0,20,3780
17033.0,9408.56558222199,0.0,0,20,3780
17034.0,9408.56558222199,0.0,0,20,3780
17035.0,9408.56558222199,0.0,0,20,3780
17036.0,9408.56558222199,0.0,0,20,3780
17037.0,9408.56558222199,0.0,0,20,3780
17038.0,9408.56558222199,0.0,0,20,3780
17039.0,9408.56558222199,0.0,0,20,3780
17040.0,9408.56558222199,0.0,0,20,3780
17041.0,9408.56558222199,0.0,0,20,3780
17042.0,9408.56558222199,0.0,0,20,3780
17043.0,9408.56558222199,0.0,0,20,3780
17044.0,9408.56558222199,0.0,0,20,3780
17045.0,9408.56558222199,0.0,0,20,3780
17046.0,9408.56558222199,0.0,0,20,3780
17047.0,9408.56558222199,0.0,0,20,3780
17048.0,9408.56558222199,0.0,0,20,3780
17049.0,9408.56558222199,0.0,0,20,3780
17050.0,9408.56558222199,0.0,0,20,3780
17051.0,9408.56558222199,0.0,0,20,3780
17052.0,9408.56558222199,0.0,0,20,3780
17053.0,9408.56558222199,0.0,0,20,3780
17054.0,9408.56558222199,0.0,0,20,3780
17055.0,9408.56558222199,0.0,0,20,3780
17056.0,9408.56558222199,0.0,0,20,3780
17057.0,9408.56558222199,0.0,0,20,3780
17058.0,9408.56558222199,0.0,0,20,3780
17059.0,9408.56558222199,0.0,0,20,3780
17060.0,9408.56558222199,0.0,0,20,3780
17061.0,9408.56558222199,0.0,0,20,3780
17062.0,9408.56558222199,0.0,0,20,3780
17063.0,9408.56558222199,0.0,0,20,3780
17064.0,9408.56558222199,0.0,0,20,3780
17065.0,9408.56558222199,0.0,0,20,3780
17066.0,9408.56558222199,0.0,0,20,3780
17067.0,9408.56558222199,0.0,0,20,3780
17068.0,9408.56558222199,0.0,0,20,3780
17069.0,9408.56558222199,0.0,0,20,3780
17070.0,9408.56558222199,0.0,0,20,3780
17071.0,9408.56558222199,0.0,0,20,3780
17072.0,9408.56558222199,0.0,0,20,3780
17073.0,9408.56558222199,0.0,0,20,3780
17074.0,9408.56558222199,0.0,0,20,3780
17075.0,9408.56558222199,0.0,0,20,3780
17076.0,9408.56558222199,0.0,0,20,3780
17077.0,9408.56558222199,0.0,0,20,3780
17078.0,9408.56558222199,0.0,0,20,3780
17079.0,9408.56558222199,0.0,0,20,3780
17080.0,9408.56558222199,0.0,0,20,3780
17081.0,9408.56558222199,0.0,0,20,3780
17082.0,9408.56558222199,0.0,0,20,3780
17083.0,9408.56558222199,0.0,0,20,3780
17084.0,9408.56558222199,0.0,0,20,3780
17085.0,9408.56558222199,0.0,0,20,3780
17086.0,9408.56558222199,0.0,0,20,3780
17087.0,9408.56558222199,0.0,0,20,3780
17088.0,9408.56558222199,0.0,0,20,3780
17089.0,9408.56558222199,0.0,0,20,3780
17090.0,9408.56558222199,0.0,0,20,3780
17091.0,9408.56558222199,0.0,0,20,3780
17092.0,9408.56558222199,0.0,0,20,3780
17093.0,9408.56558222199,0.0,0,20,3780
17094.0,9408.56558222199,0.0,0,20,3780
17095.0,9408.56558222199,0.0,0,20,3780
17096.0,9408.56558222199,0.0,0,20,3780
17097.0,9408.56558222199,0.0,0,20,3780
17098.0,9408.56558222199,0.0,0,20,3780
17099.0,9408.56558222199,0.0,0,20,3780
17100.0,9408.56558222199,0.0,0,20,3780
17101.0,9408.56558222199,0.0,0,20,3780
17102.0,9408.56558222199,0.0,0,20,3780
17103.0,9408.56558222199,0.0,0,20,3780
17104.0,9408.56558222199,0.0,0,20,3780
17105.0,9408.56558222199,0.0,0,20,3780
17106.0,9408.56558222199,0.0,0,20,3780
17107.0,9408.56558222199,0.0,0,20,3780
17108.0,9408.56558222199,0.0,0,20,3780
17109.0,9408.56558222199,0.0,0,20,3780
17110.0,9408.56558222199,0.0,0,20,3780
17111.0,9408.56558222199,0.0,0,20,3780
17112.0,9408.56558222199,0.0,0,20,3780
17113.0,9408.56558222199,0.0,0,20,3780
17114.0,9408.56558222199,0.0,0,20,3780
17115.0,9408.56558222199,0.0,0,20,3780
17116.0,9408.56558222199,0.0,0,20,3780
17117.0,9408.56558222199,0.0,0,20,3780
17118.0,9408.56558222199,0.0,0,20,3780
17119.0,9408.56558222199,0.0,0,20,3780
17120.0,9408.56558222199,0.0,0,20,3780
17121.0,9408.56558222199,0.0,0,20,3780
17122.0,9408.56558222199,0.0,0,20,3780
17123.0,9408.56558222199,0.0,0,20,3780
17124.0,9408.56558222199,0.0,0,20,3780
17125.0,9408.56558222199,0.0,0,20,3780
17126.0,9408.56558222199,0.0,0,20,3780
17127.0,9408.56558222199,0.0,0,20,3780
17128.0,9408.56558222199,0.0,0,20,3780
17129.0,9408.56558222199,0.0,0,20,3780
17130.0,9408.56558222199,0.0,0,20,3780
17131.0,9408.56558222199,0.0,0,20,3780
17132.0,9408.56558222199,0.0,0,20,3780
17133.0,9408.56558222199,0.0,0,20,3780
17134.0,9408.56558222199,0.0,0,20,3780
17135.0,9408.56558222199,0.0,0,20,3780
17136.0,9408.56558222199,0.0,0,20,3780
17137.0,9408.56558222199,0.0,0,20,3780
17138.0,9408.56558222199,0.0,0,20,3780
17139.0,9408.56558222199,0.0,0,20,3780
17140.0,9408.56558222199,0.0,0,20,3780
17141.0,9408.56558222199,0.0,0,20,3780
17142.0,9408.56558222199,0.0,0,20,3780
17143.0,9408.56558222199,0.0,0,20,3780
17144.0,9408.56558222199,0.0,0,20,3780
17145.0,9408.56558222199,0.0,0,20,3780
17146.0,9408.56558222199,0.0,0,20,3780
17147.0,9408.56558222199,0.0,0,20,3780
17148.0,9408.56558222199,0.0,0,20,3780
17149.0,9408.56558222199,0.0,0,20,3780
17150.0,9408.56558222199,0.0,0,20,3780
17151.0,9408.56558222199,0.0,0,20,3780
17152.0,9408.56558222199,0.0,0,20,3780
17153.0,9408.56558222199,0.0,0,20,3780
17154.0,9408.56558222199,0.0,0,20,3780
17155.0,9408.56558222199,0.0,0,20,3780
17156.0,9408.56558222199,0.0,0,20,3780
17157.0,9408.56558222199,0.0,0,20,3780
17158.0,9408.56558222199,0.0,0,20,3780
17159.0,9408.56558222199,0.0,0,20,3780
17160.0,9408.56558222199,0.0,0,20,3780
17161.0,9408.56558222199,0.0,0,20,3780
17162.0,9408.56558222199,0.0,0,20,3780
17163.0,9408.56558222199,0.0,0,20,3780
17164.0,9408.56558222199,0.0,0,20,3780
17165.0,9408.56558222199,0.0,0,20,3780
17166.0,9408.56558222199,0.0,0,20,3780
17167.0,9408.56558222199,0.0,0,20,3780
17168.0,9408.56558222199,0.0,0,20,3780
17169.0,9408.56558222199,0.0,0,20,3780
17170.0,9408.56558222199,0.0,0,20,3780
17171.0,9408.56558222199,0.0,0,20,3780
17172.0,9408.56558222199,0.0,0,20,3780
17173.0,9408.56558222199,0.0,0,20,3780
17174.0,9408.56558222199,0.0,0,20,3780
17175.0,9408.56558222199,0.0,0,20,3780
17176.0,9408.56558222199,0.0,0,20,3780
17177.0,9408.56558222199,0.0,0,20,3780
17178.0,9408.56558222199,0.0,0,20,3780
17179.0,9408.56558222199,0.0,0,20,3780
17180.0,9408.56558222199,0.0,0,20,3780
17181.0,9408.56558222199,0.0,0,20,3780
17182.0,9408.56558222199,0.0,0,20,3780
17183.0,9408.56558222199,0.0,0,20,3780
17184.0,9408.56558222199,0.0,0,20,3780
17185.0,9408.56558222199,0.0,0,20,3780
17186.0,9408.56558222199,0.0,0,20,3780
17187.0,9408.56558222199,0.0,0,20,3780
17188.0,9408.56558222199,0.0,0,20,3780
17189.0,9408.56558222199,0.0,0,20,3780
17190.0,9408.56558222199,0.0,0,20,3780
17191.0,9408.56558222199,0.0,0,20,3780
17192.0,9408.56558222199,0.0,0,20,3780
17193.0,9408.56558222199,0.0,0,20,3780
17194.0,9408.56558222199,0.0,0,20,3780
17195.0,9408.56558222199,0.0,0,20,3780
17196.0,9408.56558222199,0.0,0,20,3780
17197.0,9408.56558222199,0.0,0,20,3780
17198.0,9408.56558222199,0.0,0,20,3780
17199.0,9408.56558222199,0.0,0,20,3780
17200.0,9408.56558222199,0.0,0,20,3780
17201.0,9408.56558222199,0.0,0,20,3780
17202.0,9408.56558222199,0.0,0,20,3780
17203.0,9408.56558222199,0.0,0,20,3780
17204.0,9408.56558222199,0.0,0,20,3780
17205.0,9408.56558222199,0.0,0,20,3780
17206.0,9408.56558222199,0.0,0,20,3780
17207.0,9408.56558222199,0.0,0,20,3780
17208.0,9408.56558222199,0.0,0,20,3780
17209.0,9408.56558222199,0.0,0,20,3780
17210.0,9408.56558222199,0.0,0,20,3780
17211.0,9408.56558222199,0.0,0,20,3780
17212.0,9408.56558222199,0.0,0,20,3780
17213.0,9408.56558222199,0.0,0,20,3780
17214.0,9408.56558222199,0.0,0,20,3780
17215.0,9408.56558222199,0.0,0,20,3780
17216.0,9408.56558222199,0.0,0,20,3780
17217.0,9408.56558222199,0.0,0,20,3780
17218.0,9408.56558222199,0.0,0,20,3780
17219.0,9408.56558222199,0.0,0,20,3780
17220.0,9408.56558222199,0.0,0,20,3780
17221.0,9408.56558222199,0.0,0,20,3780
17222.0,9408.56558222199,0.0,0,20,3780
17223.0,9408.56558222199,0.0,0,20,3780
17224.0,9408.56558222199,0.0,0,20,3780
17225.0,9408.56558222199,0.0,0,20,3780
17226.0,9408.56558222199,0.0,0,20,3780
17227.0,9408.56558222199,0.0,0,20,3780
17228.0,9408.56558222199,0.0,0,20,3780
17229.0,9408.56558222199,0.0,0,20,3780
17230.0,9408.56558222199,0.0,0,20,3780
17231.0,9408.56558222199,0.0,0,20,3780
17232.0,9408.56558222199,0.0,0,20,3780
17233.0,9408.56558222199,0.0,0,20,3780
17234.0,9408.56558222199,0.0,0,20,3780
17235.0,9408.56558222199,0.0,0,20,3780
17236.0,9408.56558222199,0.0,0,20,3780
17237.0,9408.56558222199,0.0,0,20,3780
17238.0,9408.56558222199,0.0,0,20,3780
17239.0,9408.56558222199,0.0,0,20,3780
17240.0,9408.56558222199,0.0,0,20,3780
17241.0,9408.56558222199,0.0,0,20,3780
17242.0,9408.56558222199,0.0,0,20,3780
17243.0,9408.56558222199,0.0,0,20,3780
17244.0,9408.56558222199,0.0,0,20,3780
17245.0,9408.56558222199,0.0,0,20,3780
17246.0,9408.56558222199,0.0,0,20,3780
17247.0,9408.56558222199,0.0,0,20,3780
17248.0,9408.56558222199,0.0,0,20,3780
17249.0,9408.56558222199,0.0,0,20,3780
17250.0,9408.56558222199,0.0,0,20,3780
17251.0,9408.56558222199,0.0,0,20,3780
17252.0,9408.56558222199,0.0,0,20,3780
17253.0,9408.56558222199,0.0,0,20,3780
17254.0,9408.56558222199,0.0,0,20,3780
17255.0,9408.56558222199,0.0,0,20,3780
17256.0,9408.56558222199,0.0,0,20,3780
17257.0,9408.56558222199,0.0,0,20,3780
17258.0,9408.56558222199,0.0,0,20,3780
17259.0,9408.56558222199,0.0,0,20,3780
17260.0,9408.56558222199,0.0,0,20,3780
17261.0,9408.56558222199,0.0,0,20,3780
17262.0,9408.56558222199,0.0,0,20,3780
17263.0,9408.56558222199,0.0,0,20,3780
17264.0,9408.56558222199,0.0,0,20,3780
17265.0,9408.56558222199,0.0,0,20,3780
17266.0,9408.56558222199,0.0,0,20,3780
17267.0,9408.56558222199,0.0,0,20,3780
17268.0,9408.56558222199,0.0,0,20,3780
17269.0,9408.56558222199,0.0,0,20,3780
17270.0,9408.56558222199,0.0,0,20,3780
17271.0,9408.56558222199,0.0,0,20,3780
17272.0,9408.56558222199,0.0,0,20,3780
17273.0,9408.56558222199,0.0,0,20,3780
17274.0,9408.56558222199,0.0,0,20,3780
17275.0,9408.56558222199,0.0,0,20,3780
17276.0,9408.56558222199,0.0,0,20,3780
17277.0,9408.56558222199,0.0,0,20,3780
17278.0,9408.56558222199,0.0,0,20,3780
17279.0,9408.56558222199,0.0,0,20,3780
17280.0,9408.56558222199,0.0,0,20,3780
17281.0,9408.56558222199,0.0,0,20,3780
17282.0,9408.56558222199,0.0,0,20,3780
17283.0,9408.56558222199,0.0,0,20,3780
17284.0,9408.56558222199,0.0,0,20,3780
17285.0,9408.56558222199,0.0,0,20,3780
17286.0,9408.56558222199,0.0,0,20,3780
17287.0,9408.56558222199,0.0,0,20,3780
17288.0,9408.56558222199,0.0,0,20,3780
17289.0,9408.56558222199,0.0,0,20,3780
17290.0,9408.56558222199,0.0,0,20,3780
17291.0,9408.56558222199,0.0,0,20,3780
17292.0,9408.56558222199,0.0,0,20,3780
17293.0,9408.56558222199,0.0,0,20,3780
17294.0,9408.56558222199,0.0,0,20,3780
17295.0,9408.56558222199,0.0,0,20,3780
17296.0,9408.56558222199,0.0,0,20,3780
17297.0,9408.56558222199,0.0,0,20,3780
17298.0,9408.56558222199,0.0,0,20,3780
17299.0,9408.56558222199,0.0,0,20,3780
17300.0,9408.56558222199,0.0,0,20,3780
17301.0,9408.56558222199,0.0,0,20,3780
17302.0,9408.56558222199,0.0,0,20,3780
17303.0,9408.56558222199,0.0,0,20,3780
17304.0,9408.56558222199,0.0,0,20,3780
17305.0,9408.56558222199,0.0,0,20,3780
17306.0,9408.56558222199,0.0,0,20,3780
17307.0,9408.56558222199,0.0,0,20,3780
17308.0,9408.56558222199,0.0,0,20,3780
17309.0,9408.56558222199,0.0,0,20,3780
17310.0,9408.56558222199,0.0,0,20,3780
17311.0,9408.56558222199,0.0,0,20,3780
17312.0,9408.56558222199,0.0,0,20,3780
17313.0,9408.56558222199,0.0,0,20,3780
17314.0,9408.56558222199,0.0,0,20,3780
17315.0,9408.56558222199,0.0,0,20,3780
17316.0,9408.56558222199,0.0,0,20,3780
17317.0,9408.56558222199,0.0,0,20,3780
17318.0,9408.56558222199,0.0,0,20,3780
17319.0,9408.56558222199,0.0,0,20,3780
17320.0,9408.56558222199,0.0,0,20,3780
17321.0,9408.56558222199,0.0,0,20,3780
17322.0,9408.56558222199,0.0,0,20,3780
17323.0,9408.56558222199,0.0,0,20,3780
17324.0,9408.56558222199,0.0,0,20,3780
17325.0,9408.56558222199,0.0,0,20,3780
17326.0,9408.56558222199,0.0,0,20,3780
17327.0,9408.56558222199,0.0,0,20,3780
17328.0,9408.56558222199,0.0,0,20,3780
17329.0,9408.56558222199,0.0,0,20,3780
17330.0,9408.56558222199,0.0,0,20,3780
17331.0,9408.56558222199,0.0,0,20,3780
17332.0,9408.56558222199,0.0,0,20,3780
17333.0,9408.56558222199,0.0,0,20,3780
17334.0,9408.56558222199,0.0,0,20,3780
17335.0,9408.56558222199,0.0,0,20,3780
17336.0,9408.56558222199,0.0,0,20,3780
17337.0,9408.56558222199,0.0,0,20,3780
17338.0,9408.56558222199,0.0,0,20,3780
17339.0,9408.56558222199,0.0,0,20,3780
17340.0,9408.56558222199,0.0,0,20,3780
17341.0,9408.56558222199,0.0,0,20,3780
17342.0,9408.56558222199,0.0,0,20,3780
17343.0,9408.56558222199,0.0,0,20,3780
17344.0,9408.56558222199,0.0,0,20,3780
17345.0,9408.56558222199,0.0,0,20,3780
17346.0,9408.56558222199,0.0,0,20,3780
17347.0,9408.56558222199,0.0,0,20,3780
17348.0,9408.56558222199,0.0,0,20,3780
17349.0,9408.56558222199,0.0,0,20,3780
17350.0,9408.56558222199,0.0,0,20,3780
17351.0,9408.56558222199,0.0,0,20,3780
17352.0,9408.56558222199,0.0,0,20,3780
17353.0,9408.56558222199,0.0,0,20,3780
17354.0,9408.56558222199,0.0,0,20,3780
17355.0,9408.56558222199,0.0,0,20,3780
17356.0,9408.56558222199,0.0,0,20,3780
17357.0,9408.56558222199,0.0,0,20,3780
17358.0,9408.56558222199,0.0,0,20,3780
17359.0,9408.56558222199,0.0,0,20,3780
17360.0,9408.56558222199,0.0,0,20,3780
17361.0,9408.56558222199,0.0,0,20,3780
17362.0,9408.56558222199,0.0,0,20,3780
17363.0,9408.56558222199,0.0,0,20,3780
17364.0,9408.56558222199,0.0,0,20,3780
17365.0,9408.56558222199,0.0,0,20,3780
17366.0,9408.56558222199,0.0,0,20,3780
17367.0,9408.56558222199,0.0,0,20,3780
17368.0,9408.56558222199,0.0,0,20,3780
17369.0,9408.56558222199,0.0,0,20,3780
17370.0,9408.56558222199,0.0,0,20,3780
17371.0,9408.56558222199,0.0,0,20,3780
17372.0,9408.56558222199,0.0,0,20,3780
17373.0,9408.56558222199,0.0,0,20,3780
17374.0,9408.56558222199,0.0,0,20,3780
17375.0,9408.56558222199,0.0,0,20,3780
17376.0,9408.56558222199,0.0,0,20,3780
17377.0,9408.56558222199,0.0,0,20,3780
17378.0,9408.56558222199,0.0,0,20,3780
17379.0,9408.56558222199,0.0,0,20,3780
17380.0,9408.56558222199,0.0,0,20,3780
17381.0,9408.56558222199,0.0,0,20,3780
17382.0,9408.56558222199,0.0,0,20,3780
17383.0,9408.56558222199,0.0,0,20,3780
17384.0,9408.56558222199,0.0,0,20,3780
17385.0,9408.56558222199,0.0,0,20,3780
17386.0,9408.56558222199,0.0,0,20,3780
17387.0,9408.56558222199,0.0,0,20,3780
17388.0,9408.56558222199,0.0,0,20,3780
17389.0,9408.56558222199,0.0,0,20,3780
17390.0,9408.56558222199,0.0,0,20,3780
17391.0,9408.56558222199,0.0,0,20,3780
17392.0,9408.56558222199,0.0,0,20,3780
17393.0,9408.56558222199,0.0,0,20,3780
17394.0,9408.56558222199,0.0,0,20,3780
17395.0,9408.56558222199,0.0,0,20,3780
17396.0,9408.56558222199,0.0,0,20,3780
17397.0,9408.56558222199,0.0,0,20,3780
17398.0,9408.56558222199,0.0,0,20,3780
17399.0,9408.56558222199,0.0,0,20,3780
17400.0,9408.56558222199,0.0,0,20,3780
17401.0,9408.56558222199,0.0,0,20,3780
17402.0,9408.56558222199,0.0,0,20,3780
17403.0,9408.56558222199,0.0,0,20,3780
17404.0,9408.56558222199,0.0,0,20,3780
17405.0,9408.56558222199,0.0,0,20,3780
17406.0,9408.56558222199,0.0,0,20,3780
17407.0,9408.56558222199,0.0,0,20,3780
17408.0,9408.56558222199,0.0,0,20,3780
17409.0,9408.56558222199,0.0,0,20,3780
17410.0,9408.56558222199,0.0,0,20,3780
17411.0,9408.56558222199,0.0,0,20,3780
17412.0,9408.56558222199,0.0,0,20,3780
17413.0,9408.56558222199,0.0,0,20,3780
17414.0,9408.56558222199,0.0,0,20,3780
17415.0,9408.56558222199,0.0,0,20,3780
17416.0,9408.56558222199,0.0,0,20,3780
17417.0,9408.56558222199,0.0,0,20,3780
17418.0,9408.56558222199,0.0,0,20,3780
17419.0,9408.56558222199,0.0,0,20,3780
17420.0,9408.56558222199,0.0,0,20,3780
17421.0,9408.56558222199,0.0,0,20,3780
17422.0,9408.56558222199,0.0,0,20,3780
17423.0,9408.56558222199,0.0,0,20,3780
17424.0,9408.56558222199,0.0,0,20,3780
17425.0,9408.56558222199,0.0,0,20,3780
17426.0,9408.56558222199,0.0,0,20,3780
17427.0,9408.56558222199,0.0,0,20,3780
17428.0,9408.56558222199,0.0,0,20,3780
17429.0,9408.56558222199,0.0,0,20,3780
17430.0,9408.56558222199,0.0,0,20,3780
17431.0,9408.56558222199,0.0,0,20,3780
17432.0,9408.56558222199,0.0,0,20,3780
17433.0,9408.56558222199,0.0,0,20,3780
17434.0,9408.56558222199,0.0,0,20,3780
17435.0,9408.56558222199,0.0,0,20,3780
17436.0,9408.56558222199,0.0,0,20,3780
17437.0,9408.56558222199,0.0,0,20,3780
17438.0,9408.56558222199,0.0,0,20,3780
17439.0,9408.56558222199,0.0,0,20,3780
17440.0,9408.56558222199,0.0,0,20,3780
17441.0,9408.56558222199,0.0,0,20,3780
17442.0,9408.56558222199,0.0,0,20,3780
17443.0,9408.56558222199,0.0,0,20,3780
17444.0,9408.56558222199,0.0,0,20,3780
17445.0,9408.56558222199,0.0,0,20,3780
17446.0,9408.56558222199,0.0,0,20,3780
17447.0,9408.56558222199,0.0,0,20,3780
17448.0,9408.56558222199,0.0,0,20,3780
17449.0,9408.56558222199,0.0,0,20,3780
17450.0,9408.56558222199,0.0,0,20,3780
17451.0,9408.56558222199,0.0,0,20,3780
17452.0,9408.56558222199,0.0,0,20,3780
17453.0,9408.56558222199,0.0,0,20,3780
17454.0,9408.56558222199,0.0,0,20,3780
17455.0,9408.56558222199,0.0,0,20,3780
17456.0,9408.56558222199,0.0,0,20,3780
17457.0,9408.56558222199,0.0,0,20,3780
17458.0,9408.56558222199,0.0,0,20,3780
17459.0,9408.56558222199,0.0,0,20,3780
17460.0,9408.56558222199,0.0,0,20,3780
17461.0,9408.56558222199,0.0,0,20,3780
17462.0,9408.56558222199,0.0,0,20,3780
17463.0,9408.56558222199,0.0,0,20,3780
17464.0,9408.56558222199,0.0,0,20,3780
17465.0,9408.56558222199,0.0,0,20,3780
17466.0,9408.56558222199,0.0,0,20,3780
17467.0,9408.56558222199,0.0,0,20,3780
17468.0,9408.56558222199,0.0,0,20,3780
17469.0,9408.56558222199,0.0,0,20,3780
17470.0,9408.56558222199,0.0,0,20,3780
17471.0,9408.56558222199,0.0,0,20,3780
17472.0,9408.56558222199,0.0,0,20,3780
17473.0,9408.56558222199,0.0,0,20,3780
17474.0,9408.56558222199,0.0,0,20,3780
17475.0,9408.56558222199,0.0,0,20,3780
17476.0,9408.56558222199,0.0,0,20,3780
17477.0,9408.56558222199,0.0,0,20,3780
17478.0,9408.56558222199,0.0,0,20,3780
17479.0,9408.56558222199,0.0,0,20,3780
17480.0,9408.56558222199,0.0,0,20,3780
17481.0,9408.56558222199,0.0,0,20,3780
17482.0,9408.56558222199,0.0,0,20,3780
17483.0,9408.56558222199,0.0,0,20,3780
17484.0,9408.56558222199,0.0,0,20,3780
17485.0,9408.56558222199,0.0,0,20,3780
17486.0,9408.56558222199,0.0,0,20,3780
17487.0,9408.56558222199,0.0,0,20,3780
17488.0,9408.56558222199,0.0,0,20,3780
17489.0,9408.56558222199,0.0,0,20,3780
17490.0,9408.56558222199,0.0,0,20,3780
17491.0,9408.56558222199,0.0,0,20,3780
17492.0,9408.56558222199,0.0,0,20,3780
17493.0,9408.56558222199,0.0,0,20,3780
17494.0,9408.56558222199,0.0,0,20,3780
17495.0,9408.56558222199,0.0,0,20,3780
17496.0,9408.56558222199,0.0,0,20,3780
17497.0,9408.56558222199,0.0,0,20,3780
17498.0,9408.56558222199,0.0,0,20,3780
17499.0,9408.56558222199,0.0,0,20,3780
17500.0,9408.56558222199,0.0,0,20,3780
17501.0,9408.56558222199,0.0,0,20,3780
17502.0,9408.56558222199,0.0,0,20,3780
17503.0,9408.56558222199,0.0,0,20,3780
17504.0,9408.56558222199,0.0,0,20,3780
17505.0,9408.56558222199,0.0,0,20,3780
17506.0,9408.56558222199,0.0,0,20,3780
17507.0,9408.56558222199,0.0,0,20,3780
17508.0,9408.56558222199,0.0,0,20,3780
17509.0,9408.56558222199,0.0,0,20,3780
17510.0,9408.56558222199,0.0,0,20,3780
17511.0,9408.56558222199,0.0,0,20,3780
17512.0,9408.56558222199,0.0,0,20,3780
17513.0,9408.56558222199,0.0,0,20,3780
17514.0,9408.56558222199,0.0,0,20,3780
17515.0,9408.56558222199,0.0,0,20,3780
17516.0,9408.56558222199,0.0,0,20,3780
17517.0,9408.56558222199,0.0,0,20,3780
17518.0,9408.56558222199,0.0,0,20,3780
17519.0,9408.56558222199,0.0,0,20,3780
17520.0,9408.56558222199,0.0,0,20,3780
17521.0,9408.56558222199,0.0,0,20,3780
17522.0,9408.56558222199,0.0,0,20,3780
17523.0,9408.56558222199,0.0,0,20,3780
17524.0,9408.56558222199,0.0,0,20,3780
17525.0,9408.56558222199,0.0,0,20,3780
17526.0,9408.56558222199,0.0,0,20,3780
17527.0,9408.56558222199,0.0,0,20,3780
17528.0,9408.56558222199,0.0,0,20,3780
17529.0,9408.56558222199,0.0,0,20,3780
17530.0,9408.56558222199,0.0,0,20,3780
17531.0,9408.56558222199,0.0,0,20,3780
17532.0,9408.56558222199,0.0,0,20,3780
17533.0,9408.56558222199,0.0,0,20,3780
17534.0,9408.56558222199,0.0,0,20,3780
17535.0,9408.56558222199,0.0,0,20,3780
17536.0,9408.56558222199,0.0,0,20,3780
17537.0,9408.56558222199,0.0,0,20,3780
17538.0,9408.56558222199,0.0,0,20,3780
17539.0,9408.56558222199,0.0,0,20,3780
17540.0,9408.56558222199,0.0,0,20,3780
17541.0,9408.56558222199,0.0,0,20,3780
17542.0,9408.56558222199,0.0,0,20,3780
17543.0,9408.56558222199,0.0,0,20,3780
17544.0,9408.56558222199,0.0,0,20,3780
17545.0,9408.56558222199,0.0,0,20,3780
17546.0,9408.56558222199,0.0,0,20,3780
17547.0,9408.56558222199,0.0,0,20,3780
17548.0,9408.56558222199,0.0,0,20,3780
17549.0,9408.56558222199,0.0,0,20,3780
17550.0,9408.56558222199,0.0,0,20,3780
17551.0,9408.56558222199,0.0,0,20,3780
17552.0,9408.56558222199,0.0,0,20,3780
17553.0,9408.56558222199,0.0,0,20,3780
17554.0,9408.56558222199,0.0,0,20,3780
17555.0,9408.56558222199,0.0,0,20,3780
17556.0,9408.56558222199,0.0,0,20,3780
17557.0,9408.56558222199,0.0,0,20,3780
17558.0,9408.56558222199,0.0,0,20,3780
17559.0,9408.56558222199,0.0,0,20,3780
17560.0,9408.56558222199,0.0,0,20,3780
17561.0,9408.56558222199,0.0,0,20,3780
17562.0,9408.56558222199,0.0,0,20,3780
17563.0,9408.56558222199,0.0,0,20,3780
17564.0,9408.56558222199,0.0,0,20,3780
17565.0,9408.56558222199,0.0,0,20,3780
17566.0,9408.56558222199,0.0,0,20,3780
17567.0,9408.56558222199,0.0,0,20,3780
17568.0,9408.56558222199,0.0,0,20,3780
17569.0,9408.56558222199,0.0,0,20,3780
17570.0,9408.56558222199,0.0,0,20,3780
17571.0,9408.56558222199,0.0,0,20,3780
17572.0,9408.56558222199,0.0,0,20,3780
17573.0,9408.56558222199,0.0,0,20,3780
17574.0,9408.56558222199,0.0,0,20,3780
17575.0,9408.56558222199,0.0,0,20,3780
17576.0,9408.56558222199,0.0,0,20,3780
17577.0,9408.56558222199,0.0,0,20,3780
17578.0,9408.56558222199,0.0,0,20,3780
17579.0,9408.56558222199,0.0,0,20,3780
17580.0,9408.56558222199,0.0,0,20,3780
17581.0,9408.56558222199,0.0,0,20,3780
17582.0,9408.56558222199,0.0,0,20,3780
17583.0,9408.56558222199,0.0,0,20,3780
17584.0,9408.56558222199,0.0,0,20,3780
17585.0,9408.56558222199,0.0,0,20,3780
17586.0,9408.56558222199,0.0,0,20,3780
17587.0,9408.56558222199,0.0,0,20,3780
17588.0,9408.56558222199,0.0,0,20,3780
17589.0,9408.56558222199,0.0,0,20,3780
17590.0,9408.56558222199,0.0,0,20,3780
17591.0,9408.56558222199,0.0,0,20,3780
17592.0,9408.56558222199,0.0,0,20,3780
17593.0,9408.56558222199,0.0,0,20,3780
17594.0,9408.56558222199,0.0,0,20,3780
17595.0,9408.56558222199,0.0,0,20,3780
17596.0,9408.56558222199,0.0,0,20,3780
17597.0,9408.56558222199,0.0,0,20,3780
17598.0,9408.56558222199,0.0,0,20,3780
17599.0,9408.56558222199,0.0,0,20,3780
17600.0,9408.56558222199,0.0,0,20,3780
17601.0,9408.56558222199,0.0,0,20,3780
17602.0,9408.56558222199,0.0,0,20,3780
17603.0,9408.56558222199,0.0,0,20,3780
17604.0,9408.56558222199,0.0,0,20,3780
17605.0,9408.56558222199,0.0,0,20,3780
17606.0,9408.56558222199,0.0,0,20,3780
17607.0,9408.56558222199,0.0,0,20,3780
17608.0,9408.56558222199,0.0,0,20,3780
17609.0,9408.56558222199,0.0,0,20,3780
17610.0,9408.56558222199,0.0,0,20,3780
17611.0,9408.56558222199,0.0,0,20,3780
17612.0,9408.56558222199,0.0,0,20,3780
17613.0,9408.56558222199,0.0,0,20,3780
17614.0,9408.56558222199,0.0,0,20,3780
17615.0,9408.56558222199,0.0,0,20,3780
17616.0,9408.56558222199,0.0,0,20,3780
17617.0,9408.56558222199,0.0,0,20,3780
17618.0,9408.56558222199,0.0,0,20,3780
17619.0,9408.56558222199,0.0,0,20,3780
17620.0,9408.56558222199,0.0,0,20,3780
17621.0,9408.56558222199,0.0,0,20,3780
17622.0,9408.56558222199,0.0,0,20,3780
17623.0,9408.56558222199,0.0,0,20,3780
17624.0,9408.56558222199,0.0,0,20,3780
17625.0,9408.56558222199,0.0,0,20,3780
17626.0,9408.56558222199,0.0,0,20,3780
17627.0,9408.56558222199,0.0,0,20,3780
17628.0,9408.56558222199,0.0,0,20,3780
17629.0,9408.56558222199,0.0,0,20,3780
17630.0,9408.56558222199,0.0,0,20,3780
17631.0,9408.56558222199,0.0,0,20,3780
17632.0,9408.56558222199,0.0,0,20,3780
17633.0,9408.56558222199,0.0,0,20,3780
17634.0,9408.56558222199,0.0,0,20,3780
17635.0,9408.56558222199,0.0,0,20,3780
17636.0,9408.56558222199,0.0,0,20,3780
17637.0,9408.56558222199,0.0,0,20,3780
17638.0,9408.56558222199,0.0,0,20,3780
17639.0,9408.56558222199,0.0,0,20,3780
17640.0,9408.56558222199,0.0,0,20,3780
17641.0,9408.56558222199,0.0,0,20,3780
17642.0,9408.56558222199,0.0,0,20,3780
17643.0,9408.56558222199,0.0,0,20,3780
17644.0,9408.56558222199,0.0,0,20,3780
17645.0,9408.56558222199,0.0,0,20,3780
17646.0,9408.56558222199,0.0,0,20,3780
17647.0,9408.56558222199,0.0,0,20,3780
17648.0,9408.56558222199,0.0,0,20,3780
17649.0,9408.56558222199,0.0,0,20,3780
17650.0,9408.56558222199,0.0,0,20,3780
17651.0,9408.56558222199,0.0,0,20,3780
17652.0,9408.56558222199,0.0,0,20,3780
17653.0,9408.56558222199,0.0,0,20,3780
17654.0,9408.56558222199,0.0,0,20,3780
17655.0,9408.56558222199,0.0,0,20,3780
17656.0,9408.56558222199,0.0,0,20,3780
17657.0,9408.56558222199,0.0,0,20,3780
17658.0,9408.56558222199,0.0,0,20,3780
17659.0,9408.56558222199,0.0,0,20,3780
17660.0,9408.56558222199,0.0,0,20,3780
17661.0,9408.56558222199,0.0,0,20,3780
17662.0,9408.56558222199,0.0,0,20,3780
17663.0,9408.56558222199,0.0,0,20,3780
17664.0,9408.56558222199,0.0,0,20,3780
17665.0,9408.56558222199,0.0,0,20,3780
17666.0,9408.56558222199,0.0,0,20,3780
17667.0,9408.56558222199,0.0,0,20,3780
17668.0,9408.56558222199,0.0,0,20,3780
17669.0,9408.56558222199,0.0,0,20,3780
17670.0,9408.56558222199,0.0,0,20,3780
17671.0,9408.56558222199,0.0,0,20,3780
17672.0,9408.56558222199,0.0,0,20,3780
17673.0,9408.56558222199,0.0,0,20,3780
17674.0,9408.56558222199,0.0,0,20,3780
17675.0,9408.56558222199,0.0,0,20,3780
17676.0,9408.56558222199,0.0,0,20,3780
17677.0,9408.56558222199,0.0,0,20,3780
17678.0,9408.56558222199,0.0,0,20,3780
17679.0,9408.56558222199,0.0,0,20,3780
17680.0,9408.56558222199,0.0,0,20,3780
17681.0,9408.56558222199,0.0,0,20,3780
17682.0,9408.56558222199,0.0,0,20,3780
17683.0,9408.56558222199,0.0,0,20,3780
17684.0,9408.56558222199,0.0,0,20,3780
17685.0,9408.56558222199,0.0,0,20,3780
17686.0,9408.56558222199,0.0,0,20,3780
17687.0,9408.56558222199,0.0,0,20,3780
17688.0,9408.56558222199,0.0,0,20,3780
17689.0,9408.56558222199,0.0,0,20,3780
17690.0,9408.56558222199,0.0,0,20,3780
17691.0,9408.56558222199,0.0,0,20,3780
17692.0,9408.56558222199,0.0,0,20,3780
17693.0,9408.56558222199,0.0,0,20,3780
17694.0,9408.56558222199,0.0,0,20,3780
17695.0,9408.56558222199,0.0,0,20,3780
17696.0,9408.56558222199,0.0,0,20,3780
17697.0,9408.56558222199,0.0,0,20,3780
17698.0,9408.56558222199,0.0,0,20,3780
17699.0,9408.56558222199,0.0,0,20,3780
17700.0,9408.56558222199,0.0,0,20,3780
17701.0,9408.56558222199,0.0,0,20,3780
17702.0,9408.56558222199,0.0,0,20,3780
17703.0,9408.56558222199,0.0,0,20,3780
17704.0,9408.56558222199,0.0,0,20,3780
17705.0,9408.56558222199,0.0,0,20,3780
17706.0,9408.56558222199,0.0,0,20,3780
17707.0,9408.56558222199,0.0,0,20,3780
17708.0,9408.56558222199,0.0,0,20,3780
17709.0,9408.56558222199,0.0,0,20,3780
17710.0,9408.56558222199,0.0,0,20,3780
17711.0,9408.56558222199,0.0,0,20,3780
17712.0,9408.56558222199,0.0,0,20,3780
17713.0,9408.56558222199,0.0,0,20,3780
17714.0,9408.56558222199,0.0,0,20,3780
17715.0,9408.56558222199,0.0,0,20,3780
17716.0,9408.56558222199,0.0,0,20,3780
17717.0,9408.56558222199,0.0,0,20,3780
17718.0,9408.56558222199,0.0,0,20,3780
17719.0,9408.56558222199,0.0,0,20,3780
17720.0,9408.56558222199,0.0,0,20,3780
17721.0,9408.56558222199,0.0,0,20,3780
17722.0,9408.56558222199,0.0,0,20,3780
17723.0,9408.56558222199,0.0,0,20,3780
17724.0,9408.56558222199,0.0,0,20,3780
17725.0,9408.56558222199,0.0,0,20,3780
17726.0,9408.56558222199,0.0,0,20,3780
17727.0,9408.56558222199,0.0,0,20,3780
17728.0,9408.56558222199,0.0,0,20,3780
17729.0,9408.56558222199,0.0,0,20,3780
17730.0,9408.56558222199,0.0,0,20,3780
17731.0,9408.56558222199,0.0,0,20,3780
17732.0,9408.56558222199,0.0,0,20,3780
17733.0,9408.56558222199,0.0,0,20,3780
17734.0,9408.56558222199,0.0,0,20,3780
17735.0,9408.56558222199,0.0,0,20,3780
17736.0,9408.56558222199,0.0,0,20,3780
17737.0,9408.56558222199,0.0,0,20,3780
17738.0,9408.56558222199,0.0,0,20,3780
17739.0,9408.56558222199,0.0,0,20,3780
17740.0,9408.56558222199,0.0,0,20,3780
17741.0,9408.56558222199,0.0,0,20,3780
17742.0,9408.56558222199,0.0,0,20,3780
17743.0,9408.56558222199,0.0,0,20,3780
17744.0,9408.56558222199,0.0,0,20,3780
17745.0,9408.56558222199,0.0,0,20,3780
17746.0,9408.56558222199,0.0,0,20,3780
17747.0,9408.56558222199,0.0,0,20,3780
17748.0,9408.56558222199,0.0,0,20,3780
17749.0,9408.56558222199,0.0,0,20,3780
17750.0,9408.56558222199,0.0,0,20,3780
17751.0,9408.56558222199,0.0,0,20,3780
17752.0,9408.56558222199,0.0,0,20,3780
17753.0,9408.56558222199,0.0,0,20,3780
17754.0,9408.56558222199,0.0,0,20,3780
17755.0,9408.56558222199,0.0,0,20,3780
17756.0,9408.56558222199,0.0,0,20,3780
17757.0,9408.56558222199,0.0,0,20,3780
17758.0,9408.56558222199,0.0,0,20,3780
17759.0,9408.56558222199,0.0,0,20,3780
17760.0,9408.56558222199,0.0,0,20,3780
17761.0,9408.56558222199,0.0,0,20,3780
17762.0,9408.56558222199,0.0,0,20,3780
17763.0,9408.56558222199,0.0,0,20,3780
17764.0,9408.56558222199,0.0,0,20,3780
17765.0,9408.56558222199,0.0,0,20,3780
17766.0,9408.56558222199,0.0,0,20,3780
17767.0,9408.56558222199,0.0,0,20,3780
17768.0,9408.56558222199,0.0,0,20,3780
17769.0,9408.56558222199,0.0,0,20,3780
17770.0,9408.56558222199,0.0,0,20,3780
17771.0,9408.56558222199,0.0,0,20,3780
17772.0,9408.56558222199,0.0,0,20,3780
17773.0,9408.56558222199,0.0,0,20,3780
17774.0,9408.56558222199,0.0,0,20,3780
17775.0,9408.56558222199,0.0,0,20,3780
17776.0,9408.56558222199,0.0,0,20,3780
17777.0,9408.56558222199,0.0,0,20,3780
17778.0,9408.56558222199,0.0,0,20,3780
17779.0,9408.56558222199,0.0,0,20,3780
17780.0,9408.56558222199,0.0,0,20,3780
17781.0,9408.56558222199,0.0,0,20,3780
17782.0,9408.56558222199,0.0,0,20,3780
17783.0,9408.56558222199,0.0,0,20,3780
17784.0,9408.56558222199,0.0,0,20,3780
17785.0,9408.56558222199,0.0,0,20,3780
17786.0,9408.56558222199,0.0,0,20,3780
17787.0,9408.56558222199,0.0,0,20,3780
17788.0,9408.56558222199,0.0,0,20,3780
17789.0,9408.56558222199,0.0,0,20,3780
17790.0,9408.56558222199,0.0,0,20,3780
17791.0,9408.56558222199,0.0,0,20,3780
17792.0,9408.56558222199,0.0,0,20,3780
17793.0,9408.56558222199,0.0,0,20,3780
17794.0,9408.56558222199,0.0,0,20,3780
17795.0,9408.56558222199,0.0,0,20,3780
17796.0,9408.56558222199,0.0,0,20,3780
17797.0,9408.56558222199,0.0,0,20,3780
17798.0,9408.56558222199,0.0,0,20,3780
17799.0,9408.56558222199,0.0,0,20,3780
17800.0,9408.56558222199,0.0,0,20,3780
17801.0,9408.56558222199,0.0,0,20,3780
17802.0,9408.56558222199,0.0,0,20,3780
17803.0,9408.56558222199,0.0,0,20,3780
17804.0,9408.56558222199,0.0,0,20,3780
17805.0,9408.56558222199,0.0,0,20,3780
17806.0,9408.56558222199,0.0,0,20,3780
17807.0,9408.56558222199,0.0,0,20,3780
17808.0,9408.56558222199,0.0,0,20,3780
17809.0,9408.56558222199,0.0,0,20,3780
17810.0,9408.56558222199,0.0,0,20,3780
17811.0,9408.56558222199,0.0,0,20,3780
17812.0,9408.56558222199,0.0,0,20,3780
17813.0,9408.56558222199,0.0,0,20,3780
17814.0,9408.56558222199,0.0,0,20,3780
17815.0,9408.56558222199,0.0,0,20,3780
17816.0,9408.56558222199,0.0,0,20,3780
17817.0,9408.56558222199,0.0,0,20,3780
17818.0,9408.56558222199,0.0,0,20,3780
17819.0,9408.56558222199,0.0,0,20,3780
17820.0,9408.56558222199,0.0,0,20,3780
17821.0,9408.56558222199,0.0,0,20,3780
17822.0,9408.56558222199,0.0,0,20,3780
17823.0,9408.56558222199,0.0,0,20,3780
17824.0,9408.56558222199,0.0,0,20,3780
17825.0,9408.56558222199,0.0,0,20,3780
17826.0,9408.56558222199,0.0,0,20,3780
17827.0,9408.56558222199,0.0,0,20,3780
17828.0,9408.56558222199,0.0,0,20,3780
17829.0,9408.56558222199,0.0,0,20,3780
17830.0,9408.56558222199,0.0,0,20,3780
17831.0,9408.56558222199,0.0,0,20,3780
17832.0,9408.56558222199,0.0,0,20,3780
17833.0,9408.56558222199,0.0,0,20,3780
17834.0,9408.56558222199,0.0,0,20,3780
17835.0,9408.56558222199,0.0,0,20,3780
17836.0,9408.56558222199,0.0,0,20,3780
17837.0,9408.56558222199,0.0,0,20,3780
17838.0,9408.56558222199,0.0,0,20,3780
17839.0,9408.56558222199,0.0,0,20,3780
17840.0,9408.56558222199,0.0,0,20,3780
17841.0,9408.56558222199,0.0,0,20,3780
17842.0,9408.56558222199,0.0,0,20,3780
17843.0,9408.56558222199,0.0,0,20,3780
17844.0,9408.56558222199,0.0,0,20,3780
17845.0,9408.56558222199,0.0,0,20,3780
17846.0,9408.56558222199,0.0,0,20,3780
17847.0,9408.56558222199,0.0,0,20,3780
17848.0,9408.56558222199,0.0,0,20,3780
17849.0,9408.56558222199,0.0,0,20,3780
17850.0,9408.56558222199,0.0,0,20,3780
17851.0,9408.56558222199,0.0,0,20,3780
17852.0,9408.56558222199,0.0,0,20,3780
17853.0,9408.56558222199,0.0,0,20,3780
17854.0,9408.56558222199,0.0,0,20,3780
17855.0,9408.56558222199,0.0,0,20,3780
17856.0,9408.56558222199,0.0,0,20,3780
17857.0,9408.56558222199,0.0,0,20,3780
17858.0,9408.56558222199,0.0,0,20,3780
17859.0,9408.56558222199,0.0,0,20,3780
17860.0,9408.56558222199,0.0,0,20,3780
17861.0,9408.56558222199,0.0,0,20,3780
17862.0,9408.56558222199,0.0,0,20,3780
17863.0,9408.56558222199,0.0,0,20,3780
17864.0,9408.56558222199,0.0,0,20,3780
17865.0,9408.56558222199,0.0,0,20,3780
17866.0,9408.56558222199,0.0,0,20,3780
17867.0,9408.56558222199,0.0,0,20,3780
17868.0,9408.56558222199,0.0,0,20,3780
17869.0,9408.56558222199,0.0,0,20,3780
17870.0,9408.56558222199,0.0,0,20,3780
17871.0,9408.56558222199,0.0,0,20,3780
17872.0,9408.56558222199,0.0,0,20,3780
17873.0,9408.56558222199,0.0,0,20,3780
17874.0,9408.56558222199,0.0,0,20,3780
17875.0,9408.56558222199,0.0,0,20,3780
17876.0,9408.56558222199,0.0,0,20,3780
17877.0,9408.56558222199,0.0,0,20,3780
17878.0,9408.56558222199,0.0,0,20,3780
17879.0,9408.56558222199,0.0,0,20,3780
17880.0,9408.56558222199,0.0,0,20,3780
17881.0,9408.56558222199,0.0,0,20,3780
17882.0,9408.56558222199,0.0,0,20,3780
17883.0,9408.56558222199,0.0,0,20,3780
17884.0,9408.56558222199,0.0,0,20,3780
17885.0,9408.56558222199,0.0,0,20,3780
17886.0,9408.56558222199,0.0,0,20,3780
17887.0,9408.56558222199,0.0,0,20,3780
17888.0,9408.56558222199,0.0,0,20,3780
17889.0,9408.56558222199,0.0,0,20,3780
17890.0,9408.56558222199,0.0,0,20,3780
17891.0,9408.56558222199,0.0,0,20,3780
17892.0,9408.56558222199,0.0,0,20,3780
17893.0,9408.56558222199,0.0,0,20,3780
17894.0,9408.56558222199,0.0,0,20,3780
17895.0,9408.56558222199,0.0,0,20,3780
17896.0,9408.56558222199,0.0,0,20,3780
17897.0,9408.56558222199,0.0,0,20,3780
17898.0,9408.56558222199,0.0,0,20,3780
17899.0,9408.56558222199,0.0,0,20,3780
17900.0,9408.56558222199,0.0,0,20,3780
17901.0,9408.56558222199,0.0,0,20,3780
17902.0,9408.56558222199,0.0,0,20,3780
17903.0,9408.56558222199,0.0,0,20,3780
17904.0,9408.56558222199,0.0,0,20,3780
17905.0,9408.56558222199,0.0,0,20,3780
17906.0,9408.56558222199,0.0,0,20,3780
17907.0,9408.56558222199,0.0,0,20,3780
17908.0,9408.56558222199,0.0,0,20,3780
17909.0,9408.56558222199,0.0,0,20,3780
17910.0,9408.56558222199,0.0,0,20,3780
17911.0,9408.56558222199,0.0,0,20,3780
17912.0,9408.56558222199,0.0,0,20,3780
17913.0,9408.56558222199,0.0,0,20,3780
17914.0,9408.56558222199,0.0,0,20,3780
17915.0,9408.56558222199,0.0,0,20,3780
17916.0,9408.56558222199,0.0,0,20,3780
17917.0,9408.56558222199,0.0,0,20,3780
17918.0,9408.56558222199,0.0,0,20,3780
17919.0,9408.56558222199,0.0,0,20,3780
17920.0,9408.56558222199,0.0,0,20,3780
17921.0,9408.56558222199,0.0,0,20,3780
17922.0,9408.56558222199,0.0,0,20,3780
17923.0,9408.56558222199,0.0,0,20,3780
17924.0,9408.56558222199,0.0,0,20,3780
17925.0,9408.56558222199,0.0,0,20,3780
17926.0,9408.56558222199,0.0,0,20,3780
17927.0,9408.56558222199,0.0,0,20,3780
17928.0,9408.56558222199,0.0,0,20,3780
17929.0,9408.56558222199,0.0,0,20,3780
17930.0,9408.56558222199,0.0,0,20,3780
17931.0,9408.56558222199,0.0,0,20,3780
17932.0,9408.56558222199,0.0,0,20,3780
17933.0,9408.56558222199,0.0,0,20,3780
17934.0,9408.56558222199,0.0,0,20,3780
17935.0,9408.56558222199,0.0,0,20,3780
17936.0,9408.56558222199,0.0,0,20,3780
17937.0,9408.56558222199,0.0,0,20,3780
17938.0,9408.56558222199,0.0,0,20,3780
17939.0,9408.56558222199,0.0,0,20,3780
17940.0,9408.56558222199,0.0,0,20,3780
17941.0,9408.56558222199,0.0,0,20,3780
17942.0,9408.56558222199,0.0,0,20,3780
17943.0,9408.56558222199,0.0,0,20,3780
17944.0,9408.56558222199,0.0,0,20,3780
17945.0,9408.56558222199,0.0,0,20,3780
17946.0,9408.56558222199,0.0,0,20,3780
17947.0,9408.56558222199,0.0,0,20,3780
17948.0,9408.56558222199,0.0,0,20,3780
17949.0,9408.56558222199,0.0,0,20,3780
17950.0,9408.56558222199,0.0,0,20,3780
17951.0,9408.56558222199,0.0,0,20,3780
17952.0,9408.56558222199,0.0,0,20,3780
17953.0,9408.56558222199,0.0,0,20,3780
17954.0,9408.56558222199,0.0,0,20,3780
17955.0,9408.56558222199,0.0,0,20,3780
17956.0,9408.56558222199,0.0,0,20,3780
17957.0,9408.56558222199,0.0,0,20,3780
17958.0,9408.56558222199,0.0,0,20,3780
17959.0,9408.56558222199,0.0,0,20,3780
17960.0,9408.56558222199,0.0,0,20,3780
17961.0,9408.56558222199,0.0,0,20,3780
17962.0,9408.56558222199,0.0,0,20,3780
17963.0,9408.56558222199,0.0,0,20,3780
17964.0,9408.56558222199,0.0,0,20,3780
17965.0,9408.56558222199,0.0,0,20,3780
17966.0,9408.56558222199,0.0,0,20,3780
17967.0,9408.56558222199,0.0,0,20,3780
17968.0,9408.56558222199,0.0,0,20,3780
17969.0,9408.56558222199,0.0,0,20,3780
17970.0,9408.56558222199,0.0,0,20,3780
17971.0,9408.56558222199,0.0,0,20,3780
17972.0,9408.56558222199,0.0,0,20,3780
17973.0,9408.56558222199,0.0,0,20,3780
17974.0,9408.56558222199,0.0,0,20,3780
17975.0,9408.56558222199,0.0,0,20,3780
17976.0,9408.56558222199,0.0,0,20,3780
17977.0,9408.56558222199,0.0,0,20,3780
17978.0,9408.56558222199,0.0,0,20,3780
17979.0,9408.56558222199,0.0,0,20,3780
17980.0,9408.56558222199,0.0,0,20,3780
17981.0,9408.56558222199,0.0,0,20,3780
17982.0,9408.56558222199,0.0,0,20,3780
17983.0,9408.56558222199,0.0,0,20,3780
17984.0,9408.56558222199,0.0,0,20,3780
17985.0,9408.56558222199,0.0,0,20,3780
17986.0,9408.56558222199,0.0,0,20,3780
17987.0,9408.56558222199,0.0,0,20,3780
17988.0,9408.56558222199,0.0,0,20,3780
17989.0,9408.56558222199,0.0,0,20,3780
17990.0,9408.56558222199,0.0,0,20,3780
17991.0,9408.56558222199,0.0,0,20,3780
17992.0,9408.56558222199,0.0,0,20,3780
17993.0,9408.56558222199,0.0,0,20,3780
17994.0,9408.56558222199,0.0,0,20,3780
17995.0,9408.56558222199,0.0,0,20,3780
17996.0,9408.56558222199,0.0,0,20,3780
17997.0,9408.56558222199,0.0,0,20,3780
17998.0,9408.56558222199,0.0,0,20,3780
17999.0,9408.56558222199,0.0,0,20,3780
18000.0,9408.56558222199,0.0,0,20,3780
18001.0,9408.56558222199,0.0,0,20,3780
18002.0,9408.56558222199,0.0,0,20,3780
18003.0,9408.56558222199,0.0,0,20,3780
18004.0,9408.56558222199,0.0,0,20,3780
18005.0,9408.56558222199,0.0,0,20,3780
18006.0,9408.56558222199,0.0,0,20,3780
18007.0,9408.56558222199,0.0,0,20,3780
18008.0,9408.56558222199,0.0,0,20,3780
18009.0,9408.56558222199,0.0,0,20,3780
18010.0,9408.56558222199,0.0,0,20,3780
18011.0,9408.56558222199,0.0,0,20,3780
18012.0,9408.56558222199,0.0,0,20,3780
18013.0,9408.56558222199,0.0,0,20,3780
18014.0,9408.56558222199,0.0,0,20,3780
18015.0,9408.56558222199,0.0,0,20,3780
18016.0,9408.56558222199,0.0,0,20,3780
18017.0,9408.56558222199,0.0,0,20,3780
18018.0,9408.56558222199,0.0,0,20,3780
18019.0,9408.56558222199,0.0,0,20,3780
18020.0,9408.56558222199,0.0,0,20,3780
18021.0,9408.56558222199,0.0,0,20,3780
18022.0,9408.56558222199,0.0,0,20,3780
18023.0,9408.56558222199,0.0,0,20,3780
18024.0,9408.56558222199,0.0,0,20,3780
18025.0,9408.56558222199,0.0,0,20,3780
18026.0,9408.56558222199,0.0,0,20,3780
18027.0,9408.56558222199,0.0,0,20,3780
18028.0,9408.56558222199,0.0,0,20,3780
18029.0,9408.56558222199,0.0,0,20,3780
18030.0,9408.56558222199,0.0,0,20,3780
18031.0,9408.56558222199,0.0,0,20,3780
18032.0,9408.56558222199,0.0,0,20,3780
18033.0,9408.56558222199,0.0,0,20,3780
18034.0,9408.56558222199,0.0,0,20,3780
18035.0,9408.56558222199,0.0,0,20,3780
18036.0,9408.56558222199,0.0,0,20,3780
18037.0,9408.56558222199,0.0,0,20,3780
18038.0,9408.56558222199,0.0,0,20,3780
18039.0,9408.56558222199,0.0,0,20,3780
18040.0,9408.56558222199,0.0,0,20,3780
18041.0,9408.56558222199,0.0,0,20,3780
18042.0,9408.56558222199,0.0,0,20,3780
18043.0,9408.56558222199,0.0,0,20,3780
18044.0,9408.56558222199,0.0,0,20,3780
18045.0,9408.56558222199,0.0,0,20,3780
18046.0,9408.56558222199,0.0,0,20,3780
18047.0,9408.56558222199,0.0,0,20,3780
18048.0,9408.56558222199,0.0,0,20,3780
18049.0,9408.56558222199,0.0,0,20,3780
18050.0,9408.56558222199,0.0,0,20,3780
18051.0,9408.56558222199,0.0,0,20,3780
18052.0,9408.56558222199,0.0,0,20,3780
18053.0,9408.56558222199,0.0,0,20,3780
18054.0,9408.56558222199,0.0,0,20,3780
18055.0,9408.56558222199,0.0,0,20,3780
18056.0,9408.56558222199,0.0,0,20,3780
18057.0,9408.56558222199,0.0,0,20,3780
18058.0,9408.56558222199,0.0,0,20,3780
18059.0,9408.56558222199,0.0,0,20,3780
18060.0,9408.56558222199,0.0,0,20,3780
18061.0,9408.56558222199,0.0,0,20,3780
18062.0,9408.56558222199,0.0,0,20,3780
18063.0,9408.56558222199,0.0,0,20,3780
18064.0,9408.56558222199,0.0,0,20,3780
18065.0,9408.56558222199,0.0,0,20,3780
18066.0,9408.56558222199,0.0,0,20,3780
18067.0,9408.56558222199,0.0,0,20,3780
18068.0,9408.56558222199,0.0,0,20,3780
18069.0,9408.56558222199,0.0,0,20,3780
18070.0,9408.56558222199,0.0,0,20,3780
18071.0,9408.56558222199,0.0,0,20,3780
18072.0,9408.56558222199,0.0,0,20,3780
18073.0,9408.56558222199,0.0,0,20,3780
18074.0,9408.56558222199,0.0,0,20,3780
18075.0,9408.56558222199,0.0,0,20,3780
18076.0,9408.56558222199,0.0,0,20,3780
18077.0,9408.56558222199,0.0,0,20,3780
18078.0,9408.56558222199,0.0,0,20,3780
18079.0,9408.56558222199,0.0,0,20,3780
18080.0,9408.56558222199,0.0,0,20,3780
18081.0,9408.56558222199,0.0,0,20,3780
18082.0,9408.56558222199,0.0,0,20,3780
18083.0,9408.56558222199,0.0,0,20,3780
18084.0,9408.56558222199,0.0,0,20,3780
18085.0,9408.56558222199,0.0,0,20,3780
18086.0,9408.56558222199,0.0,0,20,3780
18087.0,9408.56558222199,0.0,0,20,3780
18088.0,9408.56558222199,0.0,0,20,3780
18089.0,9408.56558222199,0.0,0,20,3780
18090.0,9408.56558222199,0.0,0,20,3780
18091.0,9408.56558222199,0.0,0,20,3780
18092.0,9408.56558222199,0.0,0,20,3780
18093.0,9408.56558222199,0.0,0,20,3780
18094.0,9408.56558222199,0.0,0,20,3780
18095.0,9408.56558222199,0.0,0,20,3780
18096.0,9408.56558222199,0.0,0,20,3780
18097.0,9408.56558222199,0.0,0,20,3780
18098.0,9408.56558222199,0.0,0,20,3780
18099.0,9408.56558222199,0.0,0,20,3780
18100.0,9408.56558222199,0.0,0,20,3780
18101.0,9408.56558222199,0.0,0,20,3780
18102.0,9408.56558222199,0.0,0,20,3780
18103.0,9408.56558222199,0.0,0,20,3780
18104.0,9408.56558222199,0.0,0,20,3780
18105.0,9408.56558222199,0.0,0,20,3780
18106.0,9408.56558222199,0.0,0,20,3780
18107.0,9408.56558222199,0.0,0,20,3780
18108.0,9408.56558222199,0.0,0,20,3780
18109.0,9408.56558222199,0.0,0,20,3780
18110.0,9408.56558222199,0.0,0,20,3780
18111.0,9408.56558222199,0.0,0,20,3780
18112.0,9408.56558222199,0.0,0,20,3780
18113.0,9408.56558222199,0.0,0,20,3780
18114.0,9408.56558222199,0.0,0,20,3780
18115.0,9408.56558222199,0.0,0,20,3780
18116.0,9408.56558222199,0.0,0,20,3780
18117.0,9408.56558222199,0.0,0,20,3780
18118.0,9408.56558222199,0.0,0,20,3780
18119.0,9408.56558222199,0.0,0,20,3780
18120.0,9408.56558222199,0.0,0,20,3780
18121.0,9408.56558222199,0.0,0,20,3780
18122.0,9408.56558222199,0.0,0,20,3780
18123.0,9408.56558222199,0.0,0,20,3780
18124.0,9408.56558222199,0.0,0,20,3780
18125.0,9408.56558222199,0.0,0,20,3780
18126.0,9408.56558222199,0.0,0,20,3780
18127.0,9408.56558222199,0.0,0,20,3780
18128.0,9408.56558222199,0.0,0,20,3780
18129.0,9408.56558222199,0.0,0,20,3780
18130.0,9408.56558222199,0.0,0,20,3780
18131.0,9408.56558222199,0.0,0,20,3780
18132.0,9408.56558222199,0.0,0,20,3780
18133.0,9408.56558222199,0.0,0,20,3780
18134.0,9408.56558222199,0.0,0,20,3780
18135.0,9408.56558222199,0.0,0,20,3780
18136.0,9408.56558222199,0.0,0,20,3780
18137.0,9408.56558222199,0.0,0,20,3780
18138.0,9408.56558222199,0.0,0,20,3780
18139.0,9408.56558222199,0.0,0,20,3780
18140.0,9408.56558222199,0.0,0,20,3780
18141.0,9408.56558222199,0.0,0,20,3780
18142.0,9408.56558222199,0.0,0,20,3780
18143.0,9408.56558222199,0.0,0,20,3780
18144.0,9408.56558222199,0.0,0,20,3780
18145.0,9408.56558222199,0.0,0,20,3780
18146.0,9408.56558222199,0.0,0,20,3780
18147.0,9408.56558222199,0.0,0,20,3780
18148.0,9408.56558222199,0.0,0,20,3780
18149.0,9408.56558222199,0.0,0,20,3780
18150.0,9408.56558222199,0.0,0,20,3780
18151.0,9408.56558222199,0.0,0,20,3780
18152.0,9408.56558222199,0.0,0,20,3780
18153.0,9408.56558222199,0.0,0,20,3780
18154.0,9408.56558222199,0.0,0,20,3780
18155.0,9408.56558222199,0.0,0,20,3780
18156.0,9408.56558222199,0.0,0,20,3780
18157.0,9408.56558222199,0.0,0,20,3780
18158.0,9408.56558222199,0.0,0,20,3780
18159.0,9408.56558222199,0.0,0,20,3780
18160.0,9408.56558222199,0.0,0,20,3780
18161.0,9408.56558222199,0.0,0,20,3780
18162.0,9408.56558222199,0.0,0,20,3780
18163.0,9408.56558222199,0.0,0,20,3780
18164.0,9408.56558222199,0.0,0,20,3780
18165.0,9408.56558222199,0.0,0,20,3780
18166.0,9408.56558222199,0.0,0,20,3780
18167.0,9408.56558222199,0.0,0,20,3780
18168.0,9408.56558222199,0.0,0,20,3780
18169.0,9408.56558222199,0.0,0,20,3780
18170.0,9408.56558222199,0.0,0,20,3780
18171.0,9408.56558222199,0.0,0,20,3780
18172.0,9408.56558222199,0.0,0,20,3780
18173.0,9408.56558222199,0.0,0,20,3780
18174.0,9408.56558222199,0.0,0,20,3780
18175.0,9408.56558222199,0.0,0,20,3780
18176.0,9408.56558222199,0.0,0,20,3780
18177.0,9408.56558222199,0.0,0,20,3780
18178.0,9408.56558222199,0.0,0,20,3780
18179.0,9408.56558222199,0.0,0,20,3780
18180.0,9408.56558222199,0.0,0,20,3780
18181.0,9408.56558222199,0.0,0,20,3780
18182.0,9408.56558222199,0.0,0,20,3780
18183.0,9408.56558222199,0.0,0,20,3780
18184.0,9408.56558222199,0.0,0,20,3780
18185.0,9408.56558222199,0.0,0,20,3780
18186.0,9408.56558222199,0.0,0,20,3780
18187.0,9408.56558222199,0.0,0,20,3780
18188.0,9408.56558222199,0.0,0,20,3780
18189.0,9408.56558222199,0.0,0,20,3780
18190.0,9408.56558222199,0.0,0,20,3780
18191.0,9408.56558222199,0.0,0,20,3780
18192.0,9408.56558222199,0.0,0,20,3780
18193.0,9408.56558222199,0.0,0,20,3780
18194.0,9408.56558222199,0.0,0,20,3780
18195.0,9408.56558222199,0.0,0,20,3780
18196.0,9408.56558222199,0.0,0,20,3780
18197.0,9408.56558222199,0.0,0,20,3780
18198.0,9408.56558222199,0.0,0,20,3780
18199.0,9408.56558222199,0.0,0,20,3780
18200.0,9408.56558222199,0.0,0,20,3780
18201.0,9408.56558222199,0.0,0,20,3780
18202.0,9408.56558222199,0.0,0,20,3780
18203.0,9408.56558222199,0.0,0,20,3780
18204.0,9408.56558222199,0.0,0,20,3780
18205.0,9408.56558222199,0.0,0,20,3780
18206.0,9408.56558222199,0.0,0,20,3780
18207.0,9408.56558222199,0.0,0,20,3780
18208.0,9408.56558222199,0.0,0,20,3780
18209.0,9408.56558222199,0.0,0,20,3780
18210.0,9408.56558222199,0.0,0,20,3780
18211.0,9408.56558222199,0.0,0,20,3780
18212.0,9408.56558222199,0.0,0,20,3780
18213.0,9408.56558222199,0.0,0,20,3780
18214.0,9408.56558222199,0.0,0,20,3780
18215.0,9408.56558222199,0.0,0,20,3780
18216.0,9408.56558222199,0.0,0,20,3780
18217.0,9408.56558222199,0.0,0,20,3780
18218.0,9408.56558222199,0.0,0,20,3780
18219.0,9408.56558222199,0.0,0,20,3780
18220.0,9408.56558222199,0.0,0,20,3780
18221.0,9408.56558222199,0.0,0,20,3780
18222.0,9408.56558222199,0.0,0,20,3780
18223.0,9408.56558222199,0.0,0,20,3780
18224.0,9408.56558222199,0.0,0,20,3780
18225.0,9408.56558222199,0.0,0,20,3780
18226.0,9408.56558222199,0.0,0,20,3780
18227.0,9408.56558222199,0.0,0,20,3780
18228.0,9408.56558222199,0.0,0,20,3780
18229.0,9408.56558222199,0.0,0,20,3780
18230.0,9408.56558222199,0.0,0,20,3780
18231.0,9408.56558222199,0.0,0,20,3780
18232.0,9408.56558222199,0.0,0,20,3780
18233.0,9408.56558222199,0.0,0,20,3780
18234.0,9408.56558222199,0.0,0,20,3780
18235.0,9408.56558222199,0.0,0,20,3780
18236.0,9408.56558222199,0.0,0,20,3780
18237.0,9408.56558222199,0.0,0,20,3780
18238.0,9408.56558222199,0.0,0,20,3780
18239.0,9408.56558222199,0.0,0,20,3780
18240.0,9408.56558222199,0.0,0,20,3780
18241.0,9408.56558222199,0.0,0,20,3780
18242.0,9408.56558222199,0.0,0,20,3780
18243.0,9408.56558222199,0.0,0,20,3780
18244.0,9408.56558222199,0.0,0,20,3780
18245.0,9408.56558222199,0.0,0,20,3780
18246.0,9408.56558222199,0.0,0,20,3780
18247.0,9408.56558222199,0.0,0,20,3780
18248.0,9408.56558222199,0.0,0,20,3780
18249.0,9408.56558222199,0.0,0,20,3780
18250.0,9408.56558222199,0.0,0,20,3780
18251.0,9408.56558222199,0.0,0,20,3780
18252.0,9408.56558222199,0.0,0,20,3780
18253.0,9408.56558222199,0.0,0,20,3780
18254.0,9408.56558222199,0.0,0,20,3780
18255.0,9408.56558222199,0.0,0,20,3780
18256.0,9408.56558222199,0.0,0,20,3780
18257.0,9408.56558222199,0.0,0,20,3780
18258.0,9408.56558222199,0.0,0,20,3780
18259.0,9408.56558222199,0.0,0,20,3780
18260.0,9408.56558222199,0.0,0,20,3780
18261.0,9408.56558222199,0.0,0,20,3780
18262.0,9408.56558222199,0.0,0,20,3780
18263.0,9408.56558222199,0.0,0,20,3780
18264.0,9408.56558222199,0.0,0,20,3780
18265.0,9408.56558222199,0.0,0,20,3780
18266.0,9408.56558222199,0.0,0,20,3780
18267.0,9408.56558222199,0.0,0,20,3780
18268.0,9408.56558222199,0.0,0,20,3780
18269.0,9408.56558222199,0.0,0,20,3780
18270.0,9408.56558222199,0.0,0,20,3780
18271.0,9408.56558222199,0.0,0,20,3780
18272.0,9408.56558222199,0.0,0,20,3780
18273.0,9408.56558222199,0.0,0,20,3780
18274.0,9408.56558222199,0.0,0,20,3780
18275.0,9408.56558222199,0.0,0,20,3780
18276.0,9408.56558222199,0.0,0,20,3780
18277.0,9408.56558222199,0.0,0,20,3780
18278.0,9408.56558222199,0.0,0,20,3780
18279.0,9408.56558222199,0.0,0,20,3780
18280.0,9408.56558222199,0.0,0,20,3780
18281.0,9408.56558222199,0.0,0,20,3780
18282.0,9408.56558222199,0.0,0,20,3780
18283.0,9408.56558222199,0.0,0,20,3780
18284.0,9408.56558222199,0.0,0,20,3780
18285.0,9408.56558222199,0.0,0,20,3780
18286.0,9408.56558222199,0.0,0,20,3780
18287.0,9408.56558222199,0.0,0,20,3780
18288.0,9408.56558222199,0.0,0,20,3780
18289.0,9408.56558222199,0.0,0,20,3780
18290.0,9408.56558222199,0.0,0,20,3780
18291.0,9408.56558222199,0.0,0,20,3780
18292.0,9408.56558222199,0.0,0,20,3780
18293.0,9408.56558222199,0.0,0,20,3780
18294.0,9408.56558222199,0.0,0,20,3780
18295.0,9408.56558222199,0.0,0,20,3780
18296.0,9408.56558222199,0.0,0,20,3780
18297.0,9408.56558222199,0.0,0,20,3780
18298.0,9408.56558222199,0.0,0,20,3780
18299.0,9408.56558222199,0.0,0,20,3780
18300.0,9408.56558222199,0.0,0,20,3780
18301.0,9408.56558222199,0.0,0,20,3780
18302.0,9408.56558222199,0.0,0,20,3780
18303.0,9408.56558222199,0.0,0,20,3780
18304.0,9408.56558222199,0.0,0,20,3780
18305.0,9408.56558222199,0.0,0,20,3780
18306.0,9408.56558222199,0.0,0,20,3780
18307.0,9408.56558222199,0.0,0,20,3780
18308.0,9408.56558222199,0.0,0,20,3780
18309.0,9408.56558222199,0.0,0,20,3780
18310.0,9408.56558222199,0.0,0,20,3780
18311.0,9408.56558222199,0.0,0,20,3780
18312.0,9408.56558222199,0.0,0,20,3780
18313.0,9408.56558222199,0.0,0,20,3780
18314.0,9408.56558222199,0.0,0,20,3780
18315.0,9408.56558222199,0.0,0,20,3780
18316.0,9408.56558222199,0.0,0,20,3780
18317.0,9408.56558222199,0.0,0,20,3780
18318.0,9408.56558222199,0.0,0,20,3780
18319.0,9408.56558222199,0.0,0,20,3780
18320.0,9408.56558222199,0.0,0,20,3780
18321.0,9408.56558222199,0.0,0,20,3780
18322.0,9408.56558222199,0.0,0,20,3780
18323.0,9408.56558222199,0.0,0,20,3780
18324.0,9408.56558222199,0.0,0,20,3780
18325.0,9408.56558222199,0.0,0,20,3780
18326.0,9408.56558222199,0.0,0,20,3780
18327.0,9408.56558222199,0.0,0,20,3780
18328.0,9408.56558222199,0.0,0,20,3780
18329.0,9408.56558222199,0.0,0,20,3780
18330.0,9408.56558222199,0.0,0,20,3780
18331.0,9408.56558222199,0.0,0,20,3780
18332.0,9408.56558222199,0.0,0,20,3780
18333.0,9408.56558222199,0.0,0,20,3780
18334.0,9408.56558222199,0.0,0,20,3780
18335.0,9408.56558222199,0.0,0,20,3780
18336.0,9408.56558222199,0.0,0,20,3780
18337.0,9408.56558222199,0.0,0,20,3780
18338.0,9408.56558222199,0.0,0,20,3780
18339.0,9408.56558222199,0.0,0,20,3780
18340.0,9408.56558222199,0.0,0,20,3780
18341.0,9408.56558222199,0.0,0,20,3780
18342.0,9408.56558222199,0.0,0,20,3780
18343.0,9408.56558222199,0.0,0,20,3780
18344.0,9408.56558222199,0.0,0,20,3780
18345.0,9408.56558222199,0.0,0,20,3780
18346.0,9408.56558222199,0.0,0,20,3780
18347.0,9408.56558222199,0.0,0,20,3780
18348.0,9408.56558222199,0.0,0,20,3780
18349.0,9408.56558222199,0.0,0,20,3780
18350.0,9408.56558222199,0.0,0,20,3780
18351.0,9408.56558222199,0.0,0,20,3780
18352.0,9408.56558222199,0.0,0,20,3780
18353.0,9408.56558222199,0.0,0,20,3780
18354.0,9408.56558222199,0.0,0,20,3780
18355.0,9408.56558222199,0.0,0,20,3780
18356.0,9408.56558222199,0.0,0,20,3780
18357.0,9408.56558222199,0.0,0,20,3780
18358.0,9408.56558222199,0.0,0,20,3780
18359.0,9408.56558222199,0.0,0,20,3780
18360.0,9408.56558222199,0.0,0,20,3780
18361.0,9408.56558222199,0.0,0,20,3780
18362.0,9408.56558222199,0.0,0,20,3780
18363.0,9408.56558222199,0.0,0,20,3780
18364.0,9408.56558222199,0.0,0,20,3780
18365.0,9408.56558222199,0.0,0,20,3780
18366.0,9408.56558222199,0.0,0,20,3780
18367.0,9408.56558222199,0.0,0,20,3780
18368.0,9408.56558222199,0.0,0,20,3780
18369.0,9408.56558222199,0.0,0,20,3780
18370.0,9408.56558222199,0.0,0,20,3780
18371.0,9408.56558222199,0.0,0,20,3780
18372.0,9408.56558222199,0.0,0,20,3780
18373.0,9408.56558222199,0.0,0,20,3780
18374.0,9408.56558222199,0.0,0,20,3780
18375.0,9408.56558222199,0.0,0,20,3780
18376.0,9408.56558222199,0.0,0,20,3780
18377.0,9408.56558222199,0.0,0,20,3780
18378.0,9408.56558222199,0.0,0,20,3780
18379.0,9408.56558222199,0.0,0,20,3780
18380.0,9408.56558222199,0.0,0,20,3780
18381.0,9408.56558222199,0.0,0,20,3780
18382.0,9408.56558222199,0.0,0,20,3780
18383.0,9408.56558222199,0.0,0,20,3780
18384.0,9408.56558222199,0.0,0,20,3780
18385.0,9408.56558222199,0.0,0,20,3780
18386.0,9408.56558222199,0.0,0,20,3780
18387.0,9408.56558222199,0.0,0,20,3780
18388.0,9408.56558222199,0.0,0,20,3780
18389.0,9408.56558222199,0.0,0,20,3780
18390.0,9408.56558222199,0.0,0,20,3780
18391.0,9408.56558222199,0.0,0,20,3780
18392.0,9408.56558222199,0.0,0,20,3780
18393.0,9408.56558222199,0.0,0,20,3780
18394.0,9408.56558222199,0.0,0,20,3780
18395.0,9408.56558222199,0.0,0,20,3780
18396.0,9408.56558222199,0.0,0,20,3780
18397.0,9408.56558222199,0.0,0,20,3780
18398.0,9408.56558222199,0.0,0,20,3780
18399.0,9408.56558222199,0.0,0,20,3780
18400.0,9408.56558222199,0.0,0,20,3780
18401.0,9408.56558222199,0.0,0,20,3780
18402.0,9408.56558222199,0.0,0,20,3780
18403.0,9408.56558222199,0.0,0,20,3780
18404.0,9408.56558222199,0.0,0,20,3780
18405.0,9408.56558222199,0.0,0,20,3780
18406.0,9408.56558222199,0.0,0,20,3780
18407.0,9408.56558222199,0.0,0,20,3780
18408.0,9408.56558222199,0.0,0,20,3780
18409.0,9408.56558222199,0.0,0,20,3780
18410.0,9408.56558222199,0.0,0,20,3780
18411.0,9408.56558222199,0.0,0,20,3780
18412.0,9408.56558222199,0.0,0,20,3780
18413.0,9408.56558222199,0.0,0,20,3780
18414.0,9408.56558222199,0.0,0,20,3780
18415.0,9408.56558222199,0.0,0,20,3780
18416.0,9408.56558222199,0.0,0,20,3780
18417.0,9408.56558222199,0.0,0,20,3780
18418.0,9408.56558222199,0.0,0,20,3780
18419.0,9408.56558222199,0.0,0,20,3780
18420.0,9408.56558222199,0.0,0,20,3780
18421.0,9408.56558222199,0.0,0,20,3780
18422.0,9408.56558222199,0.0,0,20,3780
18423.0,9408.56558222199,0.0,0,20,3780
18424.0,9408.56558222199,0.0,0,20,3780
18425.0,9408.56558222199,0.0,0,20,3780
18426.0,9408.56558222199,0.0,0,20,3780
18427.0,9408.56558222199,0.0,0,20,3780
18428.0,9408.56558222199,0.0,0,20,3780
18429.0,9408.56558222199,0.0,0,20,3780
18430.0,9408.56558222199,0.0,0,20,3780
18431.0,9408.56558222199,0.0,0,20,3780
18432.0,9408.56558222199,0.0,0,20,3780
18433.0,9408.56558222199,0.0,0,20,3780
18434.0,9408.56558222199,0.0,0,20,3780
18435.0,9408.56558222199,0.0,0,20,3780
18436.0,9408.56558222199,0.0,0,20,3780
18437.0,9408.56558222199,0.0,0,20,3780
18438.0,9408.56558222199,0.0,0,20,3780
18439.0,9408.56558222199,0.0,0,20,3780
18440.0,9408.56558222199,0.0,0,20,3780
18441.0,9408.56558222199,0.0,0,20,3780
18442.0,9408.56558222199,0.0,0,20,3780
18443.0,9408.56558222199,0.0,0,20,3780
18444.0,9408.56558222199,0.0,0,20,3780
18445.0,9408.56558222199,0.0,0,20,3780
18446.0,9408.56558222199,0.0,0,20,3780
18447.0,9408.56558222199,0.0,0,20,3780
18448.0,9408.56558222199,0.0,0,20,3780
18449.0,9408.56558222199,0.0,0,20,3780
18450.0,9408.56558222199,0.0,0,20,3780
18451.0,9408.56558222199,0.0,0,20,3780
18452.0,9408.56558222199,0.0,0,20,3780
18453.0,9408.56558222199,0.0,0,20,3780
18454.0,9408.56558222199,0.0,0,20,3780
18455.0,9408.56558222199,0.0,0,20,3780
18456.0,9408.56558222199,0.0,0,20,3780
18457.0,9408.56558222199,0.0,0,20,3780
18458.0,9408.56558222199,0.0,0,20,3780
18459.0,9408.56558222199,0.0,0,20,3780
18460.0,9408.56558222199,0.0,0,20,3780
18461.0,9408.56558222199,0.0,0,20,3780
18462.0,9408.56558222199,0.0,0,20,3780
18463.0,9408.56558222199,0.0,0,20,3780
18464.0,9408.56558222199,0.0,0,20,3780
18465.0,9408.56558222199,0.0,0,20,3780
18466.0,9408.56558222199,0.0,0,20,3780
18467.0,9408.56558222199,0.0,0,20,3780
18468.0,9408.56558222199,0.0,0,20,3780
18469.0,9408.56558222199,0.0,0,20,3780
18470.0,9408.56558222199,0.0,0,20,3780
18471.0,9408.56558222199,0.0,0,20,3780
18472.0,9408.56558222199,0.0,0,20,3780
18473.0,9408.56558222199,0.0,0,20,3780
18474.0,9408.56558222199,0.0,0,20,3780
18475.0,9408.56558222199,0.0,0,20,3780
18476.0,9408.56558222199,0.0,0,20,3780
18477.0,9408.56558222199,0.0,0,20,3780
18478.0,9408.56558222199,0.0,0,20,3780
18479.0,9408.56558222199,0.0,0,20,3780
18480.0,9408.56558222199,0.0,0,20,3780
18481.0,9408.56558222199,0.0,0,20,3780
18482.0,9408.56558222199,0.0,0,20,3780
18483.0,9408.56558222199,0.0,0,20,3780
18484.0,9408.56558222199,0.0,0,20,3780
18485.0,9408.56558222199,0.0,0,20,3780
18486.0,9408.56558222199,0.0,0,20,3780
18487.0,9408.56558222199,0.0,0,20,3780
18488.0,9408.56558222199,0.0,0,20,3780
18489.0,9408.56558222199,0.0,0,20,3780
18490.0,9408.56558222199,0.0,0,20,3780
18491.0,9408.56558222199,0.0,0,20,3780
18492.0,9408.56558222199,0.0,0,20,3780
18493.0,9408.56558222199,0.0,0,20,3780
18494.0,9408.56558222199,0.0,0,20,3780
18495.0,9408.56558222199,0.0,0,20,3780
18496.0,9408.56558222199,0.0,0,20,3780
18497.0,9408.56558222199,0.0,0,20,3780
18498.0,9408.56558222199,0.0,0,20,3780
18499.0,9408.56558222199,0.0,0,20,3780
18500.0,9408.56558222199,0.0,0,20,3780
18501.0,9408.56558222199,0.0,0,20,3780
18502.0,9408.56558222199,0.0,0,20,3780
18503.0,9408.56558222199,0.0,0,20,3780
18504.0,9408.56558222199,0.0,0,20,3780
18505.0,9408.56558222199,0.0,0,20,3780
18506.0,9408.56558222199,0.0,0,20,3780
18507.0,9408.56558222199,0.0,0,20,3780
18508.0,9408.56558222199,0.0,0,20,3780
18509.0,9408.56558222199,0.0,0,20,3780
18510.0,9408.56558222199,0.0,0,20,3780
18511.0,9408.56558222199,0.0,0,20,3780
18512.0,9408.56558222199,0.0,0,20,3780
18513.0,9408.56558222199,0.0,0,20,3780
18514.0,9408.56558222199,0.0,0,20,3780
18515.0,9408.56558222199,0.0,0,20,3780
18516.0,9408.56558222199,0.0,0,20,3780
18517.0,9408.56558222199,0.0,0,20,3780
18518.0,9408.56558222199,0.0,0,20,3780
18519.0,9408.56558222199,0.0,0,20,3780
18520.0,9408.56558222199,0.0,0,20,3780
18521.0,9408.56558222199,0.0,0,20,3780
18522.0,9408.56558222199,0.0,0,20,3780
18523.0,9408.56558222199,0.0,0,20,3780
18524.0,9408.56558222199,0.0,0,20,3780
18525.0,9408.56558222199,0.0,0,20,3780
18526.0,9408.56558222199,0.0,0,20,3780
18527.0,9408.56558222199,0.0,0,20,3780
18528.0,9408.56558222199,0.0,0,20,3780
18529.0,9408.56558222199,0.0,0,20,3780
18530.0,9408.56558222199,0.0,0,20,3780
18531.0,9408.56558222199,0.0,0,20,3780
18532.0,9408.56558222199,0.0,0,20,3780
18533.0,9408.56558222199,0.0,0,20,3780
18534.0,9408.56558222199,0.0,0,20,3780
18535.0,9408.56558222199,0.0,0,20,3780
18536.0,9408.56558222199,0.0,0,20,3780
18537.0,9408.56558222199,0.0,0,20,3780
18538.0,9408.56558222199,0.0,0,20,3780
18539.0,9408.56558222199,0.0,0,20,3780
18540.0,9408.56558222199,0.0,0,20,3780
18541.0,9408.56558222199,0.0,0,20,3780
18542.0,9408.56558222199,0.0,0,20,3780
18543.0,9408.56558222199,0.0,0,20,3780
18544.0,9408.56558222199,0.0,0,20,3780
18545.0,9408.56558222199,0.0,0,20,3780
18546.0,9408.56558222199,0.0,0,20,3780
18547.0,9408.56558222199,0.0,0,20,3780
18548.0,9408.56558222199,0.0,0,20,3780
18549.0,9408.56558222199,0.0,0,20,3780
18550.0,9408.56558222199,0.0,0,20,3780
18551.0,9408.56558222199,0.0,0,20,3780
18552.0,9408.56558222199,0.0,0,20,3780
18553.0,9408.56558222199,0.0,0,20,3780
18554.0,9408.56558222199,0.0,0,20,3780
18555.0,9408.56558222199,0.0,0,20,3780
18556.0,9408.56558222199,0.0,0,20,3780
18557.0,9408.56558222199,0.0,0,20,3780
18558.0,9408.56558222199,0.0,0,20,3780
18559.0,9408.56558222199,0.0,0,20,3780
18560.0,9408.56558222199,0.0,0,20,3780
18561.0,9408.56558222199,0.0,0,20,3780
18562.0,9408.56558222199,0.0,0,20,3780
18563.0,9408.56558222199,0.0,0,20,3780
18564.0,9408.56558222199,0.0,0,20,3780
18565.0,9408.56558222199,0.0,0,20,3780
18566.0,9408.56558222199,0.0,0,20,3780
18567.0,9408.56558222199,0.0,0,20,3780
18568.0,9408.56558222199,0.0,0,20,3780
18569.0,9408.56558222199,0.0,0,20,3780
18570.0,9408.56558222199,0.0,0,20,3780
18571.0,9408.56558222199,0.0,0,20,3780
18572.0,9408.56558222199,0.0,0,20,3780
18573.0,9408.56558222199,0.0,0,20,3780
18574.0,9408.56558222199,0.0,0,20,3780
18575.0,9408.56558222199,0.0,0,20,3780
18576.0,9408.56558222199,0.0,0,20,3780
18577.0,9408.56558222199,0.0,0,20,3780
18578.0,9408.56558222199,0.0,0,20,3780
18579.0,9408.56558222199,0.0,0,20,3780
18580.0,9408.56558222199,0.0,0,20,3780
18581.0,9408.56558222199,0.0,0,20,3780
18582.0,9408.56558222199,0.0,0,20,3780
18583.0,9408.56558222199,0.0,0,20,3780
18584.0,9408.56558222199,0.0,0,20,3780
18585.0,9408.56558222199,0.0,0,20,3780
18586.0,9408.56558222199,0.0,0,20,3780
18587.0,9408.56558222199,0.0,0,20,3780
18588.0,9408.56558222199,0.0,0,20,3780
18589.0,9408.56558222199,0.0,0,20,3780
18590.0,9408.56558222199,0.0,0,20,3780
18591.0,9408.56558222199,0.0,0,20,3780
18592.0,9408.56558222199,0.0,0,20,3780
18593.0,9408.56558222199,0.0,0,20,3780
18594.0,9408.56558222199,0.0,0,20,3780
18595.0,9408.56558222199,0.0,0,20,3780
18596.0,9408.56558222199,0.0,0,20,3780
18597.0,9408.56558222199,0.0,0,20,3780
18598.0,9408.56558222199,0.0,0,20,3780
18599.0,9408.56558222199,0.0,0,20,3780
18600.0,9408.56558222199,0.0,0,20,3780
18601.0,9408.56558222199,0.0,0,20,3780
18602.0,9408.56558222199,0.0,0,20,3780
18603.0,9408.56558222199,0.0,0,20,3780
18604.0,9408.56558222199,0.0,0,20,3780
18605.0,9408.56558222199,0.0,0,20,3780
18606.0,9408.56558222199,0.0,0,20,3780
18607.0,9408.56558222199,0.0,0,20,3780
18608.0,9408.56558222199,0.0,0,20,3780
18609.0,9408.56558222199,0.0,0,20,3780
18610.0,9408.56558222199,0.0,0,20,3780
18611.0,9408.56558222199,0.0,0,20,3780
18612.0,9408.56558222199,0.0,0,20,3780
18613.0,9408.56558222199,0.0,0,20,3780
18614.0,9408.56558222199,0.0,0,20,3780
18615.0,9408.56558222199,0.0,0,20,3780
18616.0,9408.56558222199,0.0,0,20,3780
18617.0,9408.56558222199,0.0,0,20,3780
18618.0,9408.56558222199,0.0,0,20,3780
18619.0,9408.56558222199,0.0,0,20,3780
18620.0,9408.56558222199,0.0,0,20,3780
18621.0,9408.56558222199,0.0,0,20,3780
18622.0,9408.56558222199,0.0,0,20,3780
18623.0,9408.56558222199,0.0,0,20,3780
18624.0,9408.56558222199,0.0,0,20,3780
18625.0,9408.56558222199,0.0,0,20,3780
18626.0,9408.56558222199,0.0,0,20,3780
18627.0,9408.56558222199,0.0,0,20,3780
18628.0,9408.56558222199,0.0,0,20,3780
18629.0,9408.56558222199,0.0,0,20,3780
18630.0,9408.56558222199,0.0,0,20,3780
18631.0,9408.56558222199,0.0,0,20,3780
18632.0,9408.56558222199,0.0,0,20,3780
18633.0,9408.56558222199,0.0,0,20,3780
18634.0,9408.56558222199,0.0,0,20,3780
18635.0,9408.56558222199,0.0,0,20,3780
18636.0,9408.56558222199,0.0,0,20,3780
18637.0,9408.56558222199,0.0,0,20,3780
18638.0,9408.56558222199,0.0,0,20,3780
18639.0,9408.56558222199,0.0,0,20,3780
18640.0,9408.56558222199,0.0,0,20,3780
18641.0,9408.56558222199,0.0,0,20,3780
18642.0,9408.56558222199,0.0,0,20,3780
18643.0,9408.56558222199,0.0,0,20,3780
18644.0,9408.56558222199,0.0,0,20,3780
18645.0,9408.56558222199,0.0,0,20,3780
18646.0,9408.56558222199,0.0,0,20,3780
18647.0,9408.56558222199,0.0,0,20,3780
18648.0,9408.56558222199,0.0,0,20,3780
18649.0,9408.56558222199,0.0,0,20,3780
18650.0,9408.56558222199,0.0,0,20,3780
18651.0,9408.56558222199,0.0,0,20,3780
18652.0,9408.56558222199,0.0,0,20,3780
18653.0,9408.56558222199,0.0,0,20,3780
18654.0,9408.56558222199,0.0,0,20,3780
18655.0,9408.56558222199,0.0,0,20,3780
18656.0,9408.56558222199,0.0,0,20,3780
18657.0,9408.56558222199,0.0,0,20,3780
18658.0,9408.56558222199,0.0,0,20,3780
18659.0,9408.56558222199,0.0,0,20,3780
18660.0,9408.56558222199,0.0,0,20,3780
18661.0,9408.56558222199,0.0,0,20,3780
18662.0,9408.56558222199,0.0,0,20,3780
18663.0,9408.56558222199,0.0,0,20,3780
18664.0,9408.56558222199,0.0,0,20,3780
18665.0,9408.56558222199,0.0,0,20,3780
18666.0,9408.56558222199,0.0,0,20,3780
18667.0,9408.56558222199,0.0,0,20,3780
18668.0,9408.56558222199,0.0,0,20,3780
18669.0,9408.56558222199,0.0,0,20,3780
18670.0,9408.56558222199,0.0,0,20,3780
18671.0,9408.56558222199,0.0,0,20,3780
18672.0,9408.56558222199,0.0,0,20,3780
18673.0,9408.56558222199,0.0,0,20,3780
18674.0,9408.56558222199,0.0,0,20,3780
18675.0,9408.56558222199,0.0,0,20,3780
18676.0,9408.56558222199,0.0,0,20,3780
18677.0,9408.56558222199,0.0,0,20,3780
18678.0,9408.56558222199,0.0,0,20,3780
18679.0,9408.56558222199,0.0,0,20,3780
18680.0,9408.56558222199,0.0,0,20,3780
18681.0,9408.56558222199,0.0,0,20,3780
18682.0,9408.56558222199,0.0,0,20,3780
18683.0,9408.56558222199,0.0,0,20,3780
18684.0,9408.56558222199,0.0,0,20,3780
18685.0,9408.56558222199,0.0,0,20,3780
18686.0,9408.56558222199,0.0,0,20,3780
18687.0,9408.56558222199,0.0,0,20,3780
18688.0,9408.56558222199,0.0,0,20,3780
18689.0,9408.56558222199,0.0,0,20,3780
18690.0,9408.56558222199,0.0,0,20,3780
18691.0,9408.56558222199,0.0,0,20,3780
18692.0,9408.56558222199,0.0,0,20,3780
18693.0,9408.56558222199,0.0,0,20,3780
18694.0,9408.56558222199,0.0,0,20,3780
18695.0,9408.56558222199,0.0,0,20,3780
18696.0,9408.56558222199,0.0,0,20,3780
18697.0,9408.56558222199,0.0,0,20,3780
18698.0,9408.56558222199,0.0,0,20,3780
18699.0,9408.56558222199,0.0,0,20,3780
18700.0,9408.56558222199,0.0,0,20,3780
18701.0,9408.56558222199,0.0,0,20,3780
18702.0,9408.56558222199,0.0,0,20,3780
18703.0,9408.56558222199,0.0,0,20,3780
18704.0,9408.56558222199,0.0,0,20,3780
18705.0,9408.56558222199,0.0,0,20,3780
18706.0,9408.56558222199,0.0,0,20,3780
18707.0,9408.56558222199,0.0,0,20,3780
18708.0,9408.56558222199,0.0,0,20,3780
18709.0,9408.56558222199,0.0,0,20,3780
18710.0,9408.56558222199,0.0,0,20,3780
18711.0,9408.56558222199,0.0,0,20,3780
18712.0,9408.56558222199,0.0,0,20,3780
18713.0,9408.56558222199,0.0,0,20,3780
18714.0,9408.56558222199,0.0,0,20,3780
18715.0,9408.56558222199,0.0,0,20,3780
18716.0,9408.56558222199,0.0,0,20,3780
18717.0,9408.56558222199,0.0,0,20,3780
18718.0,9408.56558222199,0.0,0,20,3780
18719.0,9408.56558222199,0.0,0,20,3780
18720.0,9408.56558222199,0.0,0,20,3780
18721.0,9408.56558222199,0.0,0,20,3780
18722.0,9408.56558222199,0.0,0,20,3780
18723.0,9408.56558222199,0.0,0,20,3780
18724.0,9408.56558222199,0.0,0,20,3780
18725.0,9408.56558222199,0.0,0,20,3780
18726.0,9408.56558222199,0.0,0,20,3780
18727.0,9408.56558222199,0.0,0,20,3780
18728.0,9408.56558222199,0.0,0,20,3780
18729.0,9408.56558222199,0.0,0,20,3780
18730.0,9408.56558222199,0.0,0,20,3780
18731.0,9408.56558222199,0.0,0,20,3780
18732.0,9408.56558222199,0.0,0,20,3780
18733.0,9408.56558222199,0.0,0,20,3780
18734.0,9408.56558222199,0.0,0,20,3780
18735.0,9408.56558222199,0.0,0,20,3780
18736.0,9408.56558222199,0.0,0,20,3780
18737.0,9408.56558222199,0.0,0,20,3780
18738.0,9408.56558222199,0.0,0,20,3780
18739.0,9408.56558222199,0.0,0,20,3780
18740.0,9408.56558222199,0.0,0,20,3780
18741.0,9408.56558222199,0.0,0,20,3780
18742.0,9408.56558222199,0.0,0,20,3780
18743.0,9408.56558222199,0.0,0,20,3780
18744.0,9408.56558222199,0.0,0,20,3780
18745.0,9408.56558222199,0.0,0,20,3780
18746.0,9408.56558222199,0.0,0,20,3780
18747.0,9408.56558222199,0.0,0,20,3780
18748.0,9408.56558222199,0.0,0,20,3780
18749.0,9408.56558222199,0.0,0,20,3780
18750.0,9408.56558222199,0.0,0,20,3780
18751.0,9408.56558222199,0.0,0,20,3780
18752.0,9408.56558222199,0.0,0,20,3780
18753.0,9408.56558222199,0.0,0,20,3780
18754.0,9408.56558222199,0.0,0,20,3780
18755.0,9408.56558222199,0.0,0,20,3780
18756.0,9408.56558222199,0.0,0,20,3780
18757.0,9408.56558222199,0.0,0,20,3780
18758.0,9408.56558222199,0.0,0,20,3780
18759.0,9408.56558222199,0.0,0,20,3780
18760.0,9408.56558222199,0.0,0,20,3780
18761.0,9408.56558222199,0.0,0,20,3780
18762.0,9408.56558222199,0.0,0,20,3780
18763.0,9408.56558222199,0.0,0,20,3780
18764.0,9408.56558222199,0.0,0,20,3780
18765.0,9408.56558222199,0.0,0,20,3780
18766.0,9408.56558222199,0.0,0,20,3780
18767.0,9408.56558222199,0.0,0,20,3780
18768.0,9408.56558222199,0.0,0,20,3780
18769.0,9408.56558222199,0.0,0,20,3780
18770.0,9408.56558222199,0.0,0,20,3780
18771.0,9408.56558222199,0.0,0,20,3780
18772.0,9408.56558222199,0.0,0,20,3780
18773.0,9408.56558222199,0.0,0,20,3780
18774.0,9408.56558222199,0.0,0,20,3780
18775.0,9408.56558222199,0.0,0,20,3780
18776.0,9408.56558222199,0.0,0,20,3780
18777.0,9408.56558222199,0.0,0,20,3780
18778.0,9408.56558222199,0.0,0,20,3780
18779.0,9408.56558222199,0.0,0,20,3780
18780.0,9408.56558222199,0.0,0,20,3780
18781.0,9408.56558222199,0.0,0,20,3780
18782.0,9408.56558222199,0.0,0,20,3780
18783.0,9408.56558222199,0.0,0,20,3780
18784.0,9408.56558222199,0.0,0,20,3780
18785.0,9408.56558222199,0.0,0,20,3780
18786.0,9408.56558222199,0.0,0,20,3780
18787.0,9408.56558222199,0.0,0,20,3780
18788.0,9408.56558222199,0.0,0,20,3780
18789.0,9408.56558222199,0.0,0,20,3780
18790.0,9408.56558222199,0.0,0,20,3780
18791.0,9408.56558222199,0.0,0,20,3780
18792.0,9408.56558222199,0.0,0,20,3780
18793.0,9408.56558222199,0.0,0,20,3780
18794.0,9408.56558222199,0.0,0,20,3780
18795.0,9408.56558222199,0.0,0,20,3780
18796.0,9408.56558222199,0.0,0,20,3780
18797.0,9408.56558222199,0.0,0,20,3780
18798.0,9408.56558222199,0.0,0,20,3780
18799.0,9408.56558222199,0.0,0,20,3780
18800.0,9408.56558222199,0.0,0,20,3780
18801.0,9408.56558222199,0.0,0,20,3780
18802.0,9408.56558222199,0.0,0,20,3780
18803.0,9408.56558222199,0.0,0,20,3780
18804.0,9408.56558222199,0.0,0,20,3780
18805.0,9408.56558222199,0.0,0,20,3780
18806.0,9408.56558222199,0.0,0,20,3780
18807.0,9408.56558222199,0.0,0,20,3780
18808.0,9408.56558222199,0.0,0,20,3780
18809.0,9408.56558222199,0.0,0,20,3780
18810.0,9408.56558222199,0.0,0,20,3780
18811.0,9408.56558222199,0.0,0,20,3780
18812.0,9408.56558222199,0.0,0,20,3780
18813.0,9408.56558222199,0.0,0,20,3780
18814.0,9408.56558222199,0.0,0,20,3780
18815.0,9408.56558222199,0.0,0,20,3780
18816.0,9408.56558222199,0.0,0,20,3780
18817.0,9408.56558222199,0.0,0,20,3780
18818.0,9408.56558222199,0.0,0,20,3780
18819.0,9408.56558222199,0.0,0,20,3780
18820.0,9408.56558222199,0.0,0,20,3780
18821.0,9408.56558222199,0.0,0,20,3780
18822.0,9408.56558222199,0.0,0,20,3780
18823.0,9408.56558222199,0.0,0,20,3780
18824.0,9408.56558222199,0.0,0,20,3780
18825.0,9408.56558222199,0.0,0,20,3780
18826.0,9408.56558222199,0.0,0,20,3780
18827.0,9408.56558222199,0.0,0,20,3780
18828.0,9408.56558222199,0.0,0,20,3780
18829.0,9408.56558222199,0.0,0,20,3780
18830.0,9408.56558222199,0.0,0,20,3780
18831.0,9408.56558222199,0.0,0,20,3780
18832.0,9408.56558222199,0.0,0,20,3780
18833.0,9408.56558222199,0.0,0,20,3780
18834.0,9408.56558222199,0.0,0,20,3780
18835.0,9408.56558222199,0.0,0,20,3780
18836.0,9408.56558222199,0.0,0,20,3780
18837.0,9408.56558222199,0.0,0,20,3780
18838.0,9408.56558222199,0.0,0,20,3780
18839.0,9408.56558222199,0.0,0,20,3780
18840.0,9408.56558222199,0.0,0,20,3780
18841.0,9408.56558222199,0.0,0,20,3780
18842.0,9408.56558222199,0.0,0,20,3780
18843.0,9408.56558222199,0.0,0,20,3780
18844.0,9408.56558222199,0.0,0,20,3780
18845.0,9408.56558222199,0.0,0,20,3780
18846.0,9408.56558222199,0.0,0,20,3780
18847.0,9408.56558222199,0.0,0,20,3780
18848.0,9408.56558222199,0.0,0,20,3780
18849.0,9408.56558222199,0.0,0,20,3780
18850.0,9408.56558222199,0.0,0,20,3780
18851.0,9408.56558222199,0.0,0,20,3780
18852.0,9408.56558222199,0.0,0,20,3780
18853.0,9408.56558222199,0.0,0,20,3780
18854.0,9408.56558222199,0.0,0,20,3780
18855.0,9408.56558222199,0.0,0,20,3780
18856.0,9408.56558222199,0.0,0,20,3780
18857.0,9408.56558222199,0.0,0,20,3780
18858.0,9408.56558222199,0.0,0,20,3780
18859.0,9408.56558222199,0.0,0,20,3780
18860.0,9408.56558222199,0.0,0,20,3780
18861.0,9408.56558222199,0.0,0,20,3780
18862.0,9408.56558222199,0.0,0,20,3780
18863.0,9408.56558222199,0.0,0,20,3780
18864.0,9408.56558222199,0.0,0,20,3780
18865.0,9408.56558222199,0.0,0,20,3780
18866.0,9408.56558222199,0.0,0,20,3780
18867.0,9408.56558222199,0.0,0,20,3780
18868.0,9408.56558222199,0.0,0,20,3780
18869.0,9408.56558222199,0.0,0,20,3780
18870.0,9408.56558222199,0.0,0,20,3780
18871.0,9408.56558222199,0.0,0,20,3780
18872.0,9408.56558222199,0.0,0,20,3780
18873.0,9408.56558222199,0.0,0,20,3780
18874.0,9408.56558222199,0.0,0,20,3780
18875.0,9408.56558222199,0.0,0,20,3780
18876.0,9408.56558222199,0.0,0,20,3780
18877.0,9408.56558222199,0.0,0,20,3780
18878.0,9408.56558222199,0.0,0,20,3780
18879.0,9408.56558222199,0.0,0,20,3780
18880.0,9408.56558222199,0.0,0,20,3780
18881.0,9408.56558222199,0.0,0,20,3780
18882.0,9408.56558222199,0.0,0,20,3780
18883.0,9408.56558222199,0.0,0,20,3780
18884.0,9408.56558222199,0.0,0,20,3780
18885.0,9408.56558222199,0.0,0,20,3780
18886.0,9408.56558222199,0.0,0,20,3780
18887.0,9408.56558222199,0.0,0,20,3780
18888.0,9408.56558222199,0.0,0,20,3780
18889.0,9408.56558222199,0.0,0,20,3780
18890.0,9408.56558222199,0.0,0,20,3780
18891.0,9408.56558222199,0.0,0,20,3780
18892.0,9408.56558222199,0.0,0,20,3780
18893.0,9408.56558222199,0.0,0,20,3780
18894.0,9408.56558222199,0.0,0,20,3780
18895.0,9408.56558222199,0.0,0,20,3780
18896.0,9408.56558222199,0.0,0,20,3780
18897.0,9408.56558222199,0.0,0,20,3780
18898.0,9408.56558222199,0.0,0,20,3780
18899.0,9408.56558222199,0.0,0,20,3780
18900.0,9408.56558222199,0.0,0,20,3780
18901.0,9408.56558222199,0.0,0,20,3780
18902.0,9408.56558222199,0.0,0,20,3780
18903.0,9408.56558222199,0.0,0,20,3780
18904.0,9408.56558222199,0.0,0,20,3780
18905.0,9408.56558222199,0.0,0,20,3780
18906.0,9408.56558222199,0.0,0,20,3780
18907.0,9408.56558222199,0.0,0,20,3780
18908.0,9408.56558222199,0.0,0,20,3780
18909.0,9408.56558222199,0.0,0,20,3780
18910.0,9408.56558222199,0.0,0,20,3780
18911.0,9408.56558222199,0.0,0,20,3780
18912.0,9408.56558222199,0.0,0,20,3780
18913.0,9408.56558222199,0.0,0,20,3780
18914.0,9408.56558222199,0.0,0,20,3780
18915.0,9408.56558222199,0.0,0,20,3780
18916.0,9408.56558222199,0.0,0,20,3780
18917.0,9408.56558222199,0.0,0,20,3780
18918.0,9408.56558222199,0.0,0,20,3780
18919.0,9408.56558222199,0.0,0,20,3780
18920.0,9408.56558222199,0.0,0,20,3780
18921.0,9408.56558222199,0.0,0,20,3780
18922.0,9408.56558222199,0.0,0,20,3780
18923.0,9408.56558222199,0.0,0,20,3780
18924.0,9408.56558222199,0.0,0,20,3780
18925.0,9408.56558222199,0.0,0,20,3780
18926.0,9408.56558222199,0.0,0,20,3780
18927.0,9408.56558222199,0.0,0,20,3780
18928.0,9408.56558222199,0.0,0,20,3780
18929.0,9408.56558222199,0.0,0,20,3780
18930.0,9408.56558222199,0.0,0,20,3780
18931.0,9408.56558222199,0.0,0,20,3780
18932.0,9408.56558222199,0.0,0,20,3780
18933.0,9408.56558222199,0.0,0,20,3780
18934.0,9408.56558222199,0.0,0,20,3780
18935.0,9408.56558222199,0.0,0,20,3780
18936.0,9408.56558222199,0.0,0,20,3780
18937.0,9408.56558222199,0.0,0,20,3780
18938.0,9408.56558222199,0.0,0,20,3780
18939.0,9408.56558222199,0.0,0,20,3780
18940.0,9408.56558222199,0.0,0,20,3780
18941.0,9408.56558222199,0.0,0,20,3780
18942.0,9408.56558222199,0.0,0,20,3780
18943.0,9408.56558222199,0.0,0,20,3780
18944.0,9408.56558222199,0.0,0,20,3780
18945.0,9408.56558222199,0.0,0,20,3780
18946.0,9408.56558222199,0.0,0,20,3780
18947.0,9408.56558222199,0.0,0,20,3780
18948.0,9408.56558222199,0.0,0,20,3780
18949.0,9408.56558222199,0.0,0,20,3780
18950.0,9408.56558222199,0.0,0,20,3780
18951.0,9408.56558222199,0.0,0,20,3780
18952.0,9408.56558222199,0.0,0,20,3780
18953.0,9408.56558222199,0.0,0,20,3780
18954.0,9408.56558222199,0.0,0,20,3780
18955.0,9408.56558222199,0.0,0,20,3780
18956.0,9408.56558222199,0.0,0,20,3780
18957.0,9408.56558222199,0.0,0,20,3780
18958.0,9408.56558222199,0.0,0,20,3780
18959.0,9408.56558222199,0.0,0,20,3780
18960.0,9408.56558222199,0.0,0,20,3780
18961.0,9408.56558222199,0.0,0,20,3780
18962.0,9408.56558222199,0.0,0,20,3780
18963.0,9408.56558222199,0.0,0,20,3780
18964.0,9408.56558222199,0.0,0,20,3780
18965.0,9408.56558222199,0.0,0,20,3780
18966.0,9408.56558222199,0.0,0,20,3780
18967.0,9408.56558222199,0.0,0,20,3780
18968.0,9408.56558222199,0.0,0,20,3780
18969.0,9408.56558222199,0.0,0,20,3780
18970.0,9408.56558222199,0.0,0,20,3780
18971.0,9408.56558222199,0.0,0,20,3780
18972.0,9408.56558222199,0.0,0,20,3780
18973.0,9408.56558222199,0.0,0,20,3780
18974.0,9408.56558222199,0.0,0,20,3780
18975.0,9408.56558222199,0.0,0,20,3780
18976.0,9408.56558222199,0.0,0,20,3780
18977.0,9408.56558222199,0.0,0,20,3780
18978.0,9408.56558222199,0.0,0,20,3780
18979.0,9408.56558222199,0.0,0,20,3780
18980.0,9408.56558222199,0.0,0,20,3780
18981.0,9408.56558222199,0.0,0,20,3780
18982.0,9408.56558222199,0.0,0,20,3780
18983.0,9408.56558222199,0.0,0,20,3780
18984.0,9408.56558222199,0.0,0,20,3780
18985.0,9408.56558222199,0.0,0,20,3780
18986.0,9408.56558222199,0.0,0,20,3780
18987.0,9408.56558222199,0.0,0,20,3780
18988.0,9408.56558222199,0.0,0,20,3780
18989.0,9408.56558222199,0.0,0,20,3780
18990.0,9408.56558222199,0.0,0,20,3780
18991.0,9408.56558222199,0.0,0,20,3780
18992.0,9408.56558222199,0.0,0,20,3780
18993.0,9408.56558222199,0.0,0,20,3780
18994.0,9408.56558222199,0.0,0,20,3780
18995.0,9408.56558222199,0.0,0,20,3780
18996.0,9408.56558222199,0.0,0,20,3780
18997.0,9408.56558222199,0.0,0,20,3780
18998.0,9408.56558222199,0.0,0,20,3780
18999.0,9408.56558222199,0.0,0,20,3780
19000.0,9408.56558222199,0.0,0,20,3780
19001.0,9408.56558222199,0.0,0,20,3780
19002.0,9408.56558222199,0.0,0,20,3780
19003.0,9408.56558222199,0.0,0,20,3780
19004.0,9408.56558222199,0.0,0,20,3780
19005.0,9408.56558222199,0.0,0,20,3780
19006.0,9408.56558222199,0.0,0,20,3780
19007.0,9408.56558222199,0.0,0,20,3780
19008.0,9408.56558222199,0.0,0,20,3780
19009.0,9408.56558222199,0.0,0,20,3780
19010.0,9408.56558222199,0.0,0,20,3780
19011.0,9408.56558222199,0.0,0,20,3780
19012.0,9408.56558222199,0.0,0,20,3780
19013.0,9408.56558222199,0.0,0,20,3780
19014.0,9408.56558222199,0.0,0,20,3780
19015.0,9408.56558222199,0.0,0,20,3780
19016.0,9408.56558222199,0.0,0,20,3780
19017.0,9408.56558222199,0.0,0,20,3780
19018.0,9408.56558222199,0.0,0,20,3780
19019.0,9408.56558222199,0.0,0,20,3780
19020.0,9408.56558222199,0.0,0,20,3780
19021.0,9408.56558222199,0.0,0,20,3780
19022.0,9408.56558222199,0.0,0,20,3780
19023.0,9408.56558222199,0.0,0,20,3780
19024.0,9408.56558222199,0.0,0,20,3780
19025.0,9408.56558222199,0.0,0,20,3780
19026.0,9408.56558222199,0.0,0,20,3780
19027.0,9408.56558222199,0.0,0,20,3780
19028.0,9408.56558222199,0.0,0,20,3780
19029.0,9408.56558222199,0.0,0,20,3780
19030.0,9408.56558222199,0.0,0,20,3780
19031.0,9408.56558222199,0.0,0,20,3780
19032.0,9408.56558222199,0.0,0,20,3780
19033.0,9408.56558222199,0.0,0,20,3780
19034.0,9408.56558222199,0.0,0,20,3780
19035.0,9408.56558222199,0.0,0,20,3780
19036.0,9408.56558222199,0.0,0,20,3780
19037.0,9408.56558222199,0.0,0,20,3780
19038.0,9408.56558222199,0.0,0,20,3780
19039.0,9408.56558222199,0.0,0,20,3780
19040.0,9408.56558222199,0.0,0,20,3780
19041.0,9408.56558222199,0.0,0,20,3780
19042.0,9408.56558222199,0.0,0,20,3780
19043.0,9408.56558222199,0.0,0,20,3780
19044.0,9408.56558222199,0.0,0,20,3780
19045.0,9408.56558222199,0.0,0,20,3780
19046.0,9408.56558222199,0.0,0,20,3780
19047.0,9408.56558222199,0.0,0,20,3780
19048.0,9408.56558222199,0.0,0,20,3780
19049.0,9408.56558222199,0.0,0,20,3780
19050.0,9408.56558222199,0.0,0,20,3780
19051.0,9408.56558222199,0.0,0,20,3780
19052.0,9408.56558222199,0.0,0,20,3780
19053.0,9408.56558222199,0.0,0,20,3780
19054.0,9408.56558222199,0.0,0,20,3780
19055.0,9408.56558222199,0.0,0,20,3780
19056.0,9408.56558222199,0.0,0,20,3780
19057.0,9408.56558222199,0.0,0,20,3780
19058.0,9408.56558222199,0.0,0,20,3780
19059.0,9408.56558222199,0.0,0,20,3780
19060.0,9408.56558222199,0.0,0,20,3780
19061.0,9408.56558222199,0.0,0,20,3780
19062.0,9408.56558222199,0.0,0,20,3780
19063.0,9408.56558222199,0.0,0,20,3780
19064.0,9408.56558222199,0.0,0,20,3780
19065.0,9408.56558222199,0.0,0,20,3780
19066.0,9408.56558222199,0.0,0,20,3780
19067.0,9408.56558222199,0.0,0,20,3780
19068.0,9408.56558222199,0.0,0,20,3780
19069.0,9408.56558222199,0.0,0,20,3780
19070.0,9408.56558222199,0.0,0,20,3780
19071.0,9408.56558222199,0.0,0,20,3780
19072.0,9408.56558222199,0.0,0,20,3780
19073.0,9408.56558222199,0.0,0,20,3780
19074.0,9408.56558222199,0.0,0,20,3780
19075.0,9408.56558222199,0.0,0,20,3780
19076.0,9408.56558222199,0.0,0,20,3780
19077.0,9408.56558222199,0.0,0,20,3780
19078.0,9408.56558222199,0.0,0,20,3780
19079.0,9408.56558222199,0.0,0,20,3780
19080.0,9408.56558222199,0.0,0,20,3780
19081.0,9408.56558222199,0.0,0,20,3780
19082.0,9408.56558222199,0.0,0,20,3780
19083.0,9408.56558222199,0.0,0,20,3780
19084.0,9408.56558222199,0.0,0,20,3780
19085.0,9408.56558222199,0.0,0,20,3780
19086.0,9408.56558222199,0.0,0,20,3780
19087.0,9408.56558222199,0.0,0,20,3780
19088.0,9408.56558222199,0.0,0,20,3780
19089.0,9408.56558222199,0.0,0,20,3780
19090.0,9408.56558222199,0.0,0,20,3780
19091.0,9408.56558222199,0.0,0,20,3780
19092.0,9408.56558222199,0.0,0,20,3780
19093.0,9408.56558222199,0.0,0,20,3780
19094.0,9408.56558222199,0.0,0,20,3780
19095.0,9408.56558222199,0.0,0,20,3780
19096.0,9408.56558222199,0.0,0,20,3780
19097.0,9408.56558222199,0.0,0,20,3780
19098.0,9408.56558222199,0.0,0,20,3780
19099.0,9408.56558222199,0.0,0,20,3780
19100.0,9408.56558222199,0.0,0,20,3780
19101.0,9408.56558222199,0.0,0,20,3780
19102.0,9408.56558222199,0.0,0,20,3780
19103.0,9408.56558222199,0.0,0,20,3780
19104.0,9408.56558222199,0.0,0,20,3780
19105.0,9408.56558222199,0.0,0,20,3780
19106.0,9408.56558222199,0.0,0,20,3780
19107.0,9408.56558222199,0.0,0,20,3780
19108.0,9408.56558222199,0.0,0,20,3780
19109.0,9408.56558222199,0.0,0,20,3780
19110.0,9408.56558222199,0.0,0,20,3780
19111.0,9408.56558222199,0.0,0,20,3780
19112.0,9408.56558222199,0.0,0,20,3780
19113.0,9408.56558222199,0.0,0,20,3780
19114.0,9408.56558222199,0.0,0,20,3780
19115.0,9408.56558222199,0.0,0,20,3780
19116.0,9408.56558222199,0.0,0,20,3780
19117.0,9408.56558222199,0.0,0,20,3780
19118.0,9408.56558222199,0.0,0,20,3780
19119.0,9408.56558222199,0.0,0,20,3780
19120.0,9408.56558222199,0.0,0,20,3780
19121.0,9408.56558222199,0.0,0,20,3780
19122.0,9408.56558222199,0.0,0,20,3780
19123.0,9408.56558222199,0.0,0,20,3780
19124.0,9408.56558222199,0.0,0,20,3780
19125.0,9408.56558222199,0.0,0,20,3780
19126.0,9408.56558222199,0.0,0,20,3780
19127.0,9408.56558222199,0.0,0,20,3780
19128.0,9408.56558222199,0.0,0,20,3780
19129.0,9408.56558222199,0.0,0,20,3780
19130.0,9408.56558222199,0.0,0,20,3780
19131.0,9408.56558222199,0.0,0,20,3780
19132.0,9408.56558222199,0.0,0,20,3780
19133.0,9408.56558222199,0.0,0,20,3780
19134.0,9408.56558222199,0.0,0,20,3780
19135.0,9408.56558222199,0.0,0,20,3780
19136.0,9408.56558222199,0.0,0,20,3780
19137.0,9408.56558222199,0.0,0,20,3780
19138.0,9408.56558222199,0.0,0,20,3780
19139.0,9408.56558222199,0.0,0,20,3780
19140.0,9408.56558222199,0.0,0,20,3780
19141.0,9408.56558222199,0.0,0,20,3780
19142.0,9408.56558222199,0.0,0,20,3780
19143.0,9408.56558222199,0.0,0,20,3780
19144.0,9408.56558222199,0.0,0,20,3780
19145.0,9408.56558222199,0.0,0,20,3780
19146.0,9408.56558222199,0.0,0,20,3780
19147.0,9408.56558222199,0.0,0,20,3780
19148.0,9408.56558222199,0.0,0,20,3780
19149.0,9408.56558222199,0.0,0,20,3780
19150.0,9408.56558222199,0.0,0,20,3780
19151.0,9408.56558222199,0.0,0,20,3780
19152.0,9408.56558222199,0.0,0,20,3780
19153.0,9408.56558222199,0.0,0,20,3780
19154.0,9408.56558222199,0.0,0,20,3780
19155.0,9408.56558222199,0.0,0,20,3780
19156.0,9408.56558222199,0.0,0,20,3780
19157.0,9408.56558222199,0.0,0,20,3780
19158.0,9408.56558222199,0.0,0,20,3780
19159.0,9408.56558222199,0.0,0,20,3780
19160.0,9408.56558222199,0.0,0,20,3780
19161.0,9408.56558222199,0.0,0,20,3780
19162.0,9408.56558222199,0.0,0,20,3780
19163.0,9408.56558222199,0.0,0,20,3780
19164.0,9408.56558222199,0.0,0,20,3780
19165.0,9408.56558222199,0.0,0,20,3780
19166.0,9408.56558222199,0.0,0,20,3780
19167.0,9408.56558222199,0.0,0,20,3780
19168.0,9408.56558222199,0.0,0,20,3780
19169.0,9408.56558222199,0.0,0,20,3780
19170.0,9408.56558222199,0.0,0,20,3780
19171.0,9408.56558222199,0.0,0,20,3780
19172.0,9408.56558222199,0.0,0,20,3780
19173.0,9408.56558222199,0.0,0,20,3780
19174.0,9408.56558222199,0.0,0,20,3780
19175.0,9408.56558222199,0.0,0,20,3780
19176.0,9408.56558222199,0.0,0,20,3780
19177.0,9408.56558222199,0.0,0,20,3780
19178.0,9408.56558222199,0.0,0,20,3780
19179.0,9408.56558222199,0.0,0,20,3780
19180.0,9408.56558222199,0.0,0,20,3780
19181.0,9408.56558222199,0.0,0,20,3780
19182.0,9408.56558222199,0.0,0,20,3780
19183.0,9408.56558222199,0.0,0,20,3780
19184.0,9408.56558222199,0.0,0,20,3780
19185.0,9408.56558222199,0.0,0,20,3780
19186.0,9408.56558222199,0.0,0,20,3780
19187.0,9408.56558222199,0.0,0,20,3780
19188.0,9408.56558222199,0.0,0,20,3780
19189.0,9408.56558222199,0.0,0,20,3780
19190.0,9408.56558222199,0.0,0,20,3780
19191.0,9408.56558222199,0.0,0,20,3780
19192.0,9408.56558222199,0.0,0,20,3780
19193.0,9408.56558222199,0.0,0,20,3780
19194.0,9408.56558222199,0.0,0,20,3780
19195.0,9408.56558222199,0.0,0,20,3780
19196.0,9408.56558222199,0.0,0,20,3780
19197.0,9408.56558222199,0.0,0,20,3780
19198.0,9408.56558222199,0.0,0,20,3780
19199.0,9408.56558222199,0.0,0,20,3780
19200.0,9408.56558222199,0.0,0,20,3780
19201.0,9408.56558222199,0.0,0,20,3780
19202.0,9408.56558222199,0.0,0,20,3780
19203.0,9408.56558222199,0.0,0,20,3780
19204.0,9408.56558222199,0.0,0,20,3780
19205.0,9408.56558222199,0.0,0,20,3780
19206.0,9408.56558222199,0.0,0,20,3780
19207.0,9408.56558222199,0.0,0,20,3780
19208.0,9408.56558222199,0.0,0,20,3780
19209.0,9408.56558222199,0.0,0,20,3780
19210.0,9408.56558222199,0.0,0,20,3780
19211.0,9408.56558222199,0.0,0,20,3780
19212.0,9408.56558222199,0.0,0,20,3780
19213.0,9408.56558222199,0.0,0,20,3780
19214.0,9408.56558222199,0.0,0,20,3780
19215.0,9408.56558222199,0.0,0,20,3780
19216.0,9408.56558222199,0.0,0,20,3780
19217.0,9408.56558222199,0.0,0,20,3780
19218.0,9408.56558222199,0.0,0,20,3780
19219.0,9408.56558222199,0.0,0,20,3780
19220.0,9408.56558222199,0.0,0,20,3780
19221.0,9408.56558222199,0.0,0,20,3780
19222.0,9408.56558222199,0.0,0,20,3780
19223.0,9408.56558222199,0.0,0,20,3780
19224.0,9408.56558222199,0.0,0,20,3780
19225.0,9408.56558222199,0.0,0,20,3780
19226.0,9408.56558222199,0.0,0,20,3780
19227.0,9408.56558222199,0.0,0,20,3780
19228.0,9408.56558222199,0.0,0,20,3780
19229.0,9408.56558222199,0.0,0,20,3780
19230.0,9408.56558222199,0.0,0,20,3780
19231.0,9408.56558222199,0.0,0,20,3780
19232.0,9408.56558222199,0.0,0,20,3780
19233.0,9408.56558222199,0.0,0,20,3780
19234.0,9408.56558222199,0.0,0,20,3780
19235.0,9408.56558222199,0.0,0,20,3780
19236.0,9408.56558222199,0.0,0,20,3780
19237.0,9408.56558222199,0.0,0,20,3780
19238.0,9408.56558222199,0.0,0,20,3780
19239.0,9408.56558222199,0.0,0,20,3780
19240.0,9408.56558222199,0.0,0,20,3780
19241.0,9408.56558222199,0.0,0,20,3780
19242.0,9408.56558222199,0.0,0,20,3780
19243.0,9408.56558222199,0.0,0,20,3780
19244.0,9408.56558222199,0.0,0,20,3780
19245.0,9408.56558222199,0.0,0,20,3780
19246.0,9408.56558222199,0.0,0,20,3780
19247.0,9408.56558222199,0.0,0,20,3780
19248.0,9408.56558222199,0.0,0,20,3780
19249.0,9408.56558222199,0.0,0,20,3780
19250.0,9408.56558222199,0.0,0,20,3780
19251.0,9408.56558222199,0.0,0,20,3780
19252.0,9408.56558222199,0.0,0,20,3780
19253.0,9408.56558222199,0.0,0,20,3780
19254.0,9408.56558222199,0.0,0,20,3780
19255.0,9408.56558222199,0.0,0,20,3780
19256.0,9408.56558222199,0.0,0,20,3780
19257.0,9408.56558222199,0.0,0,20,3780
19258.0,9408.56558222199,0.0,0,20,3780
19259.0,9408.56558222199,0.0,0,20,3780
19260.0,9408.56558222199,0.0,0,20,3780
19261.0,9408.56558222199,0.0,0,20,3780
19262.0,9408.56558222199,0.0,0,20,3780
19263.0,9408.56558222199,0.0,0,20,3780
19264.0,9408.56558222199,0.0,0,20,3780
19265.0,9408.56558222199,0.0,0,20,3780
19266.0,9408.56558222199,0.0,0,20,3780
19267.0,9408.56558222199,0.0,0,20,3780
19268.0,9408.56558222199,0.0,0,20,3780
19269.0,9408.56558222199,0.0,0,20,3780
19270.0,9408.56558222199,0.0,0,20,3780
19271.0,9408.56558222199,0.0,0,20,3780
19272.0,9408.56558222199,0.0,0,20,3780
19273.0,9408.56558222199,0.0,0,20,3780
19274.0,9408.56558222199,0.0,0,20,3780
19275.0,9408.56558222199,0.0,0,20,3780
19276.0,9408.56558222199,0.0,0,20,3780
19277.0,9408.56558222199,0.0,0,20,3780
19278.0,9408.56558222199,0.0,0,20,3780
19279.0,9408.56558222199,0.0,0,20,3780
19280.0,9408.56558222199,0.0,0,20,3780
19281.0,9408.56558222199,0.0,0,20,3780
19282.0,9408.56558222199,0.0,0,20,3780
19283.0,9408.56558222199,0.0,0,20,3780
19284.0,9408.56558222199,0.0,0,20,3780
19285.0,9408.56558222199,0.0,0,20,3780
19286.0,9408.56558222199,0.0,0,20,3780
19287.0,9408.56558222199,0.0,0,20,3780
19288.0,9408.56558222199,0.0,0,20,3780
19289.0,9408.56558222199,0.0,0,20,3780
19290.0,9408.56558222199,0.0,0,20,3780
19291.0,9408.56558222199,0.0,0,20,3780
19292.0,9408.56558222199,0.0,0,20,3780
19293.0,9408.56558222199,0.0,0,20,3780
19294.0,9408.56558222199,0.0,0,20,3780
19295.0,9408.56558222199,0.0,0,20,3780
19296.0,9408.56558222199,0.0,0,20,3780
19297.0,9408.56558222199,0.0,0,20,3780
19298.0,9408.56558222199,0.0,0,20,3780
19299.0,9408.56558222199,0.0,0,20,3780
19300.0,9408.56558222199,0.0,0,20,3780
19301.0,9408.56558222199,0.0,0,20,3780
19302.0,9408.56558222199,0.0,0,20,3780
19303.0,9408.56558222199,0.0,0,20,3780
19304.0,9408.56558222199,0.0,0,20,3780
19305.0,9408.56558222199,0.0,0,20,3780
19306.0,9408.56558222199,0.0,0,20,3780
19307.0,9408.56558222199,0.0,0,20,3780
19308.0,9408.56558222199,0.0,0,20,3780
19309.0,9408.56558222199,0.0,0,20,3780
19310.0,9408.56558222199,0.0,0,20,3780
19311.0,9408.56558222199,0.0,0,20,3780
19312.0,9408.56558222199,0.0,0,20,3780
19313.0,9408.56558222199,0.0,0,20,3780
19314.0,9408.56558222199,0.0,0,20,3780
19315.0,9408.56558222199,0.0,0,20,3780
19316.0,9408.56558222199,0.0,0,20,3780
19317.0,9408.56558222199,0.0,0,20,3780
19318.0,9408.56558222199,0.0,0,20,3780
19319.0,9408.56558222199,0.0,0,20,3780
19320.0,9408.56558222199,0.0,0,20,3780
19321.0,9408.56558222199,0.0,0,20,3780
19322.0,9408.56558222199,0.0,0,20,3780
19323.0,9408.56558222199,0.0,0,20,3780
19324.0,9408.56558222199,0.0,0,20,3780
19325.0,9408.56558222199,0.0,0,20,3780
19326.0,9408.56558222199,0.0,0,20,3780
19327.0,9408.56558222199,0.0,0,20,3780
19328.0,9408.56558222199,0.0,0,20,3780
19329.0,9408.56558222199,0.0,0,20,3780
19330.0,9408.56558222199,0.0,0,20,3780
19331.0,9408.56558222199,0.0,0,20,3780
19332.0,9408.56558222199,0.0,0,20,3780
19333.0,9408.56558222199,0.0,0,20,3780
19334.0,9408.56558222199,0.0,0,20,3780
19335.0,9408.56558222199,0.0,0,20,3780
19336.0,9408.56558222199,0.0,0,20,3780
19337.0,9408.56558222199,0.0,0,20,3780
19338.0,9408.56558222199,0.0,0,20,3780
19339.0,9408.56558222199,0.0,0,20,3780
19340.0,9408.56558222199,0.0,0,20,3780
19341.0,9408.56558222199,0.0,0,20,3780
19342.0,9408.56558222199,0.0,0,20,3780
19343.0,9408.56558222199,0.0,0,20,3780
19344.0,9408.56558222199,0.0,0,20,3780
19345.0,9408.56558222199,0.0,0,20,3780
19346.0,9408.56558222199,0.0,0,20,3780
19347.0,9408.56558222199,0.0,0,20,3780
19348.0,9408.56558222199,0.0,0,20,3780
19349.0,9408.56558222199,0.0,0,20,3780
19350.0,9408.56558222199,0.0,0,20,3780
19351.0,9408.56558222199,0.0,0,20,3780
19352.0,9408.56558222199,0.0,0,20,3780
19353.0,9408.56558222199,0.0,0,20,3780
19354.0,9408.56558222199,0.0,0,20,3780
19355.0,9408.56558222199,0.0,0,20,3780
19356.0,9408.56558222199,0.0,0,20,3780
19357.0,9408.56558222199,0.0,0,20,3780
19358.0,9408.56558222199,0.0,0,20,3780
19359.0,9408.56558222199,0.0,0,20,3780
19360.0,9408.56558222199,0.0,0,20,3780
19361.0,9408.56558222199,0.0,0,20,3780
19362.0,9408.56558222199,0.0,0,20,3780
19363.0,9408.56558222199,0.0,0,20,3780
19364.0,9408.56558222199,0.0,0,20,3780
19365.0,9408.56558222199,0.0,0,20,3780
19366.0,9408.56558222199,0.0,0,20,3780
19367.0,9408.56558222199,0.0,0,20,3780
19368.0,9408.56558222199,0.0,0,20,3780
19369.0,9408.56558222199,0.0,0,20,3780
19370.0,9408.56558222199,0.0,0,20,3780
19371.0,9408.56558222199,0.0,0,20,3780
19372.0,9408.56558222199,0.0,0,20,3780
19373.0,9408.56558222199,0.0,0,20,3780
19374.0,9408.56558222199,0.0,0,20,3780
19375.0,9408.56558222199,0.0,0,20,3780
19376.0,9408.56558222199,0.0,0,20,3780
19377.0,9408.56558222199,0.0,0,20,3780
19378.0,9408.56558222199,0.0,0,20,3780
19379.0,9408.56558222199,0.0,0,20,3780
19380.0,9408.56558222199,0.0,0,20,3780
19381.0,9408.56558222199,0.0,0,20,3780
19382.0,9408.56558222199,0.0,0,20,3780
19383.0,9408.56558222199,0.0,0,20,3780
19384.0,9408.56558222199,0.0,0,20,3780
19385.0,9408.56558222199,0.0,0,20,3780
19386.0,9408.56558222199,0.0,0,20,3780
19387.0,9408.56558222199,0.0,0,20,3780
19388.0,9408.56558222199,0.0,0,20,3780
19389.0,9408.56558222199,0.0,0,20,3780
19390.0,9408.56558222199,0.0,0,20,3780
19391.0,9408.56558222199,0.0,0,20,3780
19392.0,9408.56558222199,0.0,0,20,3780
19393.0,9408.56558222199,0.0,0,20,3780
19394.0,9408.56558222199,0.0,0,20,3780
19395.0,9408.56558222199,0.0,0,20,3780
19396.0,9408.56558222199,0.0,0,20,3780
19397.0,9408.56558222199,0.0,0,20,3780
19398.0,9408.56558222199,0.0,0,20,3780
19399.0,9408.56558222199,0.0,0,20,3780
19400.0,9408.56558222199,0.0,0,20,3780
19401.0,9408.56558222199,0.0,0,20,3780
19402.0,9408.56558222199,0.0,0,20,3780
19403.0,9408.56558222199,0.0,0,20,3780
19404.0,9408.56558222199,0.0,0,20,3780
19405.0,9408.56558222199,0.0,0,20,3780
19406.0,9408.56558222199,0.0,0,20,3780
19407.0,9408.56558222199,0.0,0,20,3780
19408.0,9408.56558222199,0.0,0,20,3780
19409.0,9408.56558222199,0.0,0,20,3780
19410.0,9408.56558222199,0.0,0,20,3780
19411.0,9408.56558222199,0.0,0,20,3780
19412.0,9408.56558222199,0.0,0,20,3780
19413.0,9408.56558222199,0.0,0,20,3780
19414.0,9408.56558222199,0.0,0,20,3780
19415.0,9408.56558222199,0.0,0,20,3780
19416.0,9408.56558222199,0.0,0,20,3780
19417.0,9408.56558222199,0.0,0,20,3780
19418.0,9408.56558222199,0.0,0,20,3780
19419.0,9408.56558222199,0.0,0,20,3780
19420.0,9408.56558222199,0.0,0,20,3780
19421.0,9408.56558222199,0.0,0,20,3780
19422.0,9408.56558222199,0.0,0,20,3780
19423.0,9408.56558222199,0.0,0,20,3780
19424.0,9408.56558222199,0.0,0,20,3780
19425.0,9408.56558222199,0.0,0,20,3780
19426.0,9408.56558222199,0.0,0,20,3780
19427.0,9408.56558222199,0.0,0,20,3780
19428.0,9408.56558222199,0.0,0,20,3780
19429.0,9408.56558222199,0.0,0,20,3780
19430.0,9408.56558222199,0.0,0,20,3780
19431.0,9408.56558222199,0.0,0,20,3780
19432.0,9408.56558222199,0.0,0,20,3780
19433.0,9408.56558222199,0.0,0,20,3780
19434.0,9408.56558222199,0.0,0,20,3780
19435.0,9408.56558222199,0.0,0,20,3780
19436.0,9408.56558222199,0.0,0,20,3780
19437.0,9408.56558222199,0.0,0,20,3780
19438.0,9408.56558222199,0.0,0,20,3780
19439.0,9408.56558222199,0.0,0,20,3780
19440.0,9408.56558222199,0.0,0,20,3780
19441.0,9408.56558222199,0.0,0,20,3780
19442.0,9408.56558222199,0.0,0,20,3780
19443.0,9408.56558222199,0.0,0,20,3780
19444.0,9408.56558222199,0.0,0,20,3780
19445.0,9408.56558222199,0.0,0,20,3780
19446.0,9408.56558222199,0.0,0,20,3780
19447.0,9408.56558222199,0.0,0,20,3780
19448.0,9408.56558222199,0.0,0,20,3780
19449.0,9408.56558222199,0.0,0,20,3780
19450.0,9408.56558222199,0.0,0,20,3780
19451.0,9408.56558222199,0.0,0,20,3780
19452.0,9408.56558222199,0.0,0,20,3780
19453.0,9408.56558222199,0.0,0,20,3780
19454.0,9408.56558222199,0.0,0,20,3780
19455.0,9408.56558222199,0.0,0,20,3780
19456.0,9408.56558222199,0.0,0,20,3780
19457.0,9408.56558222199,0.0,0,20,3780
19458.0,9408.56558222199,0.0,0,20,3780
19459.0,9408.56558222199,0.0,0,20,3780
19460.0,9408.56558222199,0.0,0,20,3780
19461.0,9408.56558222199,0.0,0,20,3780
19462.0,9408.56558222199,0.0,0,20,3780
19463.0,9408.56558222199,0.0,0,20,3780
19464.0,9408.56558222199,0.0,0,20,3780
19465.0,9408.56558222199,0.0,0,20,3780
19466.0,9408.56558222199,0.0,0,20,3780
19467.0,9408.56558222199,0.0,0,20,3780
19468.0,9408.56558222199,0.0,0,20,3780
19469.0,9408.56558222199,0.0,0,20,3780
19470.0,9408.56558222199,0.0,0,20,3780
19471.0,9408.56558222199,0.0,0,20,3780
19472.0,9408.56558222199,0.0,0,20,3780
19473.0,9408.56558222199,0.0,0,20,3780
19474.0,9408.56558222199,0.0,0,20,3780
19475.0,9408.56558222199,0.0,0,20,3780
19476.0,9408.56558222199,0.0,0,20,3780
19477.0,9408.56558222199,0.0,0,20,3780
19478.0,9408.56558222199,0.0,0,20,3780
19479.0,9408.56558222199,0.0,0,20,3780
19480.0,9408.56558222199,0.0,0,20,3780
19481.0,9408.56558222199,0.0,0,20,3780
19482.0,9408.56558222199,0.0,0,20,3780
19483.0,9408.56558222199,0.0,0,20,3780
19484.0,9408.56558222199,0.0,0,20,3780
19485.0,9408.56558222199,0.0,0,20,3780
19486.0,9408.56558222199,0.0,0,20,3780
19487.0,9408.56558222199,0.0,0,20,3780
19488.0,9408.56558222199,0.0,0,20,3780
19489.0,9408.56558222199,0.0,0,20,3780
19490.0,9408.56558222199,0.0,0,20,3780
19491.0,9408.56558222199,0.0,0,20,3780
19492.0,9408.56558222199,0.0,0,20,3780
19493.0,9408.56558222199,0.0,0,20,3780
19494.0,9408.56558222199,0.0,0,20,3780
19495.0,9408.56558222199,0.0,0,20,3780
19496.0,9408.56558222199,0.0,0,20,3780
19497.0,9408.56558222199,0.0,0,20,3780
19498.0,9408.56558222199,0.0,0,20,3780
19499.0,9408.56558222199,0.0,0,20,3780
19500.0,9408.56558222199,0.0,0,20,3780
19501.0,9408.56558222199,0.0,0,20,3780
19502.0,9408.56558222199,0.0,0,20,3780
19503.0,9408.56558222199,0.0,0,20,3780
19504.0,9408.56558222199,0.0,0,20,3780
19505.0,9408.56558222199,0.0,0,20,3780
19506.0,9408.56558222199,0.0,0,20,3780
19507.0,9408.56558222199,0.0,0,20,3780
19508.0,9408.56558222199,0.0,0,20,3780
19509.0,9408.56558222199,0.0,0,20,3780
19510.0,9408.56558222199,0.0,0,20,3780
19511.0,9408.56558222199,0.0,0,20,3780
19512.0,9408.56558222199,0.0,0,20,3780
19513.0,9408.56558222199,0.0,0,20,3780
19514.0,9408.56558222199,0.0,0,20,3780
19515.0,9408.56558222199,0.0,0,20,3780
19516.0,9408.56558222199,0.0,0,20,3780
19517.0,9408.56558222199,0.0,0,20,3780
19518.0,9408.56558222199,0.0,0,20,3780
19519.0,9408.56558222199,0.0,0,20,3780
19520.0,9408.56558222199,0.0,0,20,3780
19521.0,9408.56558222199,0.0,0,20,3780
19522.0,9408.56558222199,0.0,0,20,3780
19523.0,9408.56558222199,0.0,0,20,3780
19524.0,9408.56558222199,0.0,0,20,3780
19525.0,9408.56558222199,0.0,0,20,3780
19526.0,9408.56558222199,0.0,0,20,3780
19527.0,9408.56558222199,0.0,0,20,3780
19528.0,9408.56558222199,0.0,0,20,3780
19529.0,9408.56558222199,0.0,0,20,3780
19530.0,9408.56558222199,0.0,0,20,3780
19531.0,9408.56558222199,0.0,0,20,3780
19532.0,9408.56558222199,0.0,0,20,3780
19533.0,9408.56558222199,0.0,0,20,3780
19534.0,9408.56558222199,0.0,0,20,3780
19535.0,9408.56558222199,0.0,0,20,3780
19536.0,9408.56558222199,0.0,0,20,3780
19537.0,9408.56558222199,0.0,0,20,3780
19538.0,9408.56558222199,0.0,0,20,3780
19539.0,9408.56558222199,0.0,0,20,3780
19540.0,9408.56558222199,0.0,0,20,3780
19541.0,9408.56558222199,0.0,0,20,3780
19542.0,9408.56558222199,0.0,0,20,3780
19543.0,9408.56558222199,0.0,0,20,3780
19544.0,9408.56558222199,0.0,0,20,3780
19545.0,9408.56558222199,0.0,0,20,3780
19546.0,9408.56558222199,0.0,0,20,3780
19547.0,9408.56558222199,0.0,0,20,3780
19548.0,9408.56558222199,0.0,0,20,3780
19549.0,9408.56558222199,0.0,0,20,3780
19550.0,9408.56558222199,0.0,0,20,3780
19551.0,9408.56558222199,0.0,0,20,3780
19552.0,9408.56558222199,0.0,0,20,3780
19553.0,9408.56558222199,0.0,0,20,3780
19554.0,9408.56558222199,0.0,0,20,3780
19555.0,9408.56558222199,0.0,0,20,3780
19556.0,9408.56558222199,0.0,0,20,3780
19557.0,9408.56558222199,0.0,0,20,3780
19558.0,9408.56558222199,0.0,0,20,3780
19559.0,9408.56558222199,0.0,0,20,3780
19560.0,9408.56558222199,0.0,0,20,3780
19561.0,9408.56558222199,0.0,0,20,3780
19562.0,9408.56558222199,0.0,0,20,3780
19563.0,9408.56558222199,0.0,0,20,3780
19564.0,9408.56558222199,0.0,0,20,3780
19565.0,9408.56558222199,0.0,0,20,3780
19566.0,9408.56558222199,0.0,0,20,3780
19567.0,9408.56558222199,0.0,0,20,3780
19568.0,9408.56558222199,0.0,0,20,3780
19569.0,9408.56558222199,0.0,0,20,3780
19570.0,9408.56558222199,0.0,0,20,3780
19571.0,9408.56558222199,0.0,0,20,3780
19572.0,9408.56558222199,0.0,0,20,3780
19573.0,9408.56558222199,0.0,0,20,3780
19574.0,9408.56558222199,0.0,0,20,3780
19575.0,9408.56558222199,0.0,0,20,3780
19576.0,9408.56558222199,0.0,0,20,3780
19577.0,9408.56558222199,0.0,0,20,3780
19578.0,9408.56558222199,0.0,0,20,3780
19579.0,9408.56558222199,0.0,0,20,3780
19580.0,9408.56558222199,0.0,0,20,3780
19581.0,9408.56558222199,0.0,0,20,3780
19582.0,9408.56558222199,0.0,0,20,3780
19583.0,9408.56558222199,0.0,0,20,3780
19584.0,9408.56558222199,0.0,0,20,3780
19585.0,9408.56558222199,0.0,0,20,3780
19586.0,9408.56558222199,0.0,0,20,3780
19587.0,9408.56558222199,0.0,0,20,3780
19588.0,9408.56558222199,0.0,0,20,3780
19589.0,9408.56558222199,0.0,0,20,3780
19590.0,9408.56558222199,0.0,0,20,3780
19591.0,9408.56558222199,0.0,0,20,3780
19592.0,9408.56558222199,0.0,0,20,3780
19593.0,9408.56558222199,0.0,0,20,3780
19594.0,9408.56558222199,0.0,0,20,3780
19595.0,9408.56558222199,0.0,0,20,3780
19596.0,9408.56558222199,0.0,0,20,3780
19597.0,9408.56558222199,0.0,0,20,3780
19598.0,9408.56558222199,0.0,0,20,3780
19599.0,9408.56558222199,0.0,0,20,3780
19600.0,9408.56558222199,0.0,0,20,3780
19601.0,9408.56558222199,0.0,0,20,3780
19602.0,9408.56558222199,0.0,0,20,3780
19603.0,9408.56558222199,0.0,0,20,3780
19604.0,9408.56558222199,0.0,0,20,3780
19605.0,9408.56558222199,0.0,0,20,3780
19606.0,9408.56558222199,0.0,0,20,3780
19607.0,9408.56558222199,0.0,0,20,3780
19608.0,9408.56558222199,0.0,0,20,3780
19609.0,9408.56558222199,0.0,0,20,3780
19610.0,9408.56558222199,0.0,0,20,3780
19611.0,9408.56558222199,0.0,0,20,3780
19612.0,9408.56558222199,0.0,0,20,3780
19613.0,9408.56558222199,0.0,0,20,3780
19614.0,9408.56558222199,0.0,0,20,3780
19615.0,9408.56558222199,0.0,0,20,3780
19616.0,9408.56558222199,0.0,0,20,3780
19617.0,9408.56558222199,0.0,0,20,3780
19618.0,9408.56558222199,0.0,0,20,3780
19619.0,9408.56558222199,0.0,0,20,3780
19620.0,9408.56558222199,0.0,0,20,3780
19621.0,9408.56558222199,0.0,0,20,3780
19622.0,9408.56558222199,0.0,0,20,3780
19623.0,9408.56558222199,0.0,0,20,3780
19624.0,9408.56558222199,0.0,0,20,3780
19625.0,9408.56558222199,0.0,0,20,3780
19626.0,9408.56558222199,0.0,0,20,3780
19627.0,9408.56558222199,0.0,0,20,3780
19628.0,9408.56558222199,0.0,0,20,3780
19629.0,9408.56558222199,0.0,0,20,3780
19630.0,9408.56558222199,0.0,0,20,3780
19631.0,9408.56558222199,0.0,0,20,3780
19632.0,9408.56558222199,0.0,0,20,3780
19633.0,9408.56558222199,0.0,0,20,3780
19634.0,9408.56558222199,0.0,0,20,3780
19635.0,9408.56558222199,0.0,0,20,3780
19636.0,9408.56558222199,0.0,0,20,3780
19637.0,9408.56558222199,0.0,0,20,3780
19638.0,9408.56558222199,0.0,0,20,3780
19639.0,9408.56558222199,0.0,0,20,3780
19640.0,9408.56558222199,0.0,0,20,3780
19641.0,9408.56558222199,0.0,0,20,3780
19642.0,9408.56558222199,0.0,0,20,3780
19643.0,9408.56558222199,0.0,0,20,3780
19644.0,9408.56558222199,0.0,0,20,3780
19645.0,9408.56558222199,0.0,0,20,3780
19646.0,9408.56558222199,0.0,0,20,3780
19647.0,9408.56558222199,0.0,0,20,3780
19648.0,9408.56558222199,0.0,0,20,3780
19649.0,9408.56558222199,0.0,0,20,3780
19650.0,9408.56558222199,0.0,0,20,3780
19651.0,9408.56558222199,0.0,0,20,3780
19652.0,9408.56558222199,0.0,0,20,3780
19653.0,9408.56558222199,0.0,0,20,3780
19654.0,9408.56558222199,0.0,0,20,3780
19655.0,9408.56558222199,0.0,0,20,3780
19656.0,9408.56558222199,0.0,0,20,3780
19657.0,9408.56558222199,0.0,0,20,3780
19658.0,9408.56558222199,0.0,0,20,3780
19659.0,9408.56558222199,0.0,0,20,3780
19660.0,9408.56558222199,0.0,0,20,3780
19661.0,9408.56558222199,0.0,0,20,3780
19662.0,9408.56558222199,0.0,0,20,3780
19663.0,9408.56558222199,0.0,0,20,3780
19664.0,9408.56558222199,0.0,0,20,3780
19665.0,9408.56558222199,0.0,0,20,3780
19666.0,9408.56558222199,0.0,0,20,3780
19667.0,9408.56558222199,0.0,0,20,3780
19668.0,9408.56558222199,0.0,0,20,3780
19669.0,9408.56558222199,0.0,0,20,3780
19670.0,9408.56558222199,0.0,0,20,3780
19671.0,9408.56558222199,0.0,0,20,3780
19672.0,9408.56558222199,0.0,0,20,3780
19673.0,9408.56558222199,0.0,0,20,3780
19674.0,9408.56558222199,0.0,0,20,3780
19675.0,9408.56558222199,0.0,0,20,3780
19676.0,9408.56558222199,0.0,0,20,3780
19677.0,9408.56558222199,0.0,0,20,3780
19678.0,9408.56558222199,0.0,0,20,3780
19679.0,9408.56558222199,0.0,0,20,3780
19680.0,9408.56558222199,0.0,0,20,3780
19681.0,9408.56558222199,0.0,0,20,3780
19682.0,9408.56558222199,0.0,0,20,3780
19683.0,9408.56558222199,0.0,0,20,3780
19684.0,9408.56558222199,0.0,0,20,3780
19685.0,9408.56558222199,0.0,0,20,3780
19686.0,9408.56558222199,0.0,0,20,3780
19687.0,9408.56558222199,0.0,0,20,3780
19688.0,9408.56558222199,0.0,0,20,3780
19689.0,9408.56558222199,0.0,0,20,3780
19690.0,9408.56558222199,0.0,0,20,3780
19691.0,9408.56558222199,0.0,0,20,3780
19692.0,9408.56558222199,0.0,0,20,3780
19693.0,9408.56558222199,0.0,0,20,3780
19694.0,9408.56558222199,0.0,0,20,3780
19695.0,9408.56558222199,0.0,0,20,3780
19696.0,9408.56558222199,0.0,0,20,3780
19697.0,9408.56558222199,0.0,0,20,3780
19698.0,9408.56558222199,0.0,0,20,3780
19699.0,9408.56558222199,0.0,0,20,3780
19700.0,9408.56558222199,0.0,0,20,3780
19701.0,9408.56558222199,0.0,0,20,3780
19702.0,9408.56558222199,0.0,0,20,3780
19703.0,9408.56558222199,0.0,0,20,3780
19704.0,9408.56558222199,0.0,0,20,3780
19705.0,9408.56558222199,0.0,0,20,3780
19706.0,9408.56558222199,0.0,0,20,3780
19707.0,9408.56558222199,0.0,0,20,3780
19708.0,9408.56558222199,0.0,0,20,3780
19709.0,9408.56558222199,0.0,0,20,3780
19710.0,9408.56558222199,0.0,0,20,3780
19711.0,9408.56558222199,0.0,0,20,3780
19712.0,9408.56558222199,0.0,0,20,3780
19713.0,9408.56558222199,0.0,0,20,3780
19714.0,9408.56558222199,0.0,0,20,3780
19715.0,9408.56558222199,0.0,0,20,3780
19716.0,9408.56558222199,0.0,0,20,3780
19717.0,9408.56558222199,0.0,0,20,3780
19718.0,9408.56558222199,0.0,0,20,3780
19719.0,9408.56558222199,0.0,0,20,3780
19720.0,9408.56558222199,0.0,0,20,3780
19721.0,9408.56558222199,0.0,0,20,3780
19722.0,9408.56558222199,0.0,0,20,3780
19723.0,9408.56558222199,0.0,0,20,3780
19724.0,9408.56558222199,0.0,0,20,3780
19725.0,9408.56558222199,0.0,0,20,3780
19726.0,9408.56558222199,0.0,0,20,3780
19727.0,9408.56558222199,0.0,0,20,3780
19728.0,9408.56558222199,0.0,0,20,3780
19729.0,9408.56558222199,0.0,0,20,3780
19730.0,9408.56558222199,0.0,0,20,3780
19731.0,9408.56558222199,0.0,0,20,3780
19732.0,9408.56558222199,0.0,0,20,3780
19733.0,9408.56558222199,0.0,0,20,3780
19734.0,9408.56558222199,0.0,0,20,3780
19735.0,9408.56558222199,0.0,0,20,3780
19736.0,9408.56558222199,0.0,0,20,3780
19737.0,9408.56558222199,0.0,0,20,3780
19738.0,9408.56558222199,0.0,0,20,3780
19739.0,9408.56558222199,0.0,0,20,3780
19740.0,9408.56558222199,0.0,0,20,3780
19741.0,9408.56558222199,0.0,0,20,3780
19742.0,9408.56558222199,0.0,0,20,3780
19743.0,9408.56558222199,0.0,0,20,3780
19744.0,9408.56558222199,0.0,0,20,3780
19745.0,9408.56558222199,0.0,0,20,3780
19746.0,9408.56558222199,0.0,0,20,3780
19747.0,9408.56558222199,0.0,0,20,3780
19748.0,9408.56558222199,0.0,0,20,3780
19749.0,9408.56558222199,0.0,0,20,3780
19750.0,9408.56558222199,0.0,0,20,3780
19751.0,9408.56558222199,0.0,0,20,3780
19752.0,9408.56558222199,0.0,0,20,3780
19753.0,9408.56558222199,0.0,0,20,3780
19754.0,9408.56558222199,0.0,0,20,3780
19755.0,9408.56558222199,0.0,0,20,3780
19756.0,9408.56558222199,0.0,0,20,3780
19757.0,9408.56558222199,0.0,0,20,3780
19758.0,9408.56558222199,0.0,0,20,3780
19759.0,9408.56558222199,0.0,0,20,3780
19760.0,9408.56558222199,0.0,0,20,3780
19761.0,9408.56558222199,0.0,0,20,3780
19762.0,9408.56558222199,0.0,0,20,3780
19763.0,9408.56558222199,0.0,0,20,3780
19764.0,9408.56558222199,0.0,0,20,3780
19765.0,9408.56558222199,0.0,0,20,3780
19766.0,9408.56558222199,0.0,0,20,3780
19767.0,9408.56558222199,0.0,0,20,3780
19768.0,9408.56558222199,0.0,0,20,3780
19769.0,9408.56558222199,0.0,0,20,3780
19770.0,9408.56558222199,0.0,0,20,3780
19771.0,9408.56558222199,0.0,0,20,3780
19772.0,9408.56558222199,0.0,0,20,3780
19773.0,9408.56558222199,0.0,0,20,3780
19774.0,9408.56558222199,0.0,0,20,3780
19775.0,9408.56558222199,0.0,0,20,3780
19776.0,9408.56558222199,0.0,0,20,3780
19777.0,9408.56558222199,0.0,0,20,3780
19778.0,9408.56558222199,0.0,0,20,3780
19779.0,9408.56558222199,0.0,0,20,3780
19780.0,9408.56558222199,0.0,0,20,3780
19781.0,9408.56558222199,0.0,0,20,3780
19782.0,9408.56558222199,0.0,0,20,3780
19783.0,9408.56558222199,0.0,0,20,3780
19784.0,9408.56558222199,0.0,0,20,3780
19785.0,9408.56558222199,0.0,0,20,3780
19786.0,9408.56558222199,0.0,0,20,3780
19787.0,9408.56558222199,0.0,0,20,3780
19788.0,9408.56558222199,0.0,0,20,3780
19789.0,9408.56558222199,0.0,0,20,3780
19790.0,9408.56558222199,0.0,0,20,3780
19791.0,9408.56558222199,0.0,0,20,3780
19792.0,9408.56558222199,0.0,0,20,3780
19793.0,9408.56558222199,0.0,0,20,3780
19794.0,9408.56558222199,0.0,0,20,3780
19795.0,9408.56558222199,0.0,0,20,3780
19796.0,9408.56558222199,0.0,0,20,3780
19797.0,9408.56558222199,0.0,0,20,3780
19798.0,9408.56558222199,0.0,0,20,3780
19799.0,9408.56558222199,0.0,0,20,3780
19800.0,9408.56558222199,0.0,0,20,3780
19801.0,9408.56558222199,0.0,0,20,3780
19802.0,9408.56558222199,0.0,0,20,3780
19803.0,9408.56558222199,0.0,0,20,3780
19804.0,9408.56558222199,0.0,0,20,3780
19805.0,9408.56558222199,0.0,0,20,3780
19806.0,9408.56558222199,0.0,0,20,3780
19807.0,9408.56558222199,0.0,0,20,3780
19808.0,9408.56558222199,0.0,0,20,3780
19809.0,9408.56558222199,0.0,0,20,3780
19810.0,9408.56558222199,0.0,0,20,3780
19811.0,9408.56558222199,0.0,0,20,3780
19812.0,9408.56558222199,0.0,0,20,3780
19813.0,9408.56558222199,0.0,0,20,3780
19814.0,9408.56558222199,0.0,0,20,3780
19815.0,9408.56558222199,0.0,0,20,3780
19816.0,9408.56558222199,0.0,0,20,3780
19817.0,9408.56558222199,0.0,0,20,3780
19818.0,9408.56558222199,0.0,0,20,3780
19819.0,9408.56558222199,0.0,0,20,3780
19820.0,9408.56558222199,0.0,0,20,3780
19821.0,9408.56558222199,0.0,0,20,3780
19822.0,9408.56558222199,0.0,0,20,3780
19823.0,9408.56558222199,0.0,0,20,3780
19824.0,9408.56558222199,0.0,0,20,3780
19825.0,9408.56558222199,0.0,0,20,3780
19826.0,9408.56558222199,0.0,0,20,3780
19827.0,9408.56558222199,0.0,0,20,3780
19828.0,9408.56558222199,0.0,0,20,3780
19829.0,9408.56558222199,0.0,0,20,3780
19830.0,9408.56558222199,0.0,0,20,3780
19831.0,9408.56558222199,0.0,0,20,3780
19832.0,9408.56558222199,0.0,0,20,3780
19833.0,9408.56558222199,0.0,0,20,3780
19834.0,9408.56558222199,0.0,0,20,3780
19835.0,9408.56558222199,0.0,0,20,3780
19836.0,9408.56558222199,0.0,0,20,3780
19837.0,9408.56558222199,0.0,0,20,3780
19838.0,9408.56558222199,0.0,0,20,3780
19839.0,9408.56558222199,0.0,0,20,3780
19840.0,9408.56558222199,0.0,0,20,3780
19841.0,9408.56558222199,0.0,0,20,3780
19842.0,9408.56558222199,0.0,0,20,3780
19843.0,9408.56558222199,0.0,0,20,3780
19844.0,9408.56558222199,0.0,0,20,3780
19845.0,9408.56558222199,0.0,0,20,3780
19846.0,9408.56558222199,0.0,0,20,3780
19847.0,9408.56558222199,0.0,0,20,3780
19848.0,9408.56558222199,0.0,0,20,3780
19849.0,9408.56558222199,0.0,0,20,3780
19850.0,9408.56558222199,0.0,0,20,3780
19851.0,9408.56558222199,0.0,0,20,3780
19852.0,9408.56558222199,0.0,0,20,3780
19853.0,9408.56558222199,0.0,0,20,3780
19854.0,9408.56558222199,0.0,0,20,3780
19855.0,9408.56558222199,0.0,0,20,3780
19856.0,9408.56558222199,0.0,0,20,3780
19857.0,9408.56558222199,0.0,0,20,3780
19858.0,9408.56558222199,0.0,0,20,3780
19859.0,9408.56558222199,0.0,0,20,3780
19860.0,9408.56558222199,0.0,0,20,3780
19861.0,9408.56558222199,0.0,0,20,3780
19862.0,9408.56558222199,0.0,0,20,3780
19863.0,9408.56558222199,0.0,0,20,3780
19864.0,9408.56558222199,0.0,0,20,3780
19865.0,9408.56558222199,0.0,0,20,3780
19866.0,9408.56558222199,0.0,0,20,3780
19867.0,9408.56558222199,0.0,0,20,3780
19868.0,9408.56558222199,0.0,0,20,3780
19869.0,9408.56558222199,0.0,0,20,3780
19870.0,9408.56558222199,0.0,0,20,3780
19871.0,9408.56558222199,0.0,0,20,3780
19872.0,9408.56558222199,0.0,0,20,3780
19873.0,9408.56558222199,0.0,0,20,3780
19874.0,9408.56558222199,0.0,0,20,3780
19875.0,9408.56558222199,0.0,0,20,3780
19876.0,9408.56558222199,0.0,0,20,3780
19877.0,9408.56558222199,0.0,0,20,3780
19878.0,9408.56558222199,0.0,0,20,3780
19879.0,9408.56558222199,0.0,0,20,3780
19880.0,9408.56558222199,0.0,0,20,3780
19881.0,9408.56558222199,0.0,0,20,3780
19882.0,9408.56558222199,0.0,0,20,3780
19883.0,9408.56558222199,0.0,0,20,3780
19884.0,9408.56558222199,0.0,0,20,3780
19885.0,9408.56558222199,0.0,0,20,3780
19886.0,9408.56558222199,0.0,0,20,3780
19887.0,9408.56558222199,0.0,0,20,3780
19888.0,9408.56558222199,0.0,0,20,3780
19889.0,9408.56558222199,0.0,0,20,3780
19890.0,9408.56558222199,0.0,0,20,3780
19891.0,9408.56558222199,0.0,0,20,3780
19892.0,9408.56558222199,0.0,0,20,3780
19893.0,9408.56558222199,0.0,0,20,3780
19894.0,9408.56558222199,0.0,0,20,3780
19895.0,9408.56558222199,0.0,0,20,3780
19896.0,9408.56558222199,0.0,0,20,3780
19897.0,9408.56558222199,0.0,0,20,3780
19898.0,9408.56558222199,0.0,0,20,3780
19899.0,9408.56558222199,0.0,0,20,3780
19900.0,9408.56558222199,0.0,0,20,3780
19901.0,9408.56558222199,0.0,0,20,3780
19902.0,9408.56558222199,0.0,0,20,3780
19903.0,9408.56558222199,0.0,0,20,3780
19904.0,9408.56558222199,0.0,0,20,3780
19905.0,9408.56558222199,0.0,0,20,3780
19906.0,9408.56558222199,0.0,0,20,3780
19907.0,9408.56558222199,0.0,0,20,3780
19908.0,9408.56558222199,0.0,0,20,3780
19909.0,9408.56558222199,0.0,0,20,3780
19910.0,9408.56558222199,0.0,0,20,3780
19911.0,9408.56558222199,0.0,0,20,3780
19912.0,9408.56558222199,0.0,0,20,3780
19913.0,9408.56558222199,0.0,0,20,3780
19914.0,9408.56558222199,0.0,0,20,3780
19915.0,9408.56558222199,0.0,0,20,3780
19916.0,9408.56558222199,0.0,0,20,3780
19917.0,9408.56558222199,0.0,0,20,3780
19918.0,9408.56558222199,0.0,0,20,3780
19919.0,9408.56558222199,0.0,0,20,3780
19920.0,9408.56558222199,0.0,0,20,3780
19921.0,9408.56558222199,0.0,0,20,3780
19922.0,9408.56558222199,0.0,0,20,3780
19923.0,9408.56558222199,0.0,0,20,3780
19924.0,9408.56558222199,0.0,0,20,3780
19925.0,9408.56558222199,0.0,0,20,3780
19926.0,9408.56558222199,0.0,0,20,3780
19927.0,9408.56558222199,0.0,0,20,3780
19928.0,9408.56558222199,0.0,0,20,3780
19929.0,9408.56558222199,0.0,0,20,3780
19930.0,9408.56558222199,0.0,0,20,3780
19931.0,9408.56558222199,0.0,0,20,3780
19932.0,9408.56558222199,0.0,0,20,3780
19933.0,9408.56558222199,0.0,0,20,3780
19934.0,9408.56558222199,0.0,0,20,3780
19935.0,9408.56558222199,0.0,0,20,3780
19936.0,9408.56558222199,0.0,0,20,3780
19937.0,9408.56558222199,0.0,0,20,3780
19938.0,9408.56558222199,0.0,0,20,3780
19939.0,9408.56558222199,0.0,0,20,3780
19940.0,9408.56558222199,0.0,0,20,3780
19941.0,9408.56558222199,0.0,0,20,3780
19942.0,9408.56558222199,0.0,0,20,3780
19943.0,9408.56558222199,0.0,0,20,3780
19944.0,9408.56558222199,0.0,0,20,3780
19945.0,9408.56558222199,0.0,0,20,3780
19946.0,9408.56558222199,0.0,0,20,3780
19947.0,9408.56558222199,0.0,0,20,3780
19948.0,9408.56558222199,0.0,0,20,3780
19949.0,9408.56558222199,0.0,0,20,3780
19950.0,9408.56558222199,0.0,0,20,3780
19951.0,9408.56558222199,0.0,0,20,3780
19952.0,9408.56558222199,0.0,0,20,3780
19953.0,9408.56558222199,0.0,0,20,3780
19954.0,9408.56558222199,0.0,0,20,3780
19955.0,9408.56558222199,0.0,0,20,3780
19956.0,9408.56558222199,0.0,0,20,3780
19957.0,9408.56558222199,0.0,0,20,3780
19958.0,9408.56558222199,0.0,0,20,3780
19959.0,9408.56558222199,0.0,0,20,3780
19960.0,9408.56558222199,0.0,0,20,3780
19961.0,9408.56558222199,0.0,0,20,3780
19962.0,9408.56558222199,0.0,0,20,3780
19963.0,9408.56558222199,0.0,0,20,3780
19964.0,9408.56558222199,0.0,0,20,3780
19965.0,9408.56558222199,0.0,0,20,3780
19966.0,9408.56558222199,0.0,0,20,3780
19967.0,9408.56558222199,0.0,0,20,3780
19968.0,9408.56558222199,0.0,0,20,3780
19969.0,9408.56558222199,0.0,0,20,3780
19970.0,9408.56558222199,0.0,0,20,3780
19971.0,9408.56558222199,0.0,0,20,3780
19972.0,9408.56558222199,0.0,0,20,3780
19973.0,9408.56558222199,0.0,0,20,3780
19974.0,9408.56558222199,0.0,0,20,3780
19975.0,9408.56558222199,0.0,0,20,3780
19976.0,9408.56558222199,0.0,0,20,3780
19977.0,9408.56558222199,0.0,0,20,3780
19978.0,9408.56558222199,0.0,0,20,3780
19979.0,9408.56558222199,0.0,0,20,3780
19980.0,9408.56558222199,0.0,0,20,3780
19981.0,9408.56558222199,0.0,0,20,3780
19982.0,9408.56558222199,0.0,0,20,3780
19983.0,9408.56558222199,0.0,0,20,3780
19984.0,9408.56558222199,0.0,0,20,3780
19985.0,9408.56558222199,0.0,0,20,3780
19986.0,9408.56558222199,0.0,0,20,3780
19987.0,9408.56558222199,0.0,0,20,3780
19988.0,9408.56558222199,0.0,0,20,3780
19989.0,9408.56558222199,0.0,0,20,3780
19990.0,9408.56558222199,0.0,0,20,3780
19991.0,9408.56558222199,0.0,0,20,3780
19992.0,9408.56558222199,0.0,0,20,3780
19993.0,9408.56558222199,0.0,0,20,3780
19994.0,9408.56558222199,0.0,0,20,3780
19995.0,9408.56558222199,0.0,0,20,3780
19996.0,9408.56558222199,0.0,0,20,3780
19997.0,9408.56558222199,0.0,0,20,3780
19998.0,9408.56558222199,0.0,0,20,3780
19999.0,9408.56558222199,0.0,0,20,3780
20000.0,9408.56558222199,0.0,0,20,3780
20001.0,9408.56558222199,0.0,0,20,3780
20002.0,9408.56558222199,0.0,0,20,3780
20003.0,9408.56558222199,0.0,0,20,3780
20004.0,9408.56558222199,0.0,0,20,3780
20005.0,9408.56558222199,0.0,0,20,3780
20006.0,9408.56558222199,0.0,0,20,3780
20007.0,9408.56558222199,0.0,0,20,3780
20008.0,9408.56558222199,0.0,0,20,3780
20009.0,9408.56558222199,0.0,0,20,3780
20010.0,9408.56558222199,0.0,0,20,3780
20011.0,9408.56558222199,0.0,0,20,3780
20012.0,9408.56558222199,0.0,0,20,3780
20013.0,9408.56558222199,0.0,0,20,3780
20014.0,9408.56558222199,0.0,0,20,3780
20015.0,9408.56558222199,0.0,0,20,3780
20016.0,9408.56558222199,0.0,0,20,3780
20017.0,9408.56558222199,0.0,0,20,3780
20018.0,9408.56558222199,0.0,0,20,3780
20019.0,9408.56558222199,0.0,0,20,3780
20020.0,9408.56558222199,0.0,0,20,3780
20021.0,9408.56558222199,0.0,0,20,3780
20022.0,9408.56558222199,0.0,0,20,3780
20023.0,9408.56558222199,0.0,0,20,3780
20024.0,9408.56558222199,0.0,0,20,3780
20025.0,9408.56558222199,0.0,0,20,3780
20026.0,9408.56558222199,0.0,0,20,3780
20027.0,9408.56558222199,0.0,0,20,3780
20028.0,9408.56558222199,0.0,0,20,3780
20029.0,9408.56558222199,0.0,0,20,3780
20030.0,9408.56558222199,0.0,0,20,3780
20031.0,9408.56558222199,0.0,0,20,3780
20032.0,9408.56558222199,0.0,0,20,3780
20033.0,9408.56558222199,0.0,0,20,3780
20034.0,9408.56558222199,0.0,0,20,3780
20035.0,9408.56558222199,0.0,0,20,3780
20036.0,9408.56558222199,0.0,0,20,3780
20037.0,9408.56558222199,0.0,0,20,3780
20038.0,9408.56558222199,0.0,0,20,3780
20039.0,9408.56558222199,0.0,0,20,3780
20040.0,9408.56558222199,0.0,0,20,3780
20041.0,9408.56558222199,0.0,0,20,3780
20042.0,9408.56558222199,0.0,0,20,3780
20043.0,9408.56558222199,0.0,0,20,3780
20044.0,9408.56558222199,0.0,0,20,3780
20045.0,9408.56558222199,0.0,0,20,3780
20046.0,9408.56558222199,0.0,0,20,3780
20047.0,9408.56558222199,0.0,0,20,3780
20048.0,9408.56558222199,0.0,0,20,3780
20049.0,9408.56558222199,0.0,0,20,3780
20050.0,9408.56558222199,0.0,0,20,3780
20051.0,9408.56558222199,0.0,0,20,3780
20052.0,9408.56558222199,0.0,0,20,3780
20053.0,9408.56558222199,0.0,0,20,3780
20054.0,9408.56558222199,0.0,0,20,3780
20055.0,9408.56558222199,0.0,0,20,3780
20056.0,9408.56558222199,0.0,0,20,3780
20057.0,9408.56558222199,0.0,0,20,3780
20058.0,9408.56558222199,0.0,0,20,3780
20059.0,9408.56558222199,0.0,0,20,3780
20060.0,9408.56558222199,0.0,0,20,3780
20061.0,9408.56558222199,0.0,0,20,3780
20062.0,9408.56558222199,0.0,0,20,3780
20063.0,9408.56558222199,0.0,0,20,3780
20064.0,9408.56558222199,0.0,0,20,3780
20065.0,9408.56558222199,0.0,0,20,3780
20066.0,9408.56558222199,0.0,0,20,3780
20067.0,9408.56558222199,0.0,0,20,3780
20068.0,9408.56558222199,0.0,0,20,3780
20069.0,9408.56558222199,0.0,0,20,3780
20070.0,9408.56558222199,0.0,0,20,3780
20071.0,9408.56558222199,0.0,0,20,3780
20072.0,9408.56558222199,0.0,0,20,3780
20073.0,9408.56558222199,0.0,0,20,3780
20074.0,9408.56558222199,0.0,0,20,3780
20075.0,9408.56558222199,0.0,0,20,3780
20076.0,9408.56558222199,0.0,0,20,3780
20077.0,9408.56558222199,0.0,0,20,3780
20078.0,9408.56558222199,0.0,0,20,3780
20079.0,9408.56558222199,0.0,0,20,3780
20080.0,9408.56558222199,0.0,0,20,3780
20081.0,9408.56558222199,0.0,0,20,3780
20082.0,9408.56558222199,0.0,0,20,3780
20083.0,9408.56558222199,0.0,0,20,3780
20084.0,9408.56558222199,0.0,0,20,3780
20085.0,9408.56558222199,0.0,0,20,3780
20086.0,9408.56558222199,0.0,0,20,3780
20087.0,9408.56558222199,0.0,0,20,3780
20088.0,9408.56558222199,0.0,0,20,3780
20089.0,9408.56558222199,0.0,0,20,3780
20090.0,9408.56558222199,0.0,0,20,3780
20091.0,9408.56558222199,0.0,0,20,3780
20092.0,9408.56558222199,0.0,0,20,3780
20093.0,9408.56558222199,0.0,0,20,3780
20094.0,9408.56558222199,0.0,0,20,3780
20095.0,9408.56558222199,0.0,0,20,3780
20096.0,9408.56558222199,0.0,0,20,3780
20097.0,9408.56558222199,0.0,0,20,3780
20098.0,9408.56558222199,0.0,0,20,3780
20099.0,9408.56558222199,0.0,0,20,3780
20100.0,9408.56558222199,0.0,0,20,3780
20101.0,9408.56558222199,0.0,0,20,3780
20102.0,9408.56558222199,0.0,0,20,3780
20103.0,9408.56558222199,0.0,0,20,3780
20104.0,9408.56558222199,0.0,0,20,3780
20105.0,9408.56558222199,0.0,0,20,3780
20106.0,9408.56558222199,0.0,0,20,3780
20107.0,9408.56558222199,0.0,0,20,3780
20108.0,9408.56558222199,0.0,0,20,3780
20109.0,9408.56558222199,0.0,0,20,3780
20110.0,9408.56558222199,0.0,0,20,3780
20111.0,9408.56558222199,0.0,0,20,3780
20112.0,9408.56558222199,0.0,0,20,3780
20113.0,9408.56558222199,0.0,0,20,3780
20114.0,9408.56558222199,0.0,0,20,3780
20115.0,9408.56558222199,0.0,0,20,3780
20116.0,9408.56558222199,0.0,0,20,3780
20117.0,9408.56558222199,0.0,0,20,3780
20118.0,9408.56558222199,0.0,0,20,3780
20119.0,9408.56558222199,0.0,0,20,3780
20120.0,9408.56558222199,0.0,0,20,3780
20121.0,9408.56558222199,0.0,0,20,3780
20122.0,9408.56558222199,0.0,0,20,3780
20123.0,9408.56558222199,0.0,0,20,3780
20124.0,9408.56558222199,0.0,0,20,3780
20125.0,9408.56558222199,0.0,0,20,3780
20126.0,9408.56558222199,0.0,0,20,3780
20127.0,9408.56558222199,0.0,0,20,3780
20128.0,9408.56558222199,0.0,0,20,3780
20129.0,9408.56558222199,0.0,0,20,3780
20130.0,9408.56558222199,0.0,0,20,3780
20131.0,9408.56558222199,0.0,0,20,3780
20132.0,9408.56558222199,0.0,0,20,3780
20133.0,9408.56558222199,0.0,0,20,3780
20134.0,9408.56558222199,0.0,0,20,3780
20135.0,9408.56558222199,0.0,0,20,3780
20136.0,9408.56558222199,0.0,0,20,3780
20137.0,9408.56558222199,0.0,0,20,3780
20138.0,9408.56558222199,0.0,0,20,3780
20139.0,9408.56558222199,0.0,0,20,3780
20140.0,9408.56558222199,0.0,0,20,3780
20141.0,9408.56558222199,0.0,0,20,3780
20142.0,9408.56558222199,0.0,0,20,3780
20143.0,9408.56558222199,0.0,0,20,3780
20144.0,9408.56558222199,0.0,0,20,3780
20145.0,9408.56558222199,0.0,0,20,3780
20146.0,9408.56558222199,0.0,0,20,3780
20147.0,9408.56558222199,0.0,0,20,3780
20148.0,9408.56558222199,0.0,0,20,3780
20149.0,9408.56558222199,0.0,0,20,3780
20150.0,9408.56558222199,0.0,0,20,3780
20151.0,9408.56558222199,0.0,0,20,3780
20152.0,9408.56558222199,0.0,0,20,3780
20153.0,9408.56558222199,0.0,0,20,3780
20154.0,9408.56558222199,0.0,0,20,3780
20155.0,9408.56558222199,0.0,0,20,3780
20156.0,9408.56558222199,0.0,0,20,3780
20157.0,9408.56558222199,0.0,0,20,3780
20158.0,9408.56558222199,0.0,0,20,3780
20159.0,9408.56558222199,0.0,0,20,3780
20160.0,9408.56558222199,0.0,0,20,3780
20161.0,9408.56558222199,0.0,0,20,3780
20162.0,9408.56558222199,0.0,0,20,3780
20163.0,9408.56558222199,0.0,0,20,3780
20164.0,9408.56558222199,0.0,0,20,3780
20165.0,9408.56558222199,0.0,0,20,3780
20166.0,9408.56558222199,0.0,0,20,3780
20167.0,9408.56558222199,0.0,0,20,3780
20168.0,9408.56558222199,0.0,0,20,3780
20169.0,9408.56558222199,0.0,0,20,3780
20170.0,9408.56558222199,0.0,0,20,3780
20171.0,9408.56558222199,0.0,0,20,3780
20172.0,9408.56558222199,0.0,0,20,3780
20173.0,9408.56558222199,0.0,0,20,3780
20174.0,9408.56558222199,0.0,0,20,3780
20175.0,9408.56558222199,0.0,0,20,3780
20176.0,9408.56558222199,0.0,0,20,3780
20177.0,9408.56558222199,0.0,0,20,3780
20178.0,9408.56558222199,0.0,0,20,3780
20179.0,9408.56558222199,0.0,0,20,3780
20180.0,9408.56558222199,0.0,0,20,3780
20181.0,9408.56558222199,0.0,0,20,3780
20182.0,9408.56558222199,0.0,0,20,3780
20183.0,9408.56558222199,0.0,0,20,3780
20184.0,9408.56558222199,0.0,0,20,3780
20185.0,9408.56558222199,0.0,0,20,3780
20186.0,9408.56558222199,0.0,0,20,3780
20187.0,9408.56558222199,0.0,0,20,3780
20188.0,9408.56558222199,0.0,0,20,3780
20189.0,9408.56558222199,0.0,0,20,3780
20190.0,9408.56558222199,0.0,0,20,3780
20191.0,9408.56558222199,0.0,0,20,3780
20192.0,9408.56558222199,0.0,0,20,3780
20193.0,9408.56558222199,0.0,0,20,3780
20194.0,9408.56558222199,0.0,0,20,3780
20195.0,9408.56558222199,0.0,0,20,3780
20196.0,9408.56558222199,0.0,0,20,3780
20197.0,9408.56558222199,0.0,0,20,3780
20198.0,9408.56558222199,0.0,0,20,3780
20199.0,9408.56558222199,0.0,0,20,3780
20200.0,9408.56558222199,0.0,0,20,3780
20201.0,9408.56558222199,0.0,0,20,3780
20202.0,9408.56558222199,0.0,0,20,3780
20203.0,9408.56558222199,0.0,0,20,3780
20204.0,9408.56558222199,0.0,0,20,3780
20205.0,9408.56558222199,0.0,0,20,3780
20206.0,9408.56558222199,0.0,0,20,3780
20207.0,9408.56558222199,0.0,0,20,3780
20208.0,9408.56558222199,0.0,0,20,3780
20209.0,9408.56558222199,0.0,0,20,3780
20210.0,9408.56558222199,0.0,0,20,3780
20211.0,9408.56558222199,0.0,0,20,3780
20212.0,9408.56558222199,0.0,0,20,3780
20213.0,9408.56558222199,0.0,0,20,3780
20214.0,9408.56558222199,0.0,0,20,3780
20215.0,9408.56558222199,0.0,0,20,3780
20216.0,9408.56558222199,0.0,0,20,3780
20217.0,9408.56558222199,0.0,0,20,3780
20218.0,9408.56558222199,0.0,0,20,3780
20219.0,9408.56558222199,0.0,0,20,3780
20220.0,9408.56558222199,0.0,0,20,3780
20221.0,9408.56558222199,0.0,0,20,3780
20222.0,9408.56558222199,0.0,0,20,3780
20223.0,9408.56558222199,0.0,0,20,3780
20224.0,9408.56558222199,0.0,0,20,3780
20225.0,9408.56558222199,0.0,0,20,3780
20226.0,9408.56558222199,0.0,0,20,3780
20227.0,9408.56558222199,0.0,0,20,3780
20228.0,9408.56558222199,0.0,0,20,3780
20229.0,9408.56558222199,0.0,0,20,3780
20230.0,9408.56558222199,0.0,0,20,3780
20231.0,9408.56558222199,0.0,0,20,3780
20232.0,9408.56558222199,0.0,0,20,3780
20233.0,9408.56558222199,0.0,0,20,3780
20234.0,9408.56558222199,0.0,0,20,3780
20235.0,9408.56558222199,0.0,0,20,3780
20236.0,9408.56558222199,0.0,0,20,3780
20237.0,9408.56558222199,0.0,0,20,3780
20238.0,9408.56558222199,0.0,0,20,3780
20239.0,9408.56558222199,0.0,0,20,3780
20240.0,9408.56558222199,0.0,0,20,3780
20241.0,9408.56558222199,0.0,0,20,3780
20242.0,9408.56558222199,0.0,0,20,3780
20243.0,9408.56558222199,0.0,0,20,3780
20244.0,9408.56558222199,0.0,0,20,3780
20245.0,9408.56558222199,0.0,0,20,3780
20246.0,9408.56558222199,0.0,0,20,3780
20247.0,9408.56558222199,0.0,0,20,3780
20248.0,9408.56558222199,0.0,0,20,3780
20249.0,9408.56558222199,0.0,0,20,3780
20250.0,9408.56558222199,0.0,0,20,3780
20251.0,9408.56558222199,0.0,0,20,3780
20252.0,9408.56558222199,0.0,0,20,3780
20253.0,9408.56558222199,0.0,0,20,3780
20254.0,9408.56558222199,0.0,0,20,3780
20255.0,9408.56558222199,0.0,0,20,3780
20256.0,9408.56558222199,0.0,0,20,3780
20257.0,9408.56558222199,0.0,0,20,3780
20258.0,9408.56558222199,0.0,0,20,3780
20259.0,9408.56558222199,0.0,0,20,3780
20260.0,9408.56558222199,0.0,0,20,3780
20261.0,9408.56558222199,0.0,0,20,3780
20262.0,9408.56558222199,0.0,0,20,3780
20263.0,9408.56558222199,0.0,0,20,3780
20264.0,9408.56558222199,0.0,0,20,3780
20265.0,9408.56558222199,0.0,0,20,3780
20266.0,9408.56558222199,0.0,0,20,3780
20267.0,9408.56558222199,0.0,0,20,3780
20268.0,9408.56558222199,0.0,0,20,3780
20269.0,9408.56558222199,0.0,0,20,3780
20270.0,9408.56558222199,0.0,0,20,3780
20271.0,9408.56558222199,0.0,0,20,3780
20272.0,9408.56558222199,0.0,0,20,3780
20273.0,9408.56558222199,0.0,0,20,3780
20274.0,9408.56558222199,0.0,0,20,3780
20275.0,9408.56558222199,0.0,0,20,3780
20276.0,9408.56558222199,0.0,0,20,3780
20277.0,9408.56558222199,0.0,0,20,3780
20278.0,9408.56558222199,0.0,0,20,3780
20279.0,9408.56558222199,0.0,0,20,3780
20280.0,9408.56558222199,0.0,0,20,3780
20281.0,9408.56558222199,0.0,0,20,3780
20282.0,9408.56558222199,0.0,0,20,3780
20283.0,9408.56558222199,0.0,0,20,3780
20284.0,9408.56558222199,0.0,0,20,3780
20285.0,9408.56558222199,0.0,0,20,3780
20286.0,9408.56558222199,0.0,0,20,3780
20287.0,9408.56558222199,0.0,0,20,3780
20288.0,9408.56558222199,0.0,0,20,3780
20289.0,9408.56558222199,0.0,0,20,3780
20290.0,9408.56558222199,0.0,0,20,3780
20291.0,9408.56558222199,0.0,0,20,3780
20292.0,9408.56558222199,0.0,0,20,3780
20293.0,9408.56558222199,0.0,0,20,3780
20294.0,9408.56558222199,0.0,0,20,3780
20295.0,9408.56558222199,0.0,0,20,3780
20296.0,9408.56558222199,0.0,0,20,3780
20297.0,9408.56558222199,0.0,0,20,3780
20298.0,9408.56558222199,0.0,0,20,3780
20299.0,9408.56558222199,0.0,0,20,3780
20300.0,9408.56558222199,0.0,0,20,3780
20301.0,9408.56558222199,0.0,0,20,3780
20302.0,9408.56558222199,0.0,0,20,3780
20303.0,9408.56558222199,0.0,0,20,3780
20304.0,9408.56558222199,0.0,0,20,3780
20305.0,9408.56558222199,0.0,0,20,3780
20306.0,9408.56558222199,0.0,0,20,3780
20307.0,9408.56558222199,0.0,0,20,3780
20308.0,9408.56558222199,0.0,0,20,3780
20309.0,9408.56558222199,0.0,0,20,3780
20310.0,9408.56558222199,0.0,0,20,3780
20311.0,9408.56558222199,0.0,0,20,3780
20312.0,9408.56558222199,0.0,0,20,3780
20313.0,9408.56558222199,0.0,0,20,3780
20314.0,9408.56558222199,0.0,0,20,3780
20315.0,9408.56558222199,0.0,0,20,3780
20316.0,9408.56558222199,0.0,0,20,3780
20317.0,9408.56558222199,0.0,0,20,3780
20318.0,9408.56558222199,0.0,0,20,3780
20319.0,9408.56558222199,0.0,0,20,3780
20320.0,9408.56558222199,0.0,0,20,3780
20321.0,9408.56558222199,0.0,0,20,3780
20322.0,9408.56558222199,0.0,0,20,3780
20323.0,9408.56558222199,0.0,0,20,3780
20324.0,9408.56558222199,0.0,0,20,3780
20325.0,9408.56558222199,0.0,0,20,3780
20326.0,9408.56558222199,0.0,0,20,3780
20327.0,9408.56558222199,0.0,0,20,3780
20328.0,9408.56558222199,0.0,0,20,3780
20329.0,9408.56558222199,0.0,0,20,3780
20330.0,9408.56558222199,0.0,0,20,3780
20331.0,9408.56558222199,0.0,0,20,3780
20332.0,9408.56558222199,0.0,0,20,3780
20333.0,9408.56558222199,0.0,0,20,3780
20334.0,9408.56558222199,0.0,0,20,3780
20335.0,9408.56558222199,0.0,0,20,3780
20336.0,9408.56558222199,0.0,0,20,3780
20337.0,9408.56558222199,0.0,0,20,3780
20338.0,9408.56558222199,0.0,0,20,3780
20339.0,9408.56558222199,0.0,0,20,3780
20340.0,9408.56558222199,0.0,0,20,3780
20341.0,9408.56558222199,0.0,0,20,3780
20342.0,9408.56558222199,0.0,0,20,3780
20343.0,9408.56558222199,0.0,0,20,3780
20344.0,9408.56558222199,0.0,0,20,3780
20345.0,9408.56558222199,0.0,0,20,3780
20346.0,9408.56558222199,0.0,0,20,3780
20347.0,9408.56558222199,0.0,0,20,3780
20348.0,9408.56558222199,0.0,0,20,3780
20349.0,9408.56558222199,0.0,0,20,3780
20350.0,9408.56558222199,0.0,0,20,3780
20351.0,9408.56558222199,0.0,0,20,3780
20352.0,9408.56558222199,0.0,0,20,3780
20353.0,9408.56558222199,0.0,0,20,3780
20354.0,9408.56558222199,0.0,0,20,3780
20355.0,9408.56558222199,0.0,0,20,3780
20356.0,9408.56558222199,0.0,0,20,3780
20357.0,9408.56558222199,0.0,0,20,3780
20358.0,9408.56558222199,0.0,0,20,3780
20359.0,9408.56558222199,0.0,0,20,3780
20360.0,9408.56558222199,0.0,0,20,3780
20361.0,9408.56558222199,0.0,0,20,3780
20362.0,9408.56558222199,0.0,0,20,3780
20363.0,9408.56558222199,0.0,0,20,3780
20364.0,9408.56558222199,0.0,0,20,3780
20365.0,9408.56558222199,0.0,0,20,3780
20366.0,9408.56558222199,0.0,0,20,3780
20367.0,9408.56558222199,0.0,0,20,3780
20368.0,9408.56558222199,0.0,0,20,3780
20369.0,9408.56558222199,0.0,0,20,3780
20370.0,9408.56558222199,0.0,0,20,3780
20371.0,9408.56558222199,0.0,0,20,3780
20372.0,9408.56558222199,0.0,0,20,3780
20373.0,9408.56558222199,0.0,0,20,3780
20374.0,9408.56558222199,0.0,0,20,3780
20375.0,9408.56558222199,0.0,0,20,3780
20376.0,9408.56558222199,0.0,0,20,3780
20377.0,9408.56558222199,0.0,0,20,3780
20378.0,9408.56558222199,0.0,0,20,3780
20379.0,9408.56558222199,0.0,0,20,3780
20380.0,9408.56558222199,0.0,0,20,3780
20381.0,9408.56558222199,0.0,0,20,3780
20382.0,9408.56558222199,0.0,0,20,3780
20383.0,9408.56558222199,0.0,0,20,3780
20384.0,9408.56558222199,0.0,0,20,3780
20385.0,9408.56558222199,0.0,0,20,3780
20386.0,9408.56558222199,0.0,0,20,3780
20387.0,9408.56558222199,0.0,0,20,3780
20388.0,9408.56558222199,0.0,0,20,3780
20389.0,9408.56558222199,0.0,0,20,3780
20390.0,9408.56558222199,0.0,0,20,3780
20391.0,9408.56558222199,0.0,0,20,3780
20392.0,9408.56558222199,0.0,0,20,3780
20393.0,9408.56558222199,0.0,0,20,3780
20394.0,9408.56558222199,0.0,0,20,3780
20395.0,9408.56558222199,0.0,0,20,3780
20396.0,9408.56558222199,0.0,0,20,3780
20397.0,9408.56558222199,0.0,0,20,3780
20398.0,9408.56558222199,0.0,0,20,3780
20399.0,9408.56558222199,0.0,0,20,3780
20400.0,9408.56558222199,0.0,0,20,3780
20401.0,9408.56558222199,0.0,0,20,3780
20402.0,9408.56558222199,0.0,0,20,3780
20403.0,9408.56558222199,0.0,0,20,3780
20404.0,9408.56558222199,0.0,0,20,3780
20405.0,9408.56558222199,0.0,0,20,3780
20406.0,9408.56558222199,0.0,0,20,3780
20407.0,9408.56558222199,0.0,0,20,3780
20408.0,9408.56558222199,0.0,0,20,3780
20409.0,9408.56558222199,0.0,0,20,3780
20410.0,9408.56558222199,0.0,0,20,3780
20411.0,9408.56558222199,0.0,0,20,3780
20412.0,9408.56558222199,0.0,0,20,3780
20413.0,9408.56558222199,0.0,0,20,3780
20414.0,9408.56558222199,0.0,0,20,3780
20415.0,9408.56558222199,0.0,0,20,3780
20416.0,9408.56558222199,0.0,0,20,3780
20417.0,9408.56558222199,0.0,0,20,3780
20418.0,9408.56558222199,0.0,0,20,3780
20419.0,9408.56558222199,0.0,0,20,3780
20420.0,9408.56558222199,0.0,0,20,3780
20421.0,9408.56558222199,0.0,0,20,3780
20422.0,9408.56558222199,0.0,0,20,3780
20423.0,9408.56558222199,0.0,0,20,3780
20424.0,9408.56558222199,0.0,0,20,3780
20425.0,9408.56558222199,0.0,0,20,3780
20426.0,9408.56558222199,0.0,0,20,3780
20427.0,9408.56558222199,0.0,0,20,3780
20428.0,9408.56558222199,0.0,0,20,3780
20429.0,9408.56558222199,0.0,0,20,3780
20430.0,9408.56558222199,0.0,0,20,3780
20431.0,9408.56558222199,0.0,0,20,3780
20432.0,9408.56558222199,0.0,0,20,3780
20433.0,9408.56558222199,0.0,0,20,3780
20434.0,9408.56558222199,0.0,0,20,3780
20435.0,9408.56558222199,0.0,0,20,3780
20436.0,9408.56558222199,0.0,0,20,3780
20437.0,9408.56558222199,0.0,0,20,3780
20438.0,9408.56558222199,0.0,0,20,3780
20439.0,9408.56558222199,0.0,0,20,3780
20440.0,9408.56558222199,0.0,0,20,3780
20441.0,9408.56558222199,0.0,0,20,3780
20442.0,9408.56558222199,0.0,0,20,3780
20443.0,9408.56558222199,0.0,0,20,3780
20444.0,9408.56558222199,0.0,0,20,3780
20445.0,9408.56558222199,0.0,0,20,3780
20446.0,9408.56558222199,0.0,0,20,3780
20447.0,9408.56558222199,0.0,0,20,3780
20448.0,9408.56558222199,0.0,0,20,3780
20449.0,9408.56558222199,0.0,0,20,3780
20450.0,9408.56558222199,0.0,0,20,3780
20451.0,9408.56558222199,0.0,0,20,3780
20452.0,9408.56558222199,0.0,0,20,3780
20453.0,9408.56558222199,0.0,0,20,3780
20454.0,9408.56558222199,0.0,0,20,3780
20455.0,9408.56558222199,0.0,0,20,3780
20456.0,9408.56558222199,0.0,0,20,3780
20457.0,9408.56558222199,0.0,0,20,3780
20458.0,9408.56558222199,0.0,0,20,3780
20459.0,9408.56558222199,0.0,0,20,3780
20460.0,9408.56558222199,0.0,0,20,3780
20461.0,9408.56558222199,0.0,0,20,3780
20462.0,9408.56558222199,0.0,0,20,3780
20463.0,9408.56558222199,0.0,0,20,3780
20464.0,9408.56558222199,0.0,0,20,3780
20465.0,9408.56558222199,0.0,0,20,3780
20466.0,9408.56558222199,0.0,0,20,3780
20467.0,9408.56558222199,0.0,0,20,3780
20468.0,9408.56558222199,0.0,0,20,3780
20469.0,9408.56558222199,0.0,0,20,3780
20470.0,9408.56558222199,0.0,0,20,3780
20471.0,9408.56558222199,0.0,0,20,3780
20472.0,9408.56558222199,0.0,0,20,3780
20473.0,9408.56558222199,0.0,0,20,3780
20474.0,9408.56558222199,0.0,0,20,3780
20475.0,9408.56558222199,0.0,0,20,3780
20476.0,9408.56558222199,0.0,0,20,3780
20477.0,9408.56558222199,0.0,0,20,3780
20478.0,9408.56558222199,0.0,0,20,3780
20479.0,9408.56558222199,0.0,0,20,3780
20480.0,9408.56558222199,0.0,0,20,3780
20481.0,9408.56558222199,0.0,0,20,3780
20482.0,9408.56558222199,0.0,0,20,3780
20483.0,9408.56558222199,0.0,0,20,3780
20484.0,9408.56558222199,0.0,0,20,3780
20485.0,9408.56558222199,0.0,0,20,3780
20486.0,9408.56558222199,0.0,0,20,3780
20487.0,9408.56558222199,0.0,0,20,3780
20488.0,9408.56558222199,0.0,0,20,3780
20489.0,9408.56558222199,0.0,0,20,3780
20490.0,9408.56558222199,0.0,0,20,3780
20491.0,9408.56558222199,0.0,0,20,3780
20492.0,9408.56558222199,0.0,0,20,3780
20493.0,9408.56558222199,0.0,0,20,3780
20494.0,9408.56558222199,0.0,0,20,3780
20495.0,9408.56558222199,0.0,0,20,3780
20496.0,9408.56558222199,0.0,0,20,3780
20497.0,9408.56558222199,0.0,0,20,3780
20498.0,9408.56558222199,0.0,0,20,3780
20499.0,9408.56558222199,0.0,0,20,3780
20500.0,9408.56558222199,0.0,0,20,3780
20501.0,9408.56558222199,0.0,0,20,3780
20502.0,9408.56558222199,0.0,0,20,3780
20503.0,9408.56558222199,0.0,0,20,3780
20504.0,9408.56558222199,0.0,0,20,3780
20505.0,9408.56558222199,0.0,0,20,3780
20506.0,9408.56558222199,0.0,0,20,3780
20507.0,9408.56558222199,0.0,0,20,3780
20508.0,9408.56558222199,0.0,0,20,3780
20509.0,9408.56558222199,0.0,0,20,3780
20510.0,9408.56558222199,0.0,0,20,3780
20511.0,9408.56558222199,0.0,0,20,3780
20512.0,9408.56558222199,0.0,0,20,3780
20513.0,9408.56558222199,0.0,0,20,3780
20514.0,9408.56558222199,0.0,0,20,3780
20515.0,9408.56558222199,0.0,0,20,3780
20516.0,9408.56558222199,0.0,0,20,3780
20517.0,9408.56558222199,0.0,0,20,3780
20518.0,9408.56558222199,0.0,0,20,3780
20519.0,9408.56558222199,0.0,0,20,3780
20520.0,9408.56558222199,0.0,0,20,3780
20521.0,9408.56558222199,0.0,0,20,3780
20522.0,9408.56558222199,0.0,0,20,3780
20523.0,9408.56558222199,0.0,0,20,3780
20524.0,9408.56558222199,0.0,0,20,3780
20525.0,9408.56558222199,0.0,0,20,3780
20526.0,9408.56558222199,0.0,0,20,3780
20527.0,9408.56558222199,0.0,0,20,3780
20528.0,9408.56558222199,0.0,0,20,3780
20529.0,9408.56558222199,0.0,0,20,3780
20530.0,9408.56558222199,0.0,0,20,3780
20531.0,9408.56558222199,0.0,0,20,3780
20532.0,9408.56558222199,0.0,0,20,3780
20533.0,9408.56558222199,0.0,0,20,3780
20534.0,9408.56558222199,0.0,0,20,3780
20535.0,9408.56558222199,0.0,0,20,3780
20536.0,9408.56558222199,0.0,0,20,3780
20537.0,9408.56558222199,0.0,0,20,3780
20538.0,9408.56558222199,0.0,0,20,3780
20539.0,9408.56558222199,0.0,0,20,3780
20540.0,9408.56558222199,0.0,0,20,3780
20541.0,9408.56558222199,0.0,0,20,3780
20542.0,9408.56558222199,0.0,0,20,3780
20543.0,9408.56558222199,0.0,0,20,3780
20544.0,9408.56558222199,0.0,0,20,3780
20545.0,9408.56558222199,0.0,0,20,3780
20546.0,9408.56558222199,0.0,0,20,3780
20547.0,9408.56558222199,0.0,0,20,3780
20548.0,9408.56558222199,0.0,0,20,3780
20549.0,9408.56558222199,0.0,0,20,3780
20550.0,9408.56558222199,0.0,0,20,3780
20551.0,9408.56558222199,0.0,0,20,3780
20552.0,9408.56558222199,0.0,0,20,3780
20553.0,9408.56558222199,0.0,0,20,3780
20554.0,9408.56558222199,0.0,0,20,3780
20555.0,9408.56558222199,0.0,0,20,3780
20556.0,9408.56558222199,0.0,0,20,3780
20557.0,9408.56558222199,0.0,0,20,3780
20558.0,9408.56558222199,0.0,0,20,3780
20559.0,9408.56558222199,0.0,0,20,3780
20560.0,9408.56558222199,0.0,0,20,3780
20561.0,9408.56558222199,0.0,0,20,3780
20562.0,9408.56558222199,0.0,0,20,3780
20563.0,9408.56558222199,0.0,0,20,3780
20564.0,9408.56558222199,0.0,0,20,3780
20565.0,9408.56558222199,0.0,0,20,3780
20566.0,9408.56558222199,0.0,0,20,3780
20567.0,9408.56558222199,0.0,0,20,3780
20568.0,9408.56558222199,0.0,0,20,3780
20569.0,9408.56558222199,0.0,0,20,3780
20570.0,9408.56558222199,0.0,0,20,3780
20571.0,9408.56558222199,0.0,0,20,3780
20572.0,9408.56558222199,0.0,0,20,3780
20573.0,9408.56558222199,0.0,0,20,3780
20574.0,9408.56558222199,0.0,0,20,3780
20575.0,9408.56558222199,0.0,0,20,3780
20576.0,9408.56558222199,0.0,0,20,3780
20577.0,9408.56558222199,0.0,0,20,3780
20578.0,9408.56558222199,0.0,0,20,3780
20579.0,9408.56558222199,0.0,0,20,3780
20580.0,9408.56558222199,0.0,0,20,3780
20581.0,9408.56558222199,0.0,0,20,3780
20582.0,9408.56558222199,0.0,0,20,3780
20583.0,9408.56558222199,0.0,0,20,3780
20584.0,9408.56558222199,0.0,0,20,3780
20585.0,9408.56558222199,0.0,0,20,3780
20586.0,9408.56558222199,0.0,0,20,3780
20587.0,9408.56558222199,0.0,0,20,3780
20588.0,9408.56558222199,0.0,0,20,3780
20589.0,9408.56558222199,0.0,0,20,3780
20590.0,9408.56558222199,0.0,0,20,3780
20591.0,9408.56558222199,0.0,0,20,3780
20592.0,9408.56558222199,0.0,0,20,3780
20593.0,9408.56558222199,0.0,0,20,3780
20594.0,9408.56558222199,0.0,0,20,3780
20595.0,9408.56558222199,0.0,0,20,3780
20596.0,9408.56558222199,0.0,0,20,3780
20597.0,9408.56558222199,0.0,0,20,3780
20598.0,9408.56558222199,0.0,0,20,3780
20599.0,9408.56558222199,0.0,0,20,3780
20600.0,9408.56558222199,0.0,0,20,3780
20601.0,9408.56558222199,0.0,0,20,3780
20602.0,9408.56558222199,0.0,0,20,3780
20603.0,9408.56558222199,0.0,0,20,3780
20604.0,9408.56558222199,0.0,0,20,3780
20605.0,9408.56558222199,0.0,0,20,3780
20606.0,9408.56558222199,0.0,0,20,3780
20607.0,9408.56558222199,0.0,0,20,3780
20608.0,9408.56558222199,0.0,0,20,3780
20609.0,9408.56558222199,0.0,0,20,3780
20610.0,9408.56558222199,0.0,0,20,3780
20611.0,9408.56558222199,0.0,0,20,3780
20612.0,9408.56558222199,0.0,0,20,3780
20613.0,9408.56558222199,0.0,0,20,3780
20614.0,9408.56558222199,0.0,0,20,3780
20615.0,9408.56558222199,0.0,0,20,3780
20616.0,9408.56558222199,0.0,0,20,3780
20617.0,9408.56558222199,0.0,0,20,3780
20618.0,9408.56558222199,0.0,0,20,3780
20619.0,9408.56558222199,0.0,0,20,3780
20620.0,9408.56558222199,0.0,0,20,3780
20621.0,9408.56558222199,0.0,0,20,3780
20622.0,9408.56558222199,0.0,0,20,3780
20623.0,9408.56558222199,0.0,0,20,3780
20624.0,9408.56558222199,0.0,0,20,3780
20625.0,9408.56558222199,0.0,0,20,3780
20626.0,9408.56558222199,0.0,0,20,3780
20627.0,9408.56558222199,0.0,0,20,3780
20628.0,9408.56558222199,0.0,0,20,3780
20629.0,9408.56558222199,0.0,0,20,3780
20630.0,9408.56558222199,0.0,0,20,3780
20631.0,9408.56558222199,0.0,0,20,3780
20632.0,9408.56558222199,0.0,0,20,3780
20633.0,9408.56558222199,0.0,0,20,3780
20634.0,9408.56558222199,0.0,0,20,3780
20635.0,9408.56558222199,0.0,0,20,3780
20636.0,9408.56558222199,0.0,0,20,3780
20637.0,9408.56558222199,0.0,0,20,3780
20638.0,9408.56558222199,0.0,0,20,3780
20639.0,9408.56558222199,0.0,0,20,3780
20640.0,9408.56558222199,0.0,0,20,3780
20641.0,9408.56558222199,0.0,0,20,3780
20642.0,9408.56558222199,0.0,0,20,3780
20643.0,9408.56558222199,0.0,0,20,3780
20644.0,9408.56558222199,0.0,0,20,3780
20645.0,9408.56558222199,0.0,0,20,3780
20646.0,9408.56558222199,0.0,0,20,3780
20647.0,9408.56558222199,0.0,0,20,3780
20648.0,9408.56558222199,0.0,0,20,3780
20649.0,9408.56558222199,0.0,0,20,3780
20650.0,9408.56558222199,0.0,0,20,3780
20651.0,9408.56558222199,0.0,0,20,3780
20652.0,9408.56558222199,0.0,0,20,3780
20653.0,9408.56558222199,0.0,0,20,3780
20654.0,9408.56558222199,0.0,0,20,3780
20655.0,9408.56558222199,0.0,0,20,3780
20656.0,9408.56558222199,0.0,0,20,3780
20657.0,9408.56558222199,0.0,0,20,3780
20658.0,9408.56558222199,0.0,0,20,3780
20659.0,9408.56558222199,0.0,0,20,3780
20660.0,9408.56558222199,0.0,0,20,3780
20661.0,9408.56558222199,0.0,0,20,3780
20662.0,9408.56558222199,0.0,0,20,3780
20663.0,9408.56558222199,0.0,0,20,3780
20664.0,9408.56558222199,0.0,0,20,3780
20665.0,9408.56558222199,0.0,0,20,3780
20666.0,9408.56558222199,0.0,0,20,3780
20667.0,9408.56558222199,0.0,0,20,3780
20668.0,9408.56558222199,0.0,0,20,3780
20669.0,9408.56558222199,0.0,0,20,3780
20670.0,9408.56558222199,0.0,0,20,3780
20671.0,9408.56558222199,0.0,0,20,3780
20672.0,9408.56558222199,0.0,0,20,3780
20673.0,9408.56558222199,0.0,0,20,3780
20674.0,9408.56558222199,0.0,0,20,3780
20675.0,9408.56558222199,0.0,0,20,3780
20676.0,9408.56558222199,0.0,0,20,3780
20677.0,9408.56558222199,0.0,0,20,3780
20678.0,9408.56558222199,0.0,0,20,3780
20679.0,9408.56558222199,0.0,0,20,3780
20680.0,9408.56558222199,0.0,0,20,3780
20681.0,9408.56558222199,0.0,0,20,3780
20682.0,9408.56558222199,0.0,0,20,3780
20683.0,9408.56558222199,0.0,0,20,3780
20684.0,9408.56558222199,0.0,0,20,3780
20685.0,9408.56558222199,0.0,0,20,3780
20686.0,9408.56558222199,0.0,0,20,3780
20687.0,9408.56558222199,0.0,0,20,3780
20688.0,9408.56558222199,0.0,0,20,3780
20689.0,9408.56558222199,0.0,0,20,3780
20690.0,9408.56558222199,0.0,0,20,3780
20691.0,9408.56558222199,0.0,0,20,3780
20692.0,9408.56558222199,0.0,0,20,3780
20693.0,9408.56558222199,0.0,0,20,3780
20694.0,9408.56558222199,0.0,0,20,3780
20695.0,9408.56558222199,0.0,0,20,3780
20696.0,9408.56558222199,0.0,0,20,3780
20697.0,9408.56558222199,0.0,0,20,3780
20698.0,9408.56558222199,0.0,0,20,3780
20699.0,9408.56558222199,0.0,0,20,3780
20700.0,9408.56558222199,0.0,0,20,3780
20701.0,9408.56558222199,0.0,0,20,3780
20702.0,9408.56558222199,0.0,0,20,3780
20703.0,9408.56558222199,0.0,0,20,3780
20704.0,9408.56558222199,0.0,0,20,3780
20705.0,9408.56558222199,0.0,0,20,3780
20706.0,9408.56558222199,0.0,0,20,3780
20707.0,9408.56558222199,0.0,0,20,3780
20708.0,9408.56558222199,0.0,0,20,3780
20709.0,9408.56558222199,0.0,0,20,3780
20710.0,9408.56558222199,0.0,0,20,3780
20711.0,9408.56558222199,0.0,0,20,3780
20712.0,9408.56558222199,0.0,0,20,3780
20713.0,9408.56558222199,0.0,0,20,3780
20714.0,9408.56558222199,0.0,0,20,3780
20715.0,9408.56558222199,0.0,0,20,3780
20716.0,9408.56558222199,0.0,0,20,3780
20717.0,9408.56558222199,0.0,0,20,3780
20718.0,9408.56558222199,0.0,0,20,3780
20719.0,9408.56558222199,0.0,0,20,3780
20720.0,9408.56558222199,0.0,0,20,3780
20721.0,9408.56558222199,0.0,0,20,3780
20722.0,9408.56558222199,0.0,0,20,3780
20723.0,9408.56558222199,0.0,0,20,3780
20724.0,9408.56558222199,0.0,0,20,3780
20725.0,9408.56558222199,0.0,0,20,3780
20726.0,9408.56558222199,0.0,0,20,3780
20727.0,9408.56558222199,0.0,0,20,3780
20728.0,9408.56558222199,0.0,0,20,3780
20729.0,9408.56558222199,0.0,0,20,3780
20730.0,9408.56558222199,0.0,0,20,3780
20731.0,9408.56558222199,0.0,0,20,3780
20732.0,9408.56558222199,0.0,0,20,3780
20733.0,9408.56558222199,0.0,0,20,3780
20734.0,9408.56558222199,0.0,0,20,3780
20735.0,9408.56558222199,0.0,0,20,3780
20736.0,9408.56558222199,0.0,0,20,3780
20737.0,9408.56558222199,0.0,0,20,3780
20738.0,9408.56558222199,0.0,0,20,3780
20739.0,9408.56558222199,0.0,0,20,3780
20740.0,9408.56558222199,0.0,0,20,3780
20741.0,9408.56558222199,0.0,0,20,3780
20742.0,9408.56558222199,0.0,0,20,3780
20743.0,9408.56558222199,0.0,0,20,3780
20744.0,9408.56558222199,0.0,0,20,3780
20745.0,9408.56558222199,0.0,0,20,3780
20746.0,9408.56558222199,0.0,0,20,3780
20747.0,9408.56558222199,0.0,0,20,3780
20748.0,9408.56558222199,0.0,0,20,3780
20749.0,9408.56558222199,0.0,0,20,3780
20750.0,9408.56558222199,0.0,0,20,3780
20751.0,9408.56558222199,0.0,0,20,3780
20752.0,9408.56558222199,0.0,0,20,3780
20753.0,9408.56558222199,0.0,0,20,3780
20754.0,9408.56558222199,0.0,0,20,3780
20755.0,9408.56558222199,0.0,0,20,3780
20756.0,9408.56558222199,0.0,0,20,3780
20757.0,9408.56558222199,0.0,0,20,3780
20758.0,9408.56558222199,0.0,0,20,3780
20759.0,9408.56558222199,0.0,0,20,3780
20760.0,9408.56558222199,0.0,0,20,3780
20761.0,9408.56558222199,0.0,0,20,3780
20762.0,9408.56558222199,0.0,0,20,3780
20763.0,9408.56558222199,0.0,0,20,3780
20764.0,9408.56558222199,0.0,0,20,3780
20765.0,9408.56558222199,0.0,0,20,3780
20766.0,9408.56558222199,0.0,0,20,3780
20767.0,9408.56558222199,0.0,0,20,3780
20768.0,9408.56558222199,0.0,0,20,3780
20769.0,9408.56558222199,0.0,0,20,3780
20770.0,9408.56558222199,0.0,0,20,3780
20771.0,9408.56558222199,0.0,0,20,3780
20772.0,9408.56558222199,0.0,0,20,3780
20773.0,9408.56558222199,0.0,0,20,3780
20774.0,9408.56558222199,0.0,0,20,3780
20775.0,9408.56558222199,0.0,0,20,3780
20776.0,9408.56558222199,0.0,0,20,3780
20777.0,9408.56558222199,0.0,0,20,3780
20778.0,9408.56558222199,0.0,0,20,3780
20779.0,9408.56558222199,0.0,0,20,3780
20780.0,9408.56558222199,0.0,0,20,3780
20781.0,9408.56558222199,0.0,0,20,3780
20782.0,9408.56558222199,0.0,0,20,3780
20783.0,9408.56558222199,0.0,0,20,3780
20784.0,9408.56558222199,0.0,0,20,3780
20785.0,9408.56558222199,0.0,0,20,3780
20786.0,9408.56558222199,0.0,0,20,3780
20787.0,9408.56558222199,0.0,0,20,3780
20788.0,9408.56558222199,0.0,0,20,3780
20789.0,9408.56558222199,0.0,0,20,3780
20790.0,9408.56558222199,0.0,0,20,3780
20791.0,9408.56558222199,0.0,0,20,3780
20792.0,9408.56558222199,0.0,0,20,3780
20793.0,9408.56558222199,0.0,0,20,3780
20794.0,9408.56558222199,0.0,0,20,3780
20795.0,9408.56558222199,0.0,0,20,3780
20796.0,9408.56558222199,0.0,0,20,3780
20797.0,9408.56558222199,0.0,0,20,3780
20798.0,9408.56558222199,0.0,0,20,3780
20799.0,9408.56558222199,0.0,0,20,3780
20800.0,9408.56558222199,0.0,0,20,3780
20801.0,9408.56558222199,0.0,0,20,3780
20802.0,9408.56558222199,0.0,0,20,3780
20803.0,9408.56558222199,0.0,0,20,3780
20804.0,9408.56558222199,0.0,0,20,3780
20805.0,9408.56558222199,0.0,0,20,3780
20806.0,9408.56558222199,0.0,0,20,3780
20807.0,9408.56558222199,0.0,0,20,3780
20808.0,9408.56558222199,0.0,0,20,3780
20809.0,9408.56558222199,0.0,0,20,3780
20810.0,9408.56558222199,0.0,0,20,3780
20811.0,9408.56558222199,0.0,0,20,3780
20812.0,9408.56558222199,0.0,0,20,3780
20813.0,9408.56558222199,0.0,0,20,3780
20814.0,9408.56558222199,0.0,0,20,3780
20815.0,9408.56558222199,0.0,0,20,3780
20816.0,9408.56558222199,0.0,0,20,3780
20817.0,9408.56558222199,0.0,0,20,3780
20818.0,9408.56558222199,0.0,0,20,3780
20819.0,9408.56558222199,0.0,0,20,3780
20820.0,9408.56558222199,0.0,0,20,3780
20821.0,9408.56558222199,0.0,0,20,3780
20822.0,9408.56558222199,0.0,0,20,3780
20823.0,9408.56558222199,0.0,0,20,3780
20824.0,9408.56558222199,0.0,0,20,3780
20825.0,9408.56558222199,0.0,0,20,3780
20826.0,9408.56558222199,0.0,0,20,3780
20827.0,9408.56558222199,0.0,0,20,3780
20828.0,9408.56558222199,0.0,0,20,3780
20829.0,9408.56558222199,0.0,0,20,3780
20830.0,9408.56558222199,0.0,0,20,3780
20831.0,9408.56558222199,0.0,0,20,3780
20832.0,9408.56558222199,0.0,0,20,3780
20833.0,9408.56558222199,0.0,0,20,3780
20834.0,9408.56558222199,0.0,0,20,3780
20835.0,9408.56558222199,0.0,0,20,3780
20836.0,9408.56558222199,0.0,0,20,3780
20837.0,9408.56558222199,0.0,0,20,3780
20838.0,9408.56558222199,0.0,0,20,3780
20839.0,9408.56558222199,0.0,0,20,3780
20840.0,9408.56558222199,0.0,0,20,3780
20841.0,9408.56558222199,0.0,0,20,3780
20842.0,9408.56558222199,0.0,0,20,3780
20843.0,9408.56558222199,0.0,0,20,3780
20844.0,9408.56558222199,0.0,0,20,3780
20845.0,9408.56558222199,0.0,0,20,3780
20846.0,9408.56558222199,0.0,0,20,3780
20847.0,9408.56558222199,0.0,0,20,3780
20848.0,9408.56558222199,0.0,0,20,3780
20849.0,9408.56558222199,0.0,0,20,3780
20850.0,9408.56558222199,0.0,0,20,3780
20851.0,9408.56558222199,0.0,0,20,3780
20852.0,9408.56558222199,0.0,0,20,3780
20853.0,9408.56558222199,0.0,0,20,3780
20854.0,9408.56558222199,0.0,0,20,3780
20855.0,9408.56558222199,0.0,0,20,3780
20856.0,9408.56558222199,0.0,0,20,3780
20857.0,9408.56558222199,0.0,0,20,3780
20858.0,9408.56558222199,0.0,0,20,3780
20859.0,9408.56558222199,0.0,0,20,3780
20860.0,9408.56558222199,0.0,0,20,3780
20861.0,9408.56558222199,0.0,0,20,3780
20862.0,9408.56558222199,0.0,0,20,3780
20863.0,9408.56558222199,0.0,0,20,3780
20864.0,9408.56558222199,0.0,0,20,3780
20865.0,9408.56558222199,0.0,0,20,3780
20866.0,9408.56558222199,0.0,0,20,3780
20867.0,9408.56558222199,0.0,0,20,3780
20868.0,9408.56558222199,0.0,0,20,3780
20869.0,9408.56558222199,0.0,0,20,3780
20870.0,9408.56558222199,0.0,0,20,3780
20871.0,9408.56558222199,0.0,0,20,3780
20872.0,9408.56558222199,0.0,0,20,3780
20873.0,9408.56558222199,0.0,0,20,3780
20874.0,9408.56558222199,0.0,0,20,3780
20875.0,9408.56558222199,0.0,0,20,3780
20876.0,9408.56558222199,0.0,0,20,3780
20877.0,9408.56558222199,0.0,0,20,3780
20878.0,9408.56558222199,0.0,0,20,3780
20879.0,9408.56558222199,0.0,0,20,3780
20880.0,9408.56558222199,0.0,0,20,3780
20881.0,9408.56558222199,0.0,0,20,3780
20882.0,9408.56558222199,0.0,0,20,3780
20883.0,9408.56558222199,0.0,0,20,3780
20884.0,9408.56558222199,0.0,0,20,3780
20885.0,9408.56558222199,0.0,0,20,3780
20886.0,9408.56558222199,0.0,0,20,3780
20887.0,9408.56558222199,0.0,0,20,3780
20888.0,9408.56558222199,0.0,0,20,3780
20889.0,9408.56558222199,0.0,0,20,3780
20890.0,9408.56558222199,0.0,0,20,3780
20891.0,9408.56558222199,0.0,0,20,3780
20892.0,9408.56558222199,0.0,0,20,3780
20893.0,9408.56558222199,0.0,0,20,3780
20894.0,9408.56558222199,0.0,0,20,3780
20895.0,9408.56558222199,0.0,0,20,3780
20896.0,9408.56558222199,0.0,0,20,3780
20897.0,9408.56558222199,0.0,0,20,3780
20898.0,9408.56558222199,0.0,0,20,3780
20899.0,9408.56558222199,0.0,0,20,3780
20900.0,9408.56558222199,0.0,0,20,3780
20901.0,9408.56558222199,0.0,0,20,3780
20902.0,9408.56558222199,0.0,0,20,3780
20903.0,9408.56558222199,0.0,0,20,3780
20904.0,9408.56558222199,0.0,0,20,3780
20905.0,9408.56558222199,0.0,0,20,3780
20906.0,9408.56558222199,0.0,0,20,3780
20907.0,9408.56558222199,0.0,0,20,3780
20908.0,9408.56558222199,0.0,0,20,3780
20909.0,9408.56558222199,0.0,0,20,3780
20910.0,9408.56558222199,0.0,0,20,3780
20911.0,9408.56558222199,0.0,0,20,3780
20912.0,9408.56558222199,0.0,0,20,3780
20913.0,9408.56558222199,0.0,0,20,3780
20914.0,9408.56558222199,0.0,0,20,3780
20915.0,9408.56558222199,0.0,0,20,3780
20916.0,9408.56558222199,0.0,0,20,3780
20917.0,9408.56558222199,0.0,0,20,3780
20918.0,9408.56558222199,0.0,0,20,3780
20919.0,9408.56558222199,0.0,0,20,3780
20920.0,9408.56558222199,0.0,0,20,3780
20921.0,9408.56558222199,0.0,0,20,3780
20922.0,9408.56558222199,0.0,0,20,3780
20923.0,9408.56558222199,0.0,0,20,3780
20924.0,9408.56558222199,0.0,0,20,3780
20925.0,9408.56558222199,0.0,0,20,3780
20926.0,9408.56558222199,0.0,0,20,3780
20927.0,9408.56558222199,0.0,0,20,3780
20928.0,9408.56558222199,0.0,0,20,3780
20929.0,9408.56558222199,0.0,0,20,3780
20930.0,9408.56558222199,0.0,0,20,3780
20931.0,9408.56558222199,0.0,0,20,3780
20932.0,9408.56558222199,0.0,0,20,3780
20933.0,9408.56558222199,0.0,0,20,3780
20934.0,9408.56558222199,0.0,0,20,3780
20935.0,9408.56558222199,0.0,0,20,3780
20936.0,9408.56558222199,0.0,0,20,3780
20937.0,9408.56558222199,0.0,0,20,3780
20938.0,9408.56558222199,0.0,0,20,3780
20939.0,9408.56558222199,0.0,0,20,3780
20940.0,9408.56558222199,0.0,0,20,3780
20941.0,9408.56558222199,0.0,0,20,3780
20942.0,9408.56558222199,0.0,0,20,3780
20943.0,9408.56558222199,0.0,0,20,3780
20944.0,9408.56558222199,0.0,0,20,3780
20945.0,9408.56558222199,0.0,0,20,3780
20946.0,9408.56558222199,0.0,0,20,3780
20947.0,9408.56558222199,0.0,0,20,3780
20948.0,9408.56558222199,0.0,0,20,3780
20949.0,9408.56558222199,0.0,0,20,3780
20950.0,9408.56558222199,0.0,0,20,3780
20951.0,9408.56558222199,0.0,0,20,3780
20952.0,9408.56558222199,0.0,0,20,3780
20953.0,9408.56558222199,0.0,0,20,3780
20954.0,9408.56558222199,0.0,0,20,3780
20955.0,9408.56558222199,0.0,0,20,3780
20956.0,9408.56558222199,0.0,0,20,3780
20957.0,9408.56558222199,0.0,0,20,3780
20958.0,9408.56558222199,0.0,0,20,3780
20959.0,9408.56558222199,0.0,0,20,3780
20960.0,9408.56558222199,0.0,0,20,3780
20961.0,9408.56558222199,0.0,0,20,3780
20962.0,9408.56558222199,0.0,0,20,3780
20963.0,9408.56558222199,0.0,0,20,3780
20964.0,9408.56558222199,0.0,0,20,3780
20965.0,9408.56558222199,0.0,0,20,3780
20966.0,9408.56558222199,0.0,0,20,3780
20967.0,9408.56558222199,0.0,0,20,3780
20968.0,9408.56558222199,0.0,0,20,3780
20969.0,9408.56558222199,0.0,0,20,3780
20970.0,9408.56558222199,0.0,0,20,3780
20971.0,9408.56558222199,0.0,0,20,3780
20972.0,9408.56558222199,0.0,0,20,3780
20973.0,9408.56558222199,0.0,0,20,3780
20974.0,9408.56558222199,0.0,0,20,3780
20975.0,9408.56558222199,0.0,0,20,3780
20976.0,9408.56558222199,0.0,0,20,3780
20977.0,9408.56558222199,0.0,0,20,3780
20978.0,9408.56558222199,0.0,0,20,3780
20979.0,9408.56558222199,0.0,0,20,3780
20980.0,9408.56558222199,0.0,0,20,3780
20981.0,9408.56558222199,0.0,0,20,3780
20982.0,9408.56558222199,0.0,0,20,3780
20983.0,9408.56558222199,0.0,0,20,3780
20984.0,9408.56558222199,0.0,0,20,3780
20985.0,9408.56558222199,0.0,0,20,3780
20986.0,9408.56558222199,0.0,0,20,3780
20987.0,9408.56558222199,0.0,0,20,3780
20988.0,9408.56558222199,0.0,0,20,3780
20989.0,9408.56558222199,0.0,0,20,3780
20990.0,9408.56558222199,0.0,0,20,3780
20991.0,9408.56558222199,0.0,0,20,3780
20992.0,9408.56558222199,0.0,0,20,3780
20993.0,9408.56558222199,0.0,0,20,3780
20994.0,9408.56558222199,0.0,0,20,3780
20995.0,9408.56558222199,0.0,0,20,3780
20996.0,9408.56558222199,0.0,0,20,3780
20997.0,9408.56558222199,0.0,0,20,3780
20998.0,9408.56558222199,0.0,0,20,3780
20999.0,9408.56558222199,0.0,0,20,3780
21000.0,9408.56558222199,0.0,0,20,3780
21001.0,9408.56558222199,0.0,0,20,3780
21002.0,9408.56558222199,0.0,0,20,3780
21003.0,9408.56558222199,0.0,0,20,3780
21004.0,9408.56558222199,0.0,0,20,3780
21005.0,9408.56558222199,0.0,0,20,3780
21006.0,9408.56558222199,0.0,0,20,3780
21007.0,9408.56558222199,0.0,0,20,3780
21008.0,9408.56558222199,0.0,0,20,3780
21009.0,9408.56558222199,0.0,0,20,3780
21010.0,9408.56558222199,0.0,0,20,3780
21011.0,9408.56558222199,0.0,0,20,3780
21012.0,9408.56558222199,0.0,0,20,3780
21013.0,9408.56558222199,0.0,0,20,3780
21014.0,9408.56558222199,0.0,0,20,3780
21015.0,9408.56558222199,0.0,0,20,3780
21016.0,9408.56558222199,0.0,0,20,3780
21017.0,9408.56558222199,0.0,0,20,3780
21018.0,9408.56558222199,0.0,0,20,3780
21019.0,9408.56558222199,0.0,0,20,3780
21020.0,9408.56558222199,0.0,0,20,3780
21021.0,9408.56558222199,0.0,0,20,3780
21022.0,9408.56558222199,0.0,0,20,3780
21023.0,9408.56558222199,0.0,0,20,3780
21024.0,9408.56558222199,0.0,0,20,3780
21025.0,9408.56558222199,0.0,0,20,3780
21026.0,9408.56558222199,0.0,0,20,3780
21027.0,9408.56558222199,0.0,0,20,3780
21028.0,9408.56558222199,0.0,0,20,3780
21029.0,9408.56558222199,0.0,0,20,3780
21030.0,9408.56558222199,0.0,0,20,3780
21031.0,9408.56558222199,0.0,0,20,3780
21032.0,9408.56558222199,0.0,0,20,3780
21033.0,9408.56558222199,0.0,0,20,3780
21034.0,9408.56558222199,0.0,0,20,3780
21035.0,9408.56558222199,0.0,0,20,3780
21036.0,9408.56558222199,0.0,0,20,3780
21037.0,9408.56558222199,0.0,0,20,3780
21038.0,9408.56558222199,0.0,0,20,3780
21039.0,9408.56558222199,0.0,0,20,3780
21040.0,9408.56558222199,0.0,0,20,3780
21041.0,9408.56558222199,0.0,0,20,3780
21042.0,9408.56558222199,0.0,0,20,3780
21043.0,9408.56558222199,0.0,0,20,3780
21044.0,9408.56558222199,0.0,0,20,3780
21045.0,9408.56558222199,0.0,0,20,3780
21046.0,9408.56558222199,0.0,0,20,3780
21047.0,9408.56558222199,0.0,0,20,3780
21048.0,9408.56558222199,0.0,0,20,3780
21049.0,9408.56558222199,0.0,0,20,3780
21050.0,9408.56558222199,0.0,0,20,3780
21051.0,9408.56558222199,0.0,0,20,3780
21052.0,9408.56558222199,0.0,0,20,3780
21053.0,9408.56558222199,0.0,0,20,3780
21054.0,9408.56558222199,0.0,0,20,3780
21055.0,9408.56558222199,0.0,0,20,3780
21056.0,9408.56558222199,0.0,0,20,3780
21057.0,9408.56558222199,0.0,0,20,3780
21058.0,9408.56558222199,0.0,0,20,3780
21059.0,9408.56558222199,0.0,0,20,3780
21060.0,9408.56558222199,0.0,0,20,3780
21061.0,9408.56558222199,0.0,0,20,3780
21062.0,9408.56558222199,0.0,0,20,3780
21063.0,9408.56558222199,0.0,0,20,3780
21064.0,9408.56558222199,0.0,0,20,3780
21065.0,9408.56558222199,0.0,0,20,3780
21066.0,9408.56558222199,0.0,0,20,3780
21067.0,9408.56558222199,0.0,0,20,3780
21068.0,9408.56558222199,0.0,0,20,3780
21069.0,9408.56558222199,0.0,0,20,3780
21070.0,9408.56558222199,0.0,0,20,3780
21071.0,9408.56558222199,0.0,0,20,3780
21072.0,9408.56558222199,0.0,0,20,3780
21073.0,9408.56558222199,0.0,0,20,3780
21074.0,9408.56558222199,0.0,0,20,3780
21075.0,9408.56558222199,0.0,0,20,3780
21076.0,9408.56558222199,0.0,0,20,3780
21077.0,9408.56558222199,0.0,0,20,3780
21078.0,9408.56558222199,0.0,0,20,3780
21079.0,9408.56558222199,0.0,0,20,3780
21080.0,9408.56558222199,0.0,0,20,3780
21081.0,9408.56558222199,0.0,0,20,3780
21082.0,9408.56558222199,0.0,0,20,3780
21083.0,9408.56558222199,0.0,0,20,3780
21084.0,9408.56558222199,0.0,0,20,3780
21085.0,9408.56558222199,0.0,0,20,3780
21086.0,9408.56558222199,0.0,0,20,3780
21087.0,9408.56558222199,0.0,0,20,3780
21088.0,9408.56558222199,0.0,0,20,3780
21089.0,9408.56558222199,0.0,0,20,3780
21090.0,9408.56558222199,0.0,0,20,3780
21091.0,9408.56558222199,0.0,0,20,3780
21092.0,9408.56558222199,0.0,0,20,3780
21093.0,9408.56558222199,0.0,0,20,3780
21094.0,9408.56558222199,0.0,0,20,3780
21095.0,9408.56558222199,0.0,0,20,3780
21096.0,9408.56558222199,0.0,0,20,3780
21097.0,9408.56558222199,0.0,0,20,3780
21098.0,9408.56558222199,0.0,0,20,3780
21099.0,9408.56558222199,0.0,0,20,3780
21100.0,9408.56558222199,0.0,0,20,3780
21101.0,9408.56558222199,0.0,0,20,3780
21102.0,9408.56558222199,0.0,0,20,3780
21103.0,9408.56558222199,0.0,0,20,3780
21104.0,9408.56558222199,0.0,0,20,3780
21105.0,9408.56558222199,0.0,0,20,3780
21106.0,9408.56558222199,0.0,0,20,3780
21107.0,9408.56558222199,0.0,0,20,3780
21108.0,9408.56558222199,0.0,0,20,3780
21109.0,9408.56558222199,0.0,0,20,3780
21110.0,9408.56558222199,0.0,0,20,3780
21111.0,9408.56558222199,0.0,0,20,3780
21112.0,9408.56558222199,0.0,0,20,3780
21113.0,9408.56558222199,0.0,0,20,3780
21114.0,9408.56558222199,0.0,0,20,3780
21115.0,9408.56558222199,0.0,0,20,3780
21116.0,9408.56558222199,0.0,0,20,3780
21117.0,9408.56558222199,0.0,0,20,3780
21118.0,9408.56558222199,0.0,0,20,3780
21119.0,9408.56558222199,0.0,0,20,3780
21120.0,9408.56558222199,0.0,0,20,3780
21121.0,9408.56558222199,0.0,0,20,3780
21122.0,9408.56558222199,0.0,0,20,3780
21123.0,9408.56558222199,0.0,0,20,3780
21124.0,9408.56558222199,0.0,0,20,3780
21125.0,9408.56558222199,0.0,0,20,3780
21126.0,9408.56558222199,0.0,0,20,3780
21127.0,9408.56558222199,0.0,0,20,3780
21128.0,9408.56558222199,0.0,0,20,3780
21129.0,9408.56558222199,0.0,0,20,3780
21130.0,9408.56558222199,0.0,0,20,3780
21131.0,9408.56558222199,0.0,0,20,3780
21132.0,9408.56558222199,0.0,0,20,3780
21133.0,9408.56558222199,0.0,0,20,3780
21134.0,9408.56558222199,0.0,0,20,3780
21135.0,9408.56558222199,0.0,0,20,3780
21136.0,9408.56558222199,0.0,0,20,3780
21137.0,9408.56558222199,0.0,0,20,3780
21138.0,9408.56558222199,0.0,0,20,3780
21139.0,9408.56558222199,0.0,0,20,3780
21140.0,9408.56558222199,0.0,0,20,3780
21141.0,9408.56558222199,0.0,0,20,3780
21142.0,9408.56558222199,0.0,0,20,3780
21143.0,9408.56558222199,0.0,0,20,3780
21144.0,9408.56558222199,0.0,0,20,3780
21145.0,9408.56558222199,0.0,0,20,3780
21146.0,9408.56558222199,0.0,0,20,3780
21147.0,9408.56558222199,0.0,0,20,3780
21148.0,9408.56558222199,0.0,0,20,3780
21149.0,9408.56558222199,0.0,0,20,3780
21150.0,9408.56558222199,0.0,0,20,3780
21151.0,9408.56558222199,0.0,0,20,3780
21152.0,9408.56558222199,0.0,0,20,3780
21153.0,9408.56558222199,0.0,0,20,3780
21154.0,9408.56558222199,0.0,0,20,3780
21155.0,9408.56558222199,0.0,0,20,3780
21156.0,9408.56558222199,0.0,0,20,3780
21157.0,9408.56558222199,0.0,0,20,3780
21158.0,9408.56558222199,0.0,0,20,3780
21159.0,9408.56558222199,0.0,0,20,3780
21160.0,9408.56558222199,0.0,0,20,3780
21161.0,9408.56558222199,0.0,0,20,3780
21162.0,9408.56558222199,0.0,0,20,3780
21163.0,9408.56558222199,0.0,0,20,3780
21164.0,9408.56558222199,0.0,0,20,3780
21165.0,9408.56558222199,0.0,0,20,3780
21166.0,9408.56558222199,0.0,0,20,3780
21167.0,9408.56558222199,0.0,0,20,3780
21168.0,9408.56558222199,0.0,0,20,3780
21169.0,9408.56558222199,0.0,0,20,3780
21170.0,9408.56558222199,0.0,0,20,3780
21171.0,9408.56558222199,0.0,0,20,3780
21172.0,9408.56558222199,0.0,0,20,3780
21173.0,9408.56558222199,0.0,0,20,3780
21174.0,9408.56558222199,0.0,0,20,3780
21175.0,9408.56558222199,0.0,0,20,3780
21176.0,9408.56558222199,0.0,0,20,3780
21177.0,9408.56558222199,0.0,0,20,3780
21178.0,9408.56558222199,0.0,0,20,3780
21179.0,9408.56558222199,0.0,0,20,3780
21180.0,9408.56558222199,0.0,0,20,3780
21181.0,9408.56558222199,0.0,0,20,3780
21182.0,9408.56558222199,0.0,0,20,3780
21183.0,9408.56558222199,0.0,0,20,3780
21184.0,9408.56558222199,0.0,0,20,3780
21185.0,9408.56558222199,0.0,0,20,3780
21186.0,9408.56558222199,0.0,0,20,3780
21187.0,9408.56558222199,0.0,0,20,3780
21188.0,9408.56558222199,0.0,0,20,3780
21189.0,9408.56558222199,0.0,0,20,3780
21190.0,9408.56558222199,0.0,0,20,3780
21191.0,9408.56558222199,0.0,0,20,3780
21192.0,9408.56558222199,0.0,0,20,3780
21193.0,9408.56558222199,0.0,0,20,3780
21194.0,9408.56558222199,0.0,0,20,3780
21195.0,9408.56558222199,0.0,0,20,3780
21196.0,9408.56558222199,0.0,0,20,3780
21197.0,9408.56558222199,0.0,0,20,3780
21198.0,9408.56558222199,0.0,0,20,3780
21199.0,9408.56558222199,0.0,0,20,3780
21200.0,9408.56558222199,0.0,0,20,3780
21201.0,9408.56558222199,0.0,0,20,3780
21202.0,9408.56558222199,0.0,0,20,3780
21203.0,9408.56558222199,0.0,0,20,3780
21204.0,9408.56558222199,0.0,0,20,3780
21205.0,9408.56558222199,0.0,0,20,3780
21206.0,9408.56558222199,0.0,0,20,3780
21207.0,9408.56558222199,0.0,0,20,3780
21208.0,9408.56558222199,0.0,0,20,3780
21209.0,9408.56558222199,0.0,0,20,3780
21210.0,9408.56558222199,0.0,0,20,3780
21211.0,9408.56558222199,0.0,0,20,3780
21212.0,9408.56558222199,0.0,0,20,3780
21213.0,9408.56558222199,0.0,0,20,3780
21214.0,9408.56558222199,0.0,0,20,3780
21215.0,9408.56558222199,0.0,0,20,3780
21216.0,9408.56558222199,0.0,0,20,3780
21217.0,9408.56558222199,0.0,0,20,3780
21218.0,9408.56558222199,0.0,0,20,3780
21219.0,9408.56558222199,0.0,0,20,3780
21220.0,9408.56558222199,0.0,0,20,3780
21221.0,9408.56558222199,0.0,0,20,3780
21222.0,9408.56558222199,0.0,0,20,3780
21223.0,9408.56558222199,0.0,0,20,3780
21224.0,9408.56558222199,0.0,0,20,3780
21225.0,9408.56558222199,0.0,0,20,3780
21226.0,9408.56558222199,0.0,0,20,3780
21227.0,9408.56558222199,0.0,0,20,3780
21228.0,9408.56558222199,0.0,0,20,3780
21229.0,9408.56558222199,0.0,0,20,3780
21230.0,9408.56558222199,0.0,0,20,3780
21231.0,9408.56558222199,0.0,0,20,3780
21232.0,9408.56558222199,0.0,0,20,3780
21233.0,9408.56558222199,0.0,0,20,3780
21234.0,9408.56558222199,0.0,0,20,3780
21235.0,9408.56558222199,0.0,0,20,3780
21236.0,9408.56558222199,0.0,0,20,3780
21237.0,9408.56558222199,0.0,0,20,3780
21238.0,9408.56558222199,0.0,0,20,3780
21239.0,9408.56558222199,0.0,0,20,3780
21240.0,9408.56558222199,0.0,0,20,3780
21241.0,9408.56558222199,0.0,0,20,3780
21242.0,9408.56558222199,0.0,0,20,3780
21243.0,9408.56558222199,0.0,0,20,3780
21244.0,9408.56558222199,0.0,0,20,3780
21245.0,9408.56558222199,0.0,0,20,3780
21246.0,9408.56558222199,0.0,0,20,3780
21247.0,9408.56558222199,0.0,0,20,3780
21248.0,9408.56558222199,0.0,0,20,3780
21249.0,9408.56558222199,0.0,0,20,3780
21250.0,9408.56558222199,0.0,0,20,3780
21251.0,9408.56558222199,0.0,0,20,3780
21252.0,9408.56558222199,0.0,0,20,3780
21253.0,9408.56558222199,0.0,0,20,3780
21254.0,9408.56558222199,0.0,0,20,3780
21255.0,9408.56558222199,0.0,0,20,3780
21256.0,9408.56558222199,0.0,0,20,3780
21257.0,9408.56558222199,0.0,0,20,3780
21258.0,9408.56558222199,0.0,0,20,3780
21259.0,9408.56558222199,0.0,0,20,3780
21260.0,9408.56558222199,0.0,0,20,3780
21261.0,9408.56558222199,0.0,0,20,3780
21262.0,9408.56558222199,0.0,0,20,3780
21263.0,9408.56558222199,0.0,0,20,3780
21264.0,9408.56558222199,0.0,0,20,3780
21265.0,9408.56558222199,0.0,0,20,3780
21266.0,9408.56558222199,0.0,0,20,3780
21267.0,9408.56558222199,0.0,0,20,3780
21268.0,9408.56558222199,0.0,0,20,3780
21269.0,9408.56558222199,0.0,0,20,3780
21270.0,9408.56558222199,0.0,0,20,3780
21271.0,9408.56558222199,0.0,0,20,3780
21272.0,9408.56558222199,0.0,0,20,3780
21273.0,9408.56558222199,0.0,0,20,3780
21274.0,9408.56558222199,0.0,0,20,3780
21275.0,9408.56558222199,0.0,0,20,3780
21276.0,9408.56558222199,0.0,0,20,3780
21277.0,9408.56558222199,0.0,0,20,3780
21278.0,9408.56558222199,0.0,0,20,3780
21279.0,9408.56558222199,0.0,0,20,3780
21280.0,9408.56558222199,0.0,0,20,3780
21281.0,9408.56558222199,0.0,0,20,3780
21282.0,9408.56558222199,0.0,0,20,3780
21283.0,9408.56558222199,0.0,0,20,3780
21284.0,9408.56558222199,0.0,0,20,3780
21285.0,9408.56558222199,0.0,0,20,3780
21286.0,9408.56558222199,0.0,0,20,3780
21287.0,9408.56558222199,0.0,0,20,3780
21288.0,9408.56558222199,0.0,0,20,3780
21289.0,9408.56558222199,0.0,0,20,3780
21290.0,9408.56558222199,0.0,0,20,3780
21291.0,9408.56558222199,0.0,0,20,3780
21292.0,9408.56558222199,0.0,0,20,3780
21293.0,9408.56558222199,0.0,0,20,3780
21294.0,9408.56558222199,0.0,0,20,3780
21295.0,9408.56558222199,0.0,0,20,3780
21296.0,9408.56558222199,0.0,0,20,3780
21297.0,9408.56558222199,0.0,0,20,3780
21298.0,9408.56558222199,0.0,0,20,3780
21299.0,9408.56558222199,0.0,0,20,3780
21300.0,9408.56558222199,0.0,0,20,3780
21301.0,9408.56558222199,0.0,0,20,3780
21302.0,9408.56558222199,0.0,0,20,3780
21303.0,9408.56558222199,0.0,0,20,3780
21304.0,9408.56558222199,0.0,0,20,3780
21305.0,9408.56558222199,0.0,0,20,3780
21306.0,9408.56558222199,0.0,0,20,3780
21307.0,9408.56558222199,0.0,0,20,3780
21308.0,9408.56558222199,0.0,0,20,3780
21309.0,9408.56558222199,0.0,0,20,3780
21310.0,9408.56558222199,0.0,0,20,3780
21311.0,9408.56558222199,0.0,0,20,3780
21312.0,9408.56558222199,0.0,0,20,3780
21313.0,9408.56558222199,0.0,0,20,3780
21314.0,9408.56558222199,0.0,0,20,3780
21315.0,9408.56558222199,0.0,0,20,3780
21316.0,9408.56558222199,0.0,0,20,3780
21317.0,9408.56558222199,0.0,0,20,3780
21318.0,9408.56558222199,0.0,0,20,3780
21319.0,9408.56558222199,0.0,0,20,3780
21320.0,9408.56558222199,0.0,0,20,3780
21321.0,9408.56558222199,0.0,0,20,3780
21322.0,9408.56558222199,0.0,0,20,3780
21323.0,9408.56558222199,0.0,0,20,3780
21324.0,9408.56558222199,0.0,0,20,3780
21325.0,9408.56558222199,0.0,0,20,3780
21326.0,9408.56558222199,0.0,0,20,3780
21327.0,9408.56558222199,0.0,0,20,3780
21328.0,9408.56558222199,0.0,0,20,3780
21329.0,9408.56558222199,0.0,0,20,3780
21330.0,9408.56558222199,0.0,0,20,3780
21331.0,9408.56558222199,0.0,0,20,3780
21332.0,9408.56558222199,0.0,0,20,3780
21333.0,9408.56558222199,0.0,0,20,3780
21334.0,9408.56558222199,0.0,0,20,3780
21335.0,9408.56558222199,0.0,0,20,3780
21336.0,9408.56558222199,0.0,0,20,3780
21337.0,9408.56558222199,0.0,0,20,3780
21338.0,9408.56558222199,0.0,0,20,3780
21339.0,9408.56558222199,0.0,0,20,3780
21340.0,9408.56558222199,0.0,0,20,3780
21341.0,9408.56558222199,0.0,0,20,3780
21342.0,9408.56558222199,0.0,0,20,3780
21343.0,9408.56558222199,0.0,0,20,3780
21344.0,9408.56558222199,0.0,0,20,3780
21345.0,9408.56558222199,0.0,0,20,3780
21346.0,9408.56558222199,0.0,0,20,3780
21347.0,9408.56558222199,0.0,0,20,3780
21348.0,9408.56558222199,0.0,0,20,3780
21349.0,9408.56558222199,0.0,0,20,3780
21350.0,9408.56558222199,0.0,0,20,3780
21351.0,9408.56558222199,0.0,0,20,3780
21352.0,9408.56558222199,0.0,0,20,3780
21353.0,9408.56558222199,0.0,0,20,3780
21354.0,9408.56558222199,0.0,0,20,3780
21355.0,9408.56558222199,0.0,0,20,3780
21356.0,9408.56558222199,0.0,0,20,3780
21357.0,9408.56558222199,0.0,0,20,3780
21358.0,9408.56558222199,0.0,0,20,3780
21359.0,9408.56558222199,0.0,0,20,3780
21360.0,9408.56558222199,0.0,0,20,3780
21361.0,9408.56558222199,0.0,0,20,3780
21362.0,9408.56558222199,0.0,0,20,3780
21363.0,9408.56558222199,0.0,0,20,3780
21364.0,9408.56558222199,0.0,0,20,3780
21365.0,9408.56558222199,0.0,0,20,3780
21366.0,9408.56558222199,0.0,0,20,3780
21367.0,9408.56558222199,0.0,0,20,3780
21368.0,9408.56558222199,0.0,0,20,3780
21369.0,9408.56558222199,0.0,0,20,3780
21370.0,9408.56558222199,0.0,0,20,3780
21371.0,9408.56558222199,0.0,0,20,3780
21372.0,9408.56558222199,0.0,0,20,3780
21373.0,9408.56558222199,0.0,0,20,3780
21374.0,9408.56558222199,0.0,0,20,3780
21375.0,9408.56558222199,0.0,0,20,3780
21376.0,9408.56558222199,0.0,0,20,3780
21377.0,9408.56558222199,0.0,0,20,3780
21378.0,9408.56558222199,0.0,0,20,3780
21379.0,9408.56558222199,0.0,0,20,3780
21380.0,9408.56558222199,0.0,0,20,3780
21381.0,9408.56558222199,0.0,0,20,3780
21382.0,9408.56558222199,0.0,0,20,3780
21383.0,9408.56558222199,0.0,0,20,3780
21384.0,9408.56558222199,0.0,0,20,3780
21385.0,9408.56558222199,0.0,0,20,3780
21386.0,9408.56558222199,0.0,0,20,3780
21387.0,9408.56558222199,0.0,0,20,3780
21388.0,9408.56558222199,0.0,0,20,3780
21389.0,9408.56558222199,0.0,0,20,3780
21390.0,9408.56558222199,0.0,0,20,3780
21391.0,9408.56558222199,0.0,0,20,3780
21392.0,9408.56558222199,0.0,0,20,3780
21393.0,9408.56558222199,0.0,0,20,3780
21394.0,9408.56558222199,0.0,0,20,3780
21395.0,9408.56558222199,0.0,0,20,3780
21396.0,9408.56558222199,0.0,0,20,3780
21397.0,9408.56558222199,0.0,0,20,3780
21398.0,9408.56558222199,0.0,0,20,3780
21399.0,9408.56558222199,0.0,0,20,3780
21400.0,9408.56558222199,0.0,0,20,3780
21401.0,9408.56558222199,0.0,0,20,3780
21402.0,9408.56558222199,0.0,0,20,3780
21403.0,9408.56558222199,0.0,0,20,3780
21404.0,9408.56558222199,0.0,0,20,3780
21405.0,9408.56558222199,0.0,0,20,3780
21406.0,9408.56558222199,0.0,0,20,3780
21407.0,9408.56558222199,0.0,0,20,3780
21408.0,9408.56558222199,0.0,0,20,3780
21409.0,9408.56558222199,0.0,0,20,3780
21410.0,9408.56558222199,0.0,0,20,3780
21411.0,9408.56558222199,0.0,0,20,3780
21412.0,9408.56558222199,0.0,0,20,3780
21413.0,9408.56558222199,0.0,0,20,3780
21414.0,9408.56558222199,0.0,0,20,3780
21415.0,9408.56558222199,0.0,0,20,3780
21416.0,9408.56558222199,0.0,0,20,3780
21417.0,9408.56558222199,0.0,0,20,3780
21418.0,9408.56558222199,0.0,0,20,3780
21419.0,9408.56558222199,0.0,0,20,3780
21420.0,9408.56558222199,0.0,0,20,3780
21421.0,9408.56558222199,0.0,0,20,3780
21422.0,9408.56558222199,0.0,0,20,3780
21423.0,9408.56558222199,0.0,0,20,3780
21424.0,9408.56558222199,0.0,0,20,3780
21425.0,9408.56558222199,0.0,0,20,3780
21426.0,9408.56558222199,0.0,0,20,3780
21427.0,9408.56558222199,0.0,0,20,3780
21428.0,9408.56558222199,0.0,0,20,3780
21429.0,9408.56558222199,0.0,0,20,3780
21430.0,9408.56558222199,0.0,0,20,3780
21431.0,9408.56558222199,0.0,0,20,3780
21432.0,9408.56558222199,0.0,0,20,3780
21433.0,9408.56558222199,0.0,0,20,3780
21434.0,9408.56558222199,0.0,0,20,3780
21435.0,9408.56558222199,0.0,0,20,3780
21436.0,9408.56558222199,0.0,0,20,3780
21437.0,9408.56558222199,0.0,0,20,3780
21438.0,9408.56558222199,0.0,0,20,3780
21439.0,9408.56558222199,0.0,0,20,3780
21440.0,9408.56558222199,0.0,0,20,3780
21441.0,9408.56558222199,0.0,0,20,3780
21442.0,9408.56558222199,0.0,0,20,3780
21443.0,9408.56558222199,0.0,0,20,3780
21444.0,9408.56558222199,0.0,0,20,3780
21445.0,9408.56558222199,0.0,0,20,3780
21446.0,9408.56558222199,0.0,0,20,3780
21447.0,9408.56558222199,0.0,0,20,3780
21448.0,9408.56558222199,0.0,0,20,3780
21449.0,9408.56558222199,0.0,0,20,3780
21450.0,9408.56558222199,0.0,0,20,3780
21451.0,9408.56558222199,0.0,0,20,3780
21452.0,9408.56558222199,0.0,0,20,3780
21453.0,9408.56558222199,0.0,0,20,3780
21454.0,9408.56558222199,0.0,0,20,3780
21455.0,9408.56558222199,0.0,0,20,3780
21456.0,9408.56558222199,0.0,0,20,3780
21457.0,9408.56558222199,0.0,0,20,3780
21458.0,9408.56558222199,0.0,0,20,3780
21459.0,9408.56558222199,0.0,0,20,3780
21460.0,9408.56558222199,0.0,0,20,3780
21461.0,9408.56558222199,0.0,0,20,3780
21462.0,9408.56558222199,0.0,0,20,3780
21463.0,9408.56558222199,0.0,0,20,3780
21464.0,9408.56558222199,0.0,0,20,3780
21465.0,9408.56558222199,0.0,0,20,3780
21466.0,9408.56558222199,0.0,0,20,3780
21467.0,9408.56558222199,0.0,0,20,3780
21468.0,9408.56558222199,0.0,0,20,3780
21469.0,9408.56558222199,0.0,0,20,3780
21470.0,9408.56558222199,0.0,0,20,3780
21471.0,9408.56558222199,0.0,0,20,3780
21472.0,9408.56558222199,0.0,0,20,3780
21473.0,9408.56558222199,0.0,0,20,3780
21474.0,9408.56558222199,0.0,0,20,3780
21475.0,9408.56558222199,0.0,0,20,3780
21476.0,9408.56558222199,0.0,0,20,3780
21477.0,9408.56558222199,0.0,0,20,3780
21478.0,9408.56558222199,0.0,0,20,3780
21479.0,9408.56558222199,0.0,0,20,3780
21480.0,9408.56558222199,0.0,0,20,3780
21481.0,9408.56558222199,0.0,0,20,3780
21482.0,9408.56558222199,0.0,0,20,3780
21483.0,9408.56558222199,0.0,0,20,3780
21484.0,9408.56558222199,0.0,0,20,3780
21485.0,9408.56558222199,0.0,0,20,3780
21486.0,9408.56558222199,0.0,0,20,3780
21487.0,9408.56558222199,0.0,0,20,3780
21488.0,9408.56558222199,0.0,0,20,3780
21489.0,9408.56558222199,0.0,0,20,3780
21490.0,9408.56558222199,0.0,0,20,3780
21491.0,9408.56558222199,0.0,0,20,3780
21492.0,9408.56558222199,0.0,0,20,3780
21493.0,9408.56558222199,0.0,0,20,3780
21494.0,9408.56558222199,0.0,0,20,3780
21495.0,9408.56558222199,0.0,0,20,3780
21496.0,9408.56558222199,0.0,0,20,3780
21497.0,9408.56558222199,0.0,0,20,3780
21498.0,9408.56558222199,0.0,0,20,3780
21499.0,9408.56558222199,0.0,0,20,3780
21500.0,9408.56558222199,0.0,0,20,3780
21501.0,9408.56558222199,0.0,0,20,3780
21502.0,9408.56558222199,0.0,0,20,3780
21503.0,9408.56558222199,0.0,0,20,3780
21504.0,9408.56558222199,0.0,0,20,3780
21505.0,9408.56558222199,0.0,0,20,3780
21506.0,9408.56558222199,0.0,0,20,3780
21507.0,9408.56558222199,0.0,0,20,3780
21508.0,9408.56558222199,0.0,0,20,3780
21509.0,9408.56558222199,0.0,0,20,3780
21510.0,9408.56558222199,0.0,0,20,3780
21511.0,9408.56558222199,0.0,0,20,3780
21512.0,9408.56558222199,0.0,0,20,3780
21513.0,9408.56558222199,0.0,0,20,3780
21514.0,9408.56558222199,0.0,0,20,3780
21515.0,9408.56558222199,0.0,0,20,3780
21516.0,9408.56558222199,0.0,0,20,3780
21517.0,9408.56558222199,0.0,0,20,3780
21518.0,9408.56558222199,0.0,0,20,3780
21519.0,9408.56558222199,0.0,0,20,3780
21520.0,9408.56558222199,0.0,0,20,3780
21521.0,9408.56558222199,0.0,0,20,3780
21522.0,9408.56558222199,0.0,0,20,3780
21523.0,9408.56558222199,0.0,0,20,3780
21524.0,9408.56558222199,0.0,0,20,3780
21525.0,9408.56558222199,0.0,0,20,3780
21526.0,9408.56558222199,0.0,0,20,3780
21527.0,9408.56558222199,0.0,0,20,3780
21528.0,9408.56558222199,0.0,0,20,3780
21529.0,9408.56558222199,0.0,0,20,3780
21530.0,9408.56558222199,0.0,0,20,3780
21531.0,9408.56558222199,0.0,0,20,3780
21532.0,9408.56558222199,0.0,0,20,3780
21533.0,9408.56558222199,0.0,0,20,3780
21534.0,9408.56558222199,0.0,0,20,3780
21535.0,9408.56558222199,0.0,0,20,3780
21536.0,9408.56558222199,0.0,0,20,3780
21537.0,9408.56558222199,0.0,0,20,3780
21538.0,9408.56558222199,0.0,0,20,3780
21539.0,9408.56558222199,0.0,0,20,3780
21540.0,9408.56558222199,0.0,0,20,3780
21541.0,9408.56558222199,0.0,0,20,3780
21542.0,9408.56558222199,0.0,0,20,3780
21543.0,9408.56558222199,0.0,0,20,3780
21544.0,9408.56558222199,0.0,0,20,3780
21545.0,9408.56558222199,0.0,0,20,3780
21546.0,9408.56558222199,0.0,0,20,3780
21547.0,9408.56558222199,0.0,0,20,3780
21548.0,9408.56558222199,0.0,0,20,3780
21549.0,9408.56558222199,0.0,0,20,3780
21550.0,9408.56558222199,0.0,0,20,3780
21551.0,9408.56558222199,0.0,0,20,3780
21552.0,9408.56558222199,0.0,0,20,3780
21553.0,9408.56558222199,0.0,0,20,3780
21554.0,9408.56558222199,0.0,0,20,3780
21555.0,9408.56558222199,0.0,0,20,3780
21556.0,9408.56558222199,0.0,0,20,3780
21557.0,9408.56558222199,0.0,0,20,3780
21558.0,9408.56558222199,0.0,0,20,3780
21559.0,9408.56558222199,0.0,0,20,3780
21560.0,9408.56558222199,0.0,0,20,3780
21561.0,9408.56558222199,0.0,0,20,3780
21562.0,9408.56558222199,0.0,0,20,3780
21563.0,9408.56558222199,0.0,0,20,3780
21564.0,9408.56558222199,0.0,0,20,3780
21565.0,9408.56558222199,0.0,0,20,3780
21566.0,9408.56558222199,0.0,0,20,3780
21567.0,9408.56558222199,0.0,0,20,3780
21568.0,9408.56558222199,0.0,0,20,3780
21569.0,9408.56558222199,0.0,0,20,3780
21570.0,9408.56558222199,0.0,0,20,3780
21571.0,9408.56558222199,0.0,0,20,3780
21572.0,9408.56558222199,0.0,0,20,3780
21573.0,9408.56558222199,0.0,0,20,3780
21574.0,9408.56558222199,0.0,0,20,3780
21575.0,9408.56558222199,0.0,0,20,3780
21576.0,9408.56558222199,0.0,0,20,3780
21577.0,9408.56558222199,0.0,0,20,3780
21578.0,9408.56558222199,0.0,0,20,3780
21579.0,9408.56558222199,0.0,0,20,3780
21580.0,9408.56558222199,0.0,0,20,3780
21581.0,9408.56558222199,0.0,0,20,3780
21582.0,9408.56558222199,0.0,0,20,3780
21583.0,9408.56558222199,0.0,0,20,3780
21584.0,9408.56558222199,0.0,0,20,3780
21585.0,9408.56558222199,0.0,0,20,3780
21586.0,9408.56558222199,0.0,0,20,3780
21587.0,9408.56558222199,0.0,0,20,3780
21588.0,9408.56558222199,0.0,0,20,3780
21589.0,9408.56558222199,0.0,0,20,3780
21590.0,9408.56558222199,0.0,0,20,3780
21591.0,9408.56558222199,0.0,0,20,3780
21592.0,9408.56558222199,0.0,0,20,3780
21593.0,9408.56558222199,0.0,0,20,3780
21594.0,9408.56558222199,0.0,0,20,3780
21595.0,9408.56558222199,0.0,0,20,3780
21596.0,9408.56558222199,0.0,0,20,3780
21597.0,9408.56558222199,0.0,0,20,3780
21598.0,9408.56558222199,0.0,0,20,3780
21599.0,9408.56558222199,0.0,0,20,3780
21600.0,9408.56558222199,0.0,0,20,3780
21601.0,9408.56558222199,0.0,0,20,3780
21602.0,9408.56558222199,0.0,0,20,3780
21603.0,9408.56558222199,0.0,0,20,3780
21604.0,9408.56558222199,0.0,0,20,3780
21605.0,9408.56558222199,0.0,0,20,3780
21606.0,9408.56558222199,0.0,0,20,3780
21607.0,9408.56558222199,0.0,0,20,3780
21608.0,9408.56558222199,0.0,0,20,3780
21609.0,9408.56558222199,0.0,0,20,3780
21610.0,9408.56558222199,0.0,0,20,3780
21611.0,9408.56558222199,0.0,0,20,3780
21612.0,9408.56558222199,0.0,0,20,3780
21613.0,9408.56558222199,0.0,0,20,3780
21614.0,9408.56558222199,0.0,0,20,3780
21615.0,9408.56558222199,0.0,0,20,3780
21616.0,9408.56558222199,0.0,0,20,3780
21617.0,9408.56558222199,0.0,0,20,3780
21618.0,9408.56558222199,0.0,0,20,3780
21619.0,9408.56558222199,0.0,0,20,3780
21620.0,9408.56558222199,0.0,0,20,3780
21621.0,9408.56558222199,0.0,0,20,3780
21622.0,9408.56558222199,0.0,0,20,3780
21623.0,9408.56558222199,0.0,0,20,3780
21624.0,9408.56558222199,0.0,0,20,3780
21625.0,9408.56558222199,0.0,0,20,3780
21626.0,9408.56558222199,0.0,0,20,3780
21627.0,9408.56558222199,0.0,0,20,3780
21628.0,9408.56558222199,0.0,0,20,3780
21629.0,9408.56558222199,0.0,0,20,3780
21630.0,9408.56558222199,0.0,0,20,3780
21631.0,9408.56558222199,0.0,0,20,3780
21632.0,9408.56558222199,0.0,0,20,3780
21633.0,9408.56558222199,0.0,0,20,3780
21634.0,9408.56558222199,0.0,0,20,3780
21635.0,9408.56558222199,0.0,0,20,3780
21636.0,9408.56558222199,0.0,0,20,3780
21637.0,9408.56558222199,0.0,0,20,3780
21638.0,9408.56558222199,0.0,0,20,3780
21639.0,9408.56558222199,0.0,0,20,3780
21640.0,9408.56558222199,0.0,0,20,3780
21641.0,9408.56558222199,0.0,0,20,3780
21642.0,9408.56558222199,0.0,0,20,3780
21643.0,9408.56558222199,0.0,0,20,3780
21644.0,9408.56558222199,0.0,0,20,3780
21645.0,9408.56558222199,0.0,0,20,3780
21646.0,9408.56558222199,0.0,0,20,3780
21647.0,9408.56558222199,0.0,0,20,3780
21648.0,9408.56558222199,0.0,0,20,3780
21649.0,9408.56558222199,0.0,0,20,3780
21650.0,9408.56558222199,0.0,0,20,3780
21651.0,9408.56558222199,0.0,0,20,3780
21652.0,9408.56558222199,0.0,0,20,3780
21653.0,9408.56558222199,0.0,0,20,3780
21654.0,9408.56558222199,0.0,0,20,3780
21655.0,9408.56558222199,0.0,0,20,3780
21656.0,9408.56558222199,0.0,0,20,3780
21657.0,9408.56558222199,0.0,0,20,3780
21658.0,9408.56558222199,0.0,0,20,3780
21659.0,9408.56558222199,0.0,0,20,3780
21660.0,9408.56558222199,0.0,0,20,3780
21661.0,9408.56558222199,0.0,0,20,3780
21662.0,9408.56558222199,0.0,0,20,3780
21663.0,9408.56558222199,0.0,0,20,3780
21664.0,9408.56558222199,0.0,0,20,3780
21665.0,9408.56558222199,0.0,0,20,3780
21666.0,9408.56558222199,0.0,0,20,3780
21667.0,9408.56558222199,0.0,0,20,3780
21668.0,9408.56558222199,0.0,0,20,3780
21669.0,9408.56558222199,0.0,0,20,3780
21670.0,9408.56558222199,0.0,0,20,3780
21671.0,9408.56558222199,0.0,0,20,3780
21672.0,9408.56558222199,0.0,0,20,3780
21673.0,9408.56558222199,0.0,0,20,3780
21674.0,9408.56558222199,0.0,0,20,3780
21675.0,9408.56558222199,0.0,0,20,3780
21676.0,9408.56558222199,0.0,0,20,3780
21677.0,9408.56558222199,0.0,0,20,3780
21678.0,9408.56558222199,0.0,0,20,3780
21679.0,9408.56558222199,0.0,0,20,3780
21680.0,9408.56558222199,0.0,0,20,3780
21681.0,9408.56558222199,0.0,0,20,3780
21682.0,9408.56558222199,0.0,0,20,3780
21683.0,9408.56558222199,0.0,0,20,3780
21684.0,9408.56558222199,0.0,0,20,3780
21685.0,9408.56558222199,0.0,0,20,3780
21686.0,9408.56558222199,0.0,0,20,3780
21687.0,9408.56558222199,0.0,0,20,3780
21688.0,9408.56558222199,0.0,0,20,3780
21689.0,9408.56558222199,0.0,0,20,3780
21690.0,9408.56558222199,0.0,0,20,3780
21691.0,9408.56558222199,0.0,0,20,3780
21692.0,9408.56558222199,0.0,0,20,3780
21693.0,9408.56558222199,0.0,0,20,3780
21694.0,9408.56558222199,0.0,0,20,3780
21695.0,9408.56558222199,0.0,0,20,3780
21696.0,9408.56558222199,0.0,0,20,3780
21697.0,9408.56558222199,0.0,0,20,3780
21698.0,9408.56558222199,0.0,0,20,3780
21699.0,9408.56558222199,0.0,0,20,3780
21700.0,9408.56558222199,0.0,0,20,3780
21701.0,9408.56558222199,0.0,0,20,3780
21702.0,9408.56558222199,0.0,0,20,3780
21703.0,9408.56558222199,0.0,0,20,3780
21704.0,9408.56558222199,0.0,0,20,3780
21705.0,9408.56558222199,0.0,0,20,3780
21706.0,9408.56558222199,0.0,0,20,3780
21707.0,9408.56558222199,0.0,0,20,3780
21708.0,9408.56558222199,0.0,0,20,3780
21709.0,9408.56558222199,0.0,0,20,3780
21710.0,9408.56558222199,0.0,0,20,3780
21711.0,9408.56558222199,0.0,0,20,3780
21712.0,9408.56558222199,0.0,0,20,3780
21713.0,9408.56558222199,0.0,0,20,3780
21714.0,9408.56558222199,0.0,0,20,3780
21715.0,9408.56558222199,0.0,0,20,3780
21716.0,9408.56558222199,0.0,0,20,3780
21717.0,9408.56558222199,0.0,0,20,3780
21718.0,9408.56558222199,0.0,0,20,3780
21719.0,9408.56558222199,0.0,0,20,3780
21720.0,9408.56558222199,0.0,0,20,3780
21721.0,9408.56558222199,0.0,0,20,3780
21722.0,9408.56558222199,0.0,0,20,3780
21723.0,9408.56558222199,0.0,0,20,3780
21724.0,9408.56558222199,0.0,0,20,3780
21725.0,9408.56558222199,0.0,0,20,3780
21726.0,9408.56558222199,0.0,0,20,3780
21727.0,9408.56558222199,0.0,0,20,3780
21728.0,9408.56558222199,0.0,0,20,3780
21729.0,9408.56558222199,0.0,0,20,3780
21730.0,9408.56558222199,0.0,0,20,3780
21731.0,9408.56558222199,0.0,0,20,3780
21732.0,9408.56558222199,0.0,0,20,3780
21733.0,9408.56558222199,0.0,0,20,3780
21734.0,9408.56558222199,0.0,0,20,3780
21735.0,9408.56558222199,0.0,0,20,3780
21736.0,9408.56558222199,0.0,0,20,3780
21737.0,9408.56558222199,0.0,0,20,3780
21738.0,9408.56558222199,0.0,0,20,3780
21739.0,9408.56558222199,0.0,0,20,3780
21740.0,9408.56558222199,0.0,0,20,3780
21741.0,9408.56558222199,0.0,0,20,3780
21742.0,9408.56558222199,0.0,0,20,3780
21743.0,9408.56558222199,0.0,0,20,3780
21744.0,9408.56558222199,0.0,0,20,3780
21745.0,9408.56558222199,0.0,0,20,3780
21746.0,9408.56558222199,0.0,0,20,3780
21747.0,9408.56558222199,0.0,0,20,3780
21748.0,9408.56558222199,0.0,0,20,3780
21749.0,9408.56558222199,0.0,0,20,3780
21750.0,9408.56558222199,0.0,0,20,3780
21751.0,9408.56558222199,0.0,0,20,3780
21752.0,9408.56558222199,0.0,0,20,3780
21753.0,9408.56558222199,0.0,0,20,3780
21754.0,9408.56558222199,0.0,0,20,3780
21755.0,9408.56558222199,0.0,0,20,3780
21756.0,9408.56558222199,0.0,0,20,3780
21757.0,9408.56558222199,0.0,0,20,3780
21758.0,9408.56558222199,0.0,0,20,3780
21759.0,9408.56558222199,0.0,0,20,3780
21760.0,9408.56558222199,0.0,0,20,3780
21761.0,9408.56558222199,0.0,0,20,3780
21762.0,9408.56558222199,0.0,0,20,3780
21763.0,9408.56558222199,0.0,0,20,3780
21764.0,9408.56558222199,0.0,0,20,3780
21765.0,9408.56558222199,0.0,0,20,3780
21766.0,9408.56558222199,0.0,0,20,3780
21767.0,9408.56558222199,0.0,0,20,3780
21768.0,9408.56558222199,0.0,0,20,3780
21769.0,9408.56558222199,0.0,0,20,3780
21770.0,9408.56558222199,0.0,0,20,3780
21771.0,9408.56558222199,0.0,0,20,3780
21772.0,9408.56558222199,0.0,0,20,3780
21773.0,9408.56558222199,0.0,0,20,3780
21774.0,9408.56558222199,0.0,0,20,3780
21775.0,9408.56558222199,0.0,0,20,3780
21776.0,9408.56558222199,0.0,0,20,3780
21777.0,9408.56558222199,0.0,0,20,3780
21778.0,9408.56558222199,0.0,0,20,3780
21779.0,9408.56558222199,0.0,0,20,3780
21780.0,9408.56558222199,0.0,0,20,3780
21781.0,9408.56558222199,0.0,0,20,3780
21782.0,9408.56558222199,0.0,0,20,3780
21783.0,9408.56558222199,0.0,0,20,3780
21784.0,9408.56558222199,0.0,0,20,3780
21785.0,9408.56558222199,0.0,0,20,3780
21786.0,9408.56558222199,0.0,0,20,3780
21787.0,9408.56558222199,0.0,0,20,3780
21788.0,9408.56558222199,0.0,0,20,3780
21789.0,9408.56558222199,0.0,0,20,3780
21790.0,9408.56558222199,0.0,0,20,3780
21791.0,9408.56558222199,0.0,0,20,3780
21792.0,9408.56558222199,0.0,0,20,3780
21793.0,9408.56558222199,0.0,0,20,3780
21794.0,9408.56558222199,0.0,0,20,3780
21795.0,9408.56558222199,0.0,0,20,3780
21796.0,9408.56558222199,0.0,0,20,3780
21797.0,9408.56558222199,0.0,0,20,3780
21798.0,9408.56558222199,0.0,0,20,3780
21799.0,9408.56558222199,0.0,0,20,3780
21800.0,9408.56558222199,0.0,0,20,3780
21801.0,9408.56558222199,0.0,0,20,3780
21802.0,9408.56558222199,0.0,0,20,3780
21803.0,9408.56558222199,0.0,0,20,3780
21804.0,9408.56558222199,0.0,0,20,3780
21805.0,9408.56558222199,0.0,0,20,3780
21806.0,9408.56558222199,0.0,0,20,3780
21807.0,9408.56558222199,0.0,0,20,3780
21808.0,9408.56558222199,0.0,0,20,3780
21809.0,9408.56558222199,0.0,0,20,3780
21810.0,9408.56558222199,0.0,0,20,3780
21811.0,9408.56558222199,0.0,0,20,3780
21812.0,9408.56558222199,0.0,0,20,3780
21813.0,9408.56558222199,0.0,0,20,3780
21814.0,9408.56558222199,0.0,0,20,3780
21815.0,9408.56558222199,0.0,0,20,3780
21816.0,9408.56558222199,0.0,0,20,3780
21817.0,9408.56558222199,0.0,0,20,3780
21818.0,9408.56558222199,0.0,0,20,3780
21819.0,9408.56558222199,0.0,0,20,3780
21820.0,9408.56558222199,0.0,0,20,3780
21821.0,9408.56558222199,0.0,0,20,3780
21822.0,9408.56558222199,0.0,0,20,3780
21823.0,9408.56558222199,0.0,0,20,3780
21824.0,9408.56558222199,0.0,0,20,3780
21825.0,9408.56558222199,0.0,0,20,3780
21826.0,9408.56558222199,0.0,0,20,3780
21827.0,9408.56558222199,0.0,0,20,3780
21828.0,9408.56558222199,0.0,0,20,3780
21829.0,9408.56558222199,0.0,0,20,3780
21830.0,9408.56558222199,0.0,0,20,3780
21831.0,9408.56558222199,0.0,0,20,3780
21832.0,9408.56558222199,0.0,0,20,3780
21833.0,9408.56558222199,0.0,0,20,3780
21834.0,9408.56558222199,0.0,0,20,3780
21835.0,9408.56558222199,0.0,0,20,3780
21836.0,9408.56558222199,0.0,0,20,3780
21837.0,9408.56558222199,0.0,0,20,3780
21838.0,9408.56558222199,0.0,0,20,3780
21839.0,9408.56558222199,0.0,0,20,3780
21840.0,9408.56558222199,0.0,0,20,3780
21841.0,9408.56558222199,0.0,0,20,3780
21842.0,9408.56558222199,0.0,0,20,3780
21843.0,9408.56558222199,0.0,0,20,3780
21844.0,9408.56558222199,0.0,0,20,3780
21845.0,9408.56558222199,0.0,0,20,3780
21846.0,9408.56558222199,0.0,0,20,3780
21847.0,9408.56558222199,0.0,0,20,3780
21848.0,9408.56558222199,0.0,0,20,3780
21849.0,9408.56558222199,0.0,0,20,3780
21850.0,9408.56558222199,0.0,0,20,3780
21851.0,9408.56558222199,0.0,0,20,3780
21852.0,9408.56558222199,0.0,0,20,3780
21853.0,9408.56558222199,0.0,0,20,3780
21854.0,9408.56558222199,0.0,0,20,3780
21855.0,9408.56558222199,0.0,0,20,3780
21856.0,9408.56558222199,0.0,0,20,3780
21857.0,9408.56558222199,0.0,0,20,3780
21858.0,9408.56558222199,0.0,0,20,3780
21859.0,9408.56558222199,0.0,0,20,3780
21860.0,9408.56558222199,0.0,0,20,3780
21861.0,9408.56558222199,0.0,0,20,3780
21862.0,9408.56558222199,0.0,0,20,3780
21863.0,9408.56558222199,0.0,0,20,3780
21864.0,9408.56558222199,0.0,0,20,3780
21865.0,9408.56558222199,0.0,0,20,3780
21866.0,9408.56558222199,0.0,0,20,3780
21867.0,9408.56558222199,0.0,0,20,3780
21868.0,9408.56558222199,0.0,0,20,3780
21869.0,9408.56558222199,0.0,0,20,3780
21870.0,9408.56558222199,0.0,0,20,3780
21871.0,9408.56558222199,0.0,0,20,3780
21872.0,9408.56558222199,0.0,0,20,3780
21873.0,9408.56558222199,0.0,0,20,3780
21874.0,9408.56558222199,0.0,0,20,3780
21875.0,9408.56558222199,0.0,0,20,3780
21876.0,9408.56558222199,0.0,0,20,3780
21877.0,9408.56558222199,0.0,0,20,3780
21878.0,9408.56558222199,0.0,0,20,3780
21879.0,9408.56558222199,0.0,0,20,3780
21880.0,9408.56558222199,0.0,0,20,3780
21881.0,9408.56558222199,0.0,0,20,3780
21882.0,9408.56558222199,0.0,0,20,3780
21883.0,9408.56558222199,0.0,0,20,3780
21884.0,9408.56558222199,0.0,0,20,3780
21885.0,9408.56558222199,0.0,0,20,3780
21886.0,9408.56558222199,0.0,0,20,3780
21887.0,9408.56558222199,0.0,0,20,3780
21888.0,9408.56558222199,0.0,0,20,3780
21889.0,9408.56558222199,0.0,0,20,3780
21890.0,9408.56558222199,0.0,0,20,3780
21891.0,9408.56558222199,0.0,0,20,3780
21892.0,9408.56558222199,0.0,0,20,3780
21893.0,9408.56558222199,0.0,0,20,3780
21894.0,9408.56558222199,0.0,0,20,3780
21895.0,9408.56558222199,0.0,0,20,3780
21896.0,9408.56558222199,0.0,0,20,3780
21897.0,9408.56558222199,0.0,0,20,3780
21898.0,9408.56558222199,0.0,0,20,3780
21899.0,9408.56558222199,0.0,0,20,3780
21900.0,9408.56558222199,0.0,0,20,3780
21901.0,9408.56558222199,0.0,0,20,3780
21902.0,9408.56558222199,0.0,0,20,3780
21903.0,9408.56558222199,0.0,0,20,3780
21904.0,9408.56558222199,0.0,0,20,3780
21905.0,9408.56558222199,0.0,0,20,3780
21906.0,9408.56558222199,0.0,0,20,3780
21907.0,9408.56558222199,0.0,0,20,3780
21908.0,9408.56558222199,0.0,0,20,3780
21909.0,9408.56558222199,0.0,0,20,3780
21910.0,9408.56558222199,0.0,0,20,3780
21911.0,9408.56558222199,0.0,0,20,3780
21912.0,9408.56558222199,0.0,0,20,3780
21913.0,9408.56558222199,0.0,0,20,3780
21914.0,9408.56558222199,0.0,0,20,3780
21915.0,9408.56558222199,0.0,0,20,3780
21916.0,9408.56558222199,0.0,0,20,3780
21917.0,9408.56558222199,0.0,0,20,3780
21918.0,9408.56558222199,0.0,0,20,3780
21919.0,9408.56558222199,0.0,0,20,3780
21920.0,9408.56558222199,0.0,0,20,3780
21921.0,9408.56558222199,0.0,0,20,3780
21922.0,9408.56558222199,0.0,0,20,3780
21923.0,9408.56558222199,0.0,0,20,3780
21924.0,9408.56558222199,0.0,0,20,3780
21925.0,9408.56558222199,0.0,0,20,3780
21926.0,9408.56558222199,0.0,0,20,3780
21927.0,9408.56558222199,0.0,0,20,3780
21928.0,9408.56558222199,0.0,0,20,3780
21929.0,9408.56558222199,0.0,0,20,3780
21930.0,9408.56558222199,0.0,0,20,3780
21931.0,9408.56558222199,0.0,0,20,3780
21932.0,9408.56558222199,0.0,0,20,3780
21933.0,9408.56558222199,0.0,0,20,3780
21934.0,9408.56558222199,0.0,0,20,3780
21935.0,9408.56558222199,0.0,0,20,3780
21936.0,9408.56558222199,0.0,0,20,3780
21937.0,9408.56558222199,0.0,0,20,3780
21938.0,9408.56558222199,0.0,0,20,3780
21939.0,9408.56558222199,0.0,0,20,3780
21940.0,9408.56558222199,0.0,0,20,3780
21941.0,9408.56558222199,0.0,0,20,3780
21942.0,9408.56558222199,0.0,0,20,3780
21943.0,9408.56558222199,0.0,0,20,3780
21944.0,9408.56558222199,0.0,0,20,3780
21945.0,9408.56558222199,0.0,0,20,3780
21946.0,9408.56558222199,0.0,0,20,3780
21947.0,9408.56558222199,0.0,0,20,3780
21948.0,9408.56558222199,0.0,0,20,3780
21949.0,9408.56558222199,0.0,0,20,3780
21950.0,9408.56558222199,0.0,0,20,3780
21951.0,9408.56558222199,0.0,0,20,3780
21952.0,9408.56558222199,0.0,0,20,3780
21953.0,9408.56558222199,0.0,0,20,3780
21954.0,9408.56558222199,0.0,0,20,3780
21955.0,9408.56558222199,0.0,0,20,3780
21956.0,9408.56558222199,0.0,0,20,3780
21957.0,9408.56558222199,0.0,0,20,3780
21958.0,9408.56558222199,0.0,0,20,3780
21959.0,9408.56558222199,0.0,0,20,3780
21960.0,9408.56558222199,0.0,0,20,3780
21961.0,9408.56558222199,0.0,0,20,3780
21962.0,9408.56558222199,0.0,0,20,3780
21963.0,9408.56558222199,0.0,0,20,3780
21964.0,9408.56558222199,0.0,0,20,3780
21965.0,9408.56558222199,0.0,0,20,3780
21966.0,9408.56558222199,0.0,0,20,3780
21967.0,9408.56558222199,0.0,0,20,3780
21968.0,9408.56558222199,0.0,0,20,3780
21969.0,9408.56558222199,0.0,0,20,3780
21970.0,9408.56558222199,0.0,0,20,3780
21971.0,9408.56558222199,0.0,0,20,3780
21972.0,9408.56558222199,0.0,0,20,3780
21973.0,9408.56558222199,0.0,0,20,3780
21974.0,9408.56558222199,0.0,0,20,3780
21975.0,9408.56558222199,0.0,0,20,3780
21976.0,9408.56558222199,0.0,0,20,3780
21977.0,9408.56558222199,0.0,0,20,3780
21978.0,9408.56558222199,0.0,0,20,3780
21979.0,9408.56558222199,0.0,0,20,3780
21980.0,9408.56558222199,0.0,0,20,3780
21981.0,9408.56558222199,0.0,0,20,3780
21982.0,9408.56558222199,0.0,0,20,3780
21983.0,9408.56558222199,0.0,0,20,3780
21984.0,9408.56558222199,0.0,0,20,3780
21985.0,9408.56558222199,0.0,0,20,3780
21986.0,9408.56558222199,0.0,0,20,3780
21987.0,9408.56558222199,0.0,0,20,3780
21988.0,9408.56558222199,0.0,0,20,3780
21989.0,9408.56558222199,0.0,0,20,3780
21990.0,9408.56558222199,0.0,0,20,3780
21991.0,9408.56558222199,0.0,0,20,3780
21992.0,9408.56558222199,0.0,0,20,3780
21993.0,9408.56558222199,0.0,0,20,3780
21994.0,9408.56558222199,0.0,0,20,3780
21995.0,9408.56558222199,0.0,0,20,3780
21996.0,9408.56558222199,0.0,0,20,3780
21997.0,9408.56558222199,0.0,0,20,3780
21998.0,9408.56558222199,0.0,0,20,3780
21999.0,9408.56558222199,0.0,0,20,3780
22000.0,9408.56558222199,0.0,0,20,3780
22001.0,9408.56558222199,0.0,0,20,3780
22002.0,9408.56558222199,0.0,0,20,3780
22003.0,9408.56558222199,0.0,0,20,3780
22004.0,9408.56558222199,0.0,0,20,3780
22005.0,9408.56558222199,0.0,0,20,3780
22006.0,9408.56558222199,0.0,0,20,3780
22007.0,9408.56558222199,0.0,0,20,3780
22008.0,9408.56558222199,0.0,0,20,3780
22009.0,9408.56558222199,0.0,0,20,3780
22010.0,9408.56558222199,0.0,0,20,3780
22011.0,9408.56558222199,0.0,0,20,3780
22012.0,9408.56558222199,0.0,0,20,3780
22013.0,9408.56558222199,0.0,0,20,3780
22014.0,9408.56558222199,0.0,0,20,3780
22015.0,9408.56558222199,0.0,0,20,3780
22016.0,9408.56558222199,0.0,0,20,3780
22017.0,9408.56558222199,0.0,0,20,3780
22018.0,9408.56558222199,0.0,0,20,3780
22019.0,9408.56558222199,0.0,0,20,3780
22020.0,9408.56558222199,0.0,0,20,3780
22021.0,9408.56558222199,0.0,0,20,3780
22022.0,9408.56558222199,0.0,0,20,3780
22023.0,9408.56558222199,0.0,0,20,3780
22024.0,9408.56558222199,0.0,0,20,3780
22025.0,9408.56558222199,0.0,0,20,3780
22026.0,9408.56558222199,0.0,0,20,3780
22027.0,9408.56558222199,0.0,0,20,3780
22028.0,9408.56558222199,0.0,0,20,3780
22029.0,9408.56558222199,0.0,0,20,3780
22030.0,9408.56558222199,0.0,0,20,3780
22031.0,9408.56558222199,0.0,0,20,3780
22032.0,9408.56558222199,0.0,0,20,3780
22033.0,9408.56558222199,0.0,0,20,3780
22034.0,9408.56558222199,0.0,0,20,3780
22035.0,9408.56558222199,0.0,0,20,3780
22036.0,9408.56558222199,0.0,0,20,3780
22037.0,9408.56558222199,0.0,0,20,3780
22038.0,9408.56558222199,0.0,0,20,3780
22039.0,9408.56558222199,0.0,0,20,3780
22040.0,9408.56558222199,0.0,0,20,3780
22041.0,9408.56558222199,0.0,0,20,3780
22042.0,9408.56558222199,0.0,0,20,3780
22043.0,9408.56558222199,0.0,0,20,3780
22044.0,9408.56558222199,0.0,0,20,3780
22045.0,9408.56558222199,0.0,0,20,3780
22046.0,9408.56558222199,0.0,0,20,3780
22047.0,9408.56558222199,0.0,0,20,3780
22048.0,9408.56558222199,0.0,0,20,3780
22049.0,9408.56558222199,0.0,0,20,3780
22050.0,9408.56558222199,0.0,0,20,3780
22051.0,9408.56558222199,0.0,0,20,3780
22052.0,9408.56558222199,0.0,0,20,3780
22053.0,9408.56558222199,0.0,0,20,3780
22054.0,9408.56558222199,0.0,0,20,3780
22055.0,9408.56558222199,0.0,0,20,3780
22056.0,9408.56558222199,0.0,0,20,3780
22057.0,9408.56558222199,0.0,0,20,3780
22058.0,9408.56558222199,0.0,0,20,3780
22059.0,9408.56558222199,0.0,0,20,3780
22060.0,9408.56558222199,0.0,0,20,3780
22061.0,9408.56558222199,0.0,0,20,3780
22062.0,9408.56558222199,0.0,0,20,3780
22063.0,9408.56558222199,0.0,0,20,3780
22064.0,9408.56558222199,0.0,0,20,3780
22065.0,9408.56558222199,0.0,0,20,3780
22066.0,9408.56558222199,0.0,0,20,3780
22067.0,9408.56558222199,0.0,0,20,3780
22068.0,9408.56558222199,0.0,0,20,3780
22069.0,9408.56558222199,0.0,0,20,3780
22070.0,9408.56558222199,0.0,0,20,3780
22071.0,9408.56558222199,0.0,0,20,3780
22072.0,9408.56558222199,0.0,0,20,3780
22073.0,9408.56558222199,0.0,0,20,3780
22074.0,9408.56558222199,0.0,0,20,3780
22075.0,9408.56558222199,0.0,0,20,3780
22076.0,9408.56558222199,0.0,0,20,3780
22077.0,9408.56558222199,0.0,0,20,3780
22078.0,9408.56558222199,0.0,0,20,3780
22079.0,9408.56558222199,0.0,0,20,3780
22080.0,9408.56558222199,0.0,0,20,3780
22081.0,9408.56558222199,0.0,0,20,3780
22082.0,9408.56558222199,0.0,0,20,3780
22083.0,9408.56558222199,0.0,0,20,3780
22084.0,9408.56558222199,0.0,0,20,3780
22085.0,9408.56558222199,0.0,0,20,3780
22086.0,9408.56558222199,0.0,0,20,3780
22087.0,9408.56558222199,0.0,0,20,3780
22088.0,9408.56558222199,0.0,0,20,3780
22089.0,9408.56558222199,0.0,0,20,3780
22090.0,9408.56558222199,0.0,0,20,3780
22091.0,9408.56558222199,0.0,0,20,3780
22092.0,9408.56558222199,0.0,0,20,3780
22093.0,9408.56558222199,0.0,0,20,3780
22094.0,9408.56558222199,0.0,0,20,3780
22095.0,9408.56558222199,0.0,0,20,3780
22096.0,9408.56558222199,0.0,0,20,3780
22097.0,9408.56558222199,0.0,0,20,3780
22098.0,9408.56558222199,0.0,0,20,3780
22099.0,9408.56558222199,0.0,0,20,3780
22100.0,9408.56558222199,0.0,0,20,3780
22101.0,9408.56558222199,0.0,0,20,3780
22102.0,9408.56558222199,0.0,0,20,3780
22103.0,9408.56558222199,0.0,0,20,3780
22104.0,9408.56558222199,0.0,0,20,3780
22105.0,9408.56558222199,0.0,0,20,3780
22106.0,9408.56558222199,0.0,0,20,3780
22107.0,9408.56558222199,0.0,0,20,3780
22108.0,9408.56558222199,0.0,0,20,3780
22109.0,9408.56558222199,0.0,0,20,3780
22110.0,9408.56558222199,0.0,0,20,3780
22111.0,9408.56558222199,0.0,0,20,3780
22112.0,9408.56558222199,0.0,0,20,3780
22113.0,9408.56558222199,0.0,0,20,3780
22114.0,9408.56558222199,0.0,0,20,3780
22115.0,9408.56558222199,0.0,0,20,3780
22116.0,9408.56558222199,0.0,0,20,3780
22117.0,9408.56558222199,0.0,0,20,3780
22118.0,9408.56558222199,0.0,0,20,3780
22119.0,9408.56558222199,0.0,0,20,3780
22120.0,9408.56558222199,0.0,0,20,3780
22121.0,9408.56558222199,0.0,0,20,3780
22122.0,9408.56558222199,0.0,0,20,3780
22123.0,9408.56558222199,0.0,0,20,3780
22124.0,9408.56558222199,0.0,0,20,3780
22125.0,9408.56558222199,0.0,0,20,3780
22126.0,9408.56558222199,0.0,0,20,3780
22127.0,9408.56558222199,0.0,0,20,3780
22128.0,9408.56558222199,0.0,0,20,3780
22129.0,9408.56558222199,0.0,0,20,3780
22130.0,9408.56558222199,0.0,0,20,3780
22131.0,9408.56558222199,0.0,0,20,3780
22132.0,9408.56558222199,0.0,0,20,3780
22133.0,9408.56558222199,0.0,0,20,3780
22134.0,9408.56558222199,0.0,0,20,3780
22135.0,9408.56558222199,0.0,0,20,3780
22136.0,9408.56558222199,0.0,0,20,3780
22137.0,9408.56558222199,0.0,0,20,3780
22138.0,9408.56558222199,0.0,0,20,3780
22139.0,9408.56558222199,0.0,0,20,3780
22140.0,9408.56558222199,0.0,0,20,3780
22141.0,9408.56558222199,0.0,0,20,3780
22142.0,9408.56558222199,0.0,0,20,3780
22143.0,9408.56558222199,0.0,0,20,3780
22144.0,9408.56558222199,0.0,0,20,3780
22145.0,9408.56558222199,0.0,0,20,3780
22146.0,9408.56558222199,0.0,0,20,3780
22147.0,9408.56558222199,0.0,0,20,3780
22148.0,9408.56558222199,0.0,0,20,3780
22149.0,9408.56558222199,0.0,0,20,3780
22150.0,9408.56558222199,0.0,0,20,3780
22151.0,9408.56558222199,0.0,0,20,3780
22152.0,9408.56558222199,0.0,0,20,3780
22153.0,9408.56558222199,0.0,0,20,3780
22154.0,9408.56558222199,0.0,0,20,3780
22155.0,9408.56558222199,0.0,0,20,3780
22156.0,9408.56558222199,0.0,0,20,3780
22157.0,9408.56558222199,0.0,0,20,3780
22158.0,9408.56558222199,0.0,0,20,3780
22159.0,9408.56558222199,0.0,0,20,3780
22160.0,9408.56558222199,0.0,0,20,3780
22161.0,9408.56558222199,0.0,0,20,3780
22162.0,9408.56558222199,0.0,0,20,3780
22163.0,9408.56558222199,0.0,0,20,3780
22164.0,9408.56558222199,0.0,0,20,3780
22165.0,9408.56558222199,0.0,0,20,3780
22166.0,9408.56558222199,0.0,0,20,3780
22167.0,9408.56558222199,0.0,0,20,3780
22168.0,9408.56558222199,0.0,0,20,3780
22169.0,9408.56558222199,0.0,0,20,3780
22170.0,9408.56558222199,0.0,0,20,3780
22171.0,9408.56558222199,0.0,0,20,3780
22172.0,9408.56558222199,0.0,0,20,3780
22173.0,9408.56558222199,0.0,0,20,3780
22174.0,9408.56558222199,0.0,0,20,3780
22175.0,9408.56558222199,0.0,0,20,3780
22176.0,9408.56558222199,0.0,0,20,3780
22177.0,9408.56558222199,0.0,0,20,3780
22178.0,9408.56558222199,0.0,0,20,3780
22179.0,9408.56558222199,0.0,0,20,3780
22180.0,9408.56558222199,0.0,0,20,3780
22181.0,9408.56558222199,0.0,0,20,3780
22182.0,9408.56558222199,0.0,0,20,3780
22183.0,9408.56558222199,0.0,0,20,3780
22184.0,9408.56558222199,0.0,0,20,3780
22185.0,9408.56558222199,0.0,0,20,3780
22186.0,9408.56558222199,0.0,0,20,3780
22187.0,9408.56558222199,0.0,0,20,3780
22188.0,9408.56558222199,0.0,0,20,3780
22189.0,9408.56558222199,0.0,0,20,3780
22190.0,9408.56558222199,0.0,0,20,3780
22191.0,9408.56558222199,0.0,0,20,3780
22192.0,9408.56558222199,0.0,0,20,3780
22193.0,9408.56558222199,0.0,0,20,3780
22194.0,9408.56558222199,0.0,0,20,3780
22195.0,9408.56558222199,0.0,0,20,3780
22196.0,9408.56558222199,0.0,0,20,3780
22197.0,9408.56558222199,0.0,0,20,3780
22198.0,9408.56558222199,0.0,0,20,3780
22199.0,9408.56558222199,0.0,0,20,3780
22200.0,9408.56558222199,0.0,0,20,3780
22201.0,9408.56558222199,0.0,0,20,3780
22202.0,9408.56558222199,0.0,0,20,3780
22203.0,9408.56558222199,0.0,0,20,3780
22204.0,9408.56558222199,0.0,0,20,3780
22205.0,9408.56558222199,0.0,0,20,3780
22206.0,9408.56558222199,0.0,0,20,3780
22207.0,9408.56558222199,0.0,0,20,3780
22208.0,9408.56558222199,0.0,0,20,3780
22209.0,9408.56558222199,0.0,0,20,3780
22210.0,9408.56558222199,0.0,0,20,3780
22211.0,9408.56558222199,0.0,0,20,3780
22212.0,9408.56558222199,0.0,0,20,3780
22213.0,9408.56558222199,0.0,0,20,3780
22214.0,9408.56558222199,0.0,0,20,3780
22215.0,9408.56558222199,0.0,0,20,3780
22216.0,9408.56558222199,0.0,0,20,3780
22217.0,9408.56558222199,0.0,0,20,3780
22218.0,9408.56558222199,0.0,0,20,3780
22219.0,9408.56558222199,0.0,0,20,3780
22220.0,9408.56558222199,0.0,0,20,3780
22221.0,9408.56558222199,0.0,0,20,3780
22222.0,9408.56558222199,0.0,0,20,3780
22223.0,9408.56558222199,0.0,0,20,3780
22224.0,9408.56558222199,0.0,0,20,3780
22225.0,9408.56558222199,0.0,0,20,3780
22226.0,9408.56558222199,0.0,0,20,3780
22227.0,9408.56558222199,0.0,0,20,3780
22228.0,9408.56558222199,0.0,0,20,3780
22229.0,9408.56558222199,0.0,0,20,3780
22230.0,9408.56558222199,0.0,0,20,3780
22231.0,9408.56558222199,0.0,0,20,3780
22232.0,9408.56558222199,0.0,0,20,3780
22233.0,9408.56558222199,0.0,0,20,3780
22234.0,9408.56558222199,0.0,0,20,3780
22235.0,9408.56558222199,0.0,0,20,3780
22236.0,9408.56558222199,0.0,0,20,3780
22237.0,9408.56558222199,0.0,0,20,3780
22238.0,9408.56558222199,0.0,0,20,3780
22239.0,9408.56558222199,0.0,0,20,3780
22240.0,9408.56558222199,0.0,0,20,3780
22241.0,9408.56558222199,0.0,0,20,3780
22242.0,9408.56558222199,0.0,0,20,3780
22243.0,9408.56558222199,0.0,0,20,3780
22244.0,9408.56558222199,0.0,0,20,3780
22245.0,9408.56558222199,0.0,0,20,3780
22246.0,9408.56558222199,0.0,0,20,3780
22247.0,9408.56558222199,0.0,0,20,3780
22248.0,9408.56558222199,0.0,0,20,3780
22249.0,9408.56558222199,0.0,0,20,3780
22250.0,9408.56558222199,0.0,0,20,3780
22251.0,9408.56558222199,0.0,0,20,3780
22252.0,9408.56558222199,0.0,0,20,3780
22253.0,9408.56558222199,0.0,0,20,3780
22254.0,9408.56558222199,0.0,0,20,3780
22255.0,9408.56558222199,0.0,0,20,3780
22256.0,9408.56558222199,0.0,0,20,3780
22257.0,9408.56558222199,0.0,0,20,3780
22258.0,9408.56558222199,0.0,0,20,3780
22259.0,9408.56558222199,0.0,0,20,3780
22260.0,9408.56558222199,0.0,0,20,3780
22261.0,9408.56558222199,0.0,0,20,3780
22262.0,9408.56558222199,0.0,0,20,3780
22263.0,9408.56558222199,0.0,0,20,3780
22264.0,9408.56558222199,0.0,0,20,3780
22265.0,9408.56558222199,0.0,0,20,3780
22266.0,9408.56558222199,0.0,0,20,3780
22267.0,9408.56558222199,0.0,0,20,3780
22268.0,9408.56558222199,0.0,0,20,3780
22269.0,9408.56558222199,0.0,0,20,3780
22270.0,9408.56558222199,0.0,0,20,3780
22271.0,9408.56558222199,0.0,0,20,3780
22272.0,9408.56558222199,0.0,0,20,3780
22273.0,9408.56558222199,0.0,0,20,3780
22274.0,9408.56558222199,0.0,0,20,3780
22275.0,9408.56558222199,0.0,0,20,3780
22276.0,9408.56558222199,0.0,0,20,3780
22277.0,9408.56558222199,0.0,0,20,3780
22278.0,9408.56558222199,0.0,0,20,3780
22279.0,9408.56558222199,0.0,0,20,3780
22280.0,9408.56558222199,0.0,0,20,3780
22281.0,9408.56558222199,0.0,0,20,3780
22282.0,9408.56558222199,0.0,0,20,3780
22283.0,9408.56558222199,0.0,0,20,3780
22284.0,9408.56558222199,0.0,0,20,3780
22285.0,9408.56558222199,0.0,0,20,3780
22286.0,9408.56558222199,0.0,0,20,3780
22287.0,9408.56558222199,0.0,0,20,3780
22288.0,9408.56558222199,0.0,0,20,3780
22289.0,9408.56558222199,0.0,0,20,3780
22290.0,9408.56558222199,0.0,0,20,3780
22291.0,9408.56558222199,0.0,0,20,3780
22292.0,9408.56558222199,0.0,0,20,3780
22293.0,9408.56558222199,0.0,0,20,3780
22294.0,9408.56558222199,0.0,0,20,3780
22295.0,9408.56558222199,0.0,0,20,3780
22296.0,9408.56558222199,0.0,0,20,3780
22297.0,9408.56558222199,0.0,0,20,3780
22298.0,9408.56558222199,0.0,0,20,3780
22299.0,9408.56558222199,0.0,0,20,3780
22300.0,9408.56558222199,0.0,0,20,3780
22301.0,9408.56558222199,0.0,0,20,3780
22302.0,9408.56558222199,0.0,0,20,3780
22303.0,9408.56558222199,0.0,0,20,3780
22304.0,9408.56558222199,0.0,0,20,3780
22305.0,9408.56558222199,0.0,0,20,3780
22306.0,9408.56558222199,0.0,0,20,3780
22307.0,9408.56558222199,0.0,0,20,3780
22308.0,9408.56558222199,0.0,0,20,3780
22309.0,9408.56558222199,0.0,0,20,3780
22310.0,9408.56558222199,0.0,0,20,3780
22311.0,9408.56558222199,0.0,0,20,3780
22312.0,9408.56558222199,0.0,0,20,3780
22313.0,9408.56558222199,0.0,0,20,3780
22314.0,9408.56558222199,0.0,0,20,3780
22315.0,9408.56558222199,0.0,0,20,3780
22316.0,9408.56558222199,0.0,0,20,3780
22317.0,9408.56558222199,0.0,0,20,3780
22318.0,9408.56558222199,0.0,0,20,3780
22319.0,9408.56558222199,0.0,0,20,3780
22320.0,9408.56558222199,0.0,0,20,3780
22321.0,9408.56558222199,0.0,0,20,3780
22322.0,9408.56558222199,0.0,0,20,3780
22323.0,9408.56558222199,0.0,0,20,3780
22324.0,9408.56558222199,0.0,0,20,3780
22325.0,9408.56558222199,0.0,0,20,3780
22326.0,9408.56558222199,0.0,0,20,3780
22327.0,9408.56558222199,0.0,0,20,3780
22328.0,9408.56558222199,0.0,0,20,3780
22329.0,9408.56558222199,0.0,0,20,3780
22330.0,9408.56558222199,0.0,0,20,3780
22331.0,9408.56558222199,0.0,0,20,3780
22332.0,9408.56558222199,0.0,0,20,3780
22333.0,9408.56558222199,0.0,0,20,3780
22334.0,9408.56558222199,0.0,0,20,3780
22335.0,9408.56558222199,0.0,0,20,3780
22336.0,9408.56558222199,0.0,0,20,3780
22337.0,9408.56558222199,0.0,0,20,3780
22338.0,9408.56558222199,0.0,0,20,3780
22339.0,9408.56558222199,0.0,0,20,3780
22340.0,9408.56558222199,0.0,0,20,3780
22341.0,9408.56558222199,0.0,0,20,3780
22342.0,9408.56558222199,0.0,0,20,3780
22343.0,9408.56558222199,0.0,0,20,3780
22344.0,9408.56558222199,0.0,0,20,3780
22345.0,9408.56558222199,0.0,0,20,3780
22346.0,9408.56558222199,0.0,0,20,3780
22347.0,9408.56558222199,0.0,0,20,3780
22348.0,9408.56558222199,0.0,0,20,3780
22349.0,9408.56558222199,0.0,0,20,3780
22350.0,9408.56558222199,0.0,0,20,3780
22351.0,9408.56558222199,0.0,0,20,3780
22352.0,9408.56558222199,0.0,0,20,3780
22353.0,9408.56558222199,0.0,0,20,3780
22354.0,9408.56558222199,0.0,0,20,3780
22355.0,9408.56558222199,0.0,0,20,3780
22356.0,9408.56558222199,0.0,0,20,3780
22357.0,9408.56558222199,0.0,0,20,3780
22358.0,9408.56558222199,0.0,0,20,3780
22359.0,9408.56558222199,0.0,0,20,3780
22360.0,9408.56558222199,0.0,0,20,3780
22361.0,9408.56558222199,0.0,0,20,3780
22362.0,9408.56558222199,0.0,0,20,3780
22363.0,9408.56558222199,0.0,0,20,3780
22364.0,9408.56558222199,0.0,0,20,3780
22365.0,9408.56558222199,0.0,0,20,3780
22366.0,9408.56558222199,0.0,0,20,3780
22367.0,9408.56558222199,0.0,0,20,3780
22368.0,9408.56558222199,0.0,0,20,3780
22369.0,9408.56558222199,0.0,0,20,3780
22370.0,9408.56558222199,0.0,0,20,3780
22371.0,9408.56558222199,0.0,0,20,3780
22372.0,9408.56558222199,0.0,0,20,3780
22373.0,9408.56558222199,0.0,0,20,3780
22374.0,9408.56558222199,0.0,0,20,3780
22375.0,9408.56558222199,0.0,0,20,3780
22376.0,9408.56558222199,0.0,0,20,3780
22377.0,9408.56558222199,0.0,0,20,3780
22378.0,9408.56558222199,0.0,0,20,3780
22379.0,9408.56558222199,0.0,0,20,3780
22380.0,9408.56558222199,0.0,0,20,3780
22381.0,9408.56558222199,0.0,0,20,3780
22382.0,9408.56558222199,0.0,0,20,3780
22383.0,9408.56558222199,0.0,0,20,3780
22384.0,9408.56558222199,0.0,0,20,3780
22385.0,9408.56558222199,0.0,0,20,3780
22386.0,9408.56558222199,0.0,0,20,3780
22387.0,9408.56558222199,0.0,0,20,3780
22388.0,9408.56558222199,0.0,0,20,3780
22389.0,9408.56558222199,0.0,0,20,3780
22390.0,9408.56558222199,0.0,0,20,3780
22391.0,9408.56558222199,0.0,0,20,3780
22392.0,9408.56558222199,0.0,0,20,3780
22393.0,9408.56558222199,0.0,0,20,3780
22394.0,9408.56558222199,0.0,0,20,3780
22395.0,9408.56558222199,0.0,0,20,3780
22396.0,9408.56558222199,0.0,0,20,3780
22397.0,9408.56558222199,0.0,0,20,3780
22398.0,9408.56558222199,0.0,0,20,3780
22399.0,9408.56558222199,0.0,0,20,3780
22400.0,9408.56558222199,0.0,0,20,3780
22401.0,9408.56558222199,0.0,0,20,3780
22402.0,9408.56558222199,0.0,0,20,3780
22403.0,9408.56558222199,0.0,0,20,3780
22404.0,9408.56558222199,0.0,0,20,3780
22405.0,9408.56558222199,0.0,0,20,3780
22406.0,9408.56558222199,0.0,0,20,3780
22407.0,9408.56558222199,0.0,0,20,3780
22408.0,9408.56558222199,0.0,0,20,3780
22409.0,9408.56558222199,0.0,0,20,3780
22410.0,9408.56558222199,0.0,0,20,3780
22411.0,9408.56558222199,0.0,0,20,3780
22412.0,9408.56558222199,0.0,0,20,3780
22413.0,9408.56558222199,0.0,0,20,3780
22414.0,9408.56558222199,0.0,0,20,3780
22415.0,9408.56558222199,0.0,0,20,3780
22416.0,9408.56558222199,0.0,0,20,3780
22417.0,9408.56558222199,0.0,0,20,3780
22418.0,9408.56558222199,0.0,0,20,3780
22419.0,9408.56558222199,0.0,0,20,3780
22420.0,9408.56558222199,0.0,0,20,3780
22421.0,9408.56558222199,0.0,0,20,3780
22422.0,9408.56558222199,0.0,0,20,3780
22423.0,9408.56558222199,0.0,0,20,3780
22424.0,9408.56558222199,0.0,0,20,3780
22425.0,9408.56558222199,0.0,0,20,3780
22426.0,9408.56558222199,0.0,0,20,3780
22427.0,9408.56558222199,0.0,0,20,3780
22428.0,9408.56558222199,0.0,0,20,3780
22429.0,9408.56558222199,0.0,0,20,3780
22430.0,9408.56558222199,0.0,0,20,3780
22431.0,9408.56558222199,0.0,0,20,3780
22432.0,9408.56558222199,0.0,0,20,3780
22433.0,9408.56558222199,0.0,0,20,3780
22434.0,9408.56558222199,0.0,0,20,3780
22435.0,9408.56558222199,0.0,0,20,3780
22436.0,9408.56558222199,0.0,0,20,3780
22437.0,9408.56558222199,0.0,0,20,3780
22438.0,9408.56558222199,0.0,0,20,3780
22439.0,9408.56558222199,0.0,0,20,3780
22440.0,9408.56558222199,0.0,0,20,3780
22441.0,9408.56558222199,0.0,0,20,3780
22442.0,9408.56558222199,0.0,0,20,3780
22443.0,9408.56558222199,0.0,0,20,3780
22444.0,9408.56558222199,0.0,0,20,3780
22445.0,9408.56558222199,0.0,0,20,3780
22446.0,9408.56558222199,0.0,0,20,3780
22447.0,9408.56558222199,0.0,0,20,3780
22448.0,9408.56558222199,0.0,0,20,3780
22449.0,9408.56558222199,0.0,0,20,3780
22450.0,9408.56558222199,0.0,0,20,3780
22451.0,9408.56558222199,0.0,0,20,3780
22452.0,9408.56558222199,0.0,0,20,3780
22453.0,9408.56558222199,0.0,0,20,3780
22454.0,9408.56558222199,0.0,0,20,3780
22455.0,9408.56558222199,0.0,0,20,3780
22456.0,9408.56558222199,0.0,0,20,3780
22457.0,9408.56558222199,0.0,0,20,3780
22458.0,9408.56558222199,0.0,0,20,3780
22459.0,9408.56558222199,0.0,0,20,3780
22460.0,9408.56558222199,0.0,0,20,3780
22461.0,9408.56558222199,0.0,0,20,3780
22462.0,9408.56558222199,0.0,0,20,3780
22463.0,9408.56558222199,0.0,0,20,3780
22464.0,9408.56558222199,0.0,0,20,3780
22465.0,9408.56558222199,0.0,0,20,3780
22466.0,9408.56558222199,0.0,0,20,3780
22467.0,9408.56558222199,0.0,0,20,3780
22468.0,9408.56558222199,0.0,0,20,3780
22469.0,9408.56558222199,0.0,0,20,3780
22470.0,9408.56558222199,0.0,0,20,3780
22471.0,9408.56558222199,0.0,0,20,3780
22472.0,9408.56558222199,0.0,0,20,3780
22473.0,9408.56558222199,0.0,0,20,3780
22474.0,9408.56558222199,0.0,0,20,3780
22475.0,9408.56558222199,0.0,0,20,3780
22476.0,9408.56558222199,0.0,0,20,3780
22477.0,9408.56558222199,0.0,0,20,3780
22478.0,9408.56558222199,0.0,0,20,3780
22479.0,9408.56558222199,0.0,0,20,3780
22480.0,9408.56558222199,0.0,0,20,3780
22481.0,9408.56558222199,0.0,0,20,3780
22482.0,9408.56558222199,0.0,0,20,3780
22483.0,9408.56558222199,0.0,0,20,3780
22484.0,9408.56558222199,0.0,0,20,3780
22485.0,9408.56558222199,0.0,0,20,3780
22486.0,9408.56558222199,0.0,0,20,3780
22487.0,9408.56558222199,0.0,0,20,3780
22488.0,9408.56558222199,0.0,0,20,3780
22489.0,9408.56558222199,0.0,0,20,3780
22490.0,9408.56558222199,0.0,0,20,3780
22491.0,9408.56558222199,0.0,0,20,3780
22492.0,9408.56558222199,0.0,0,20,3780
22493.0,9408.56558222199,0.0,0,20,3780
22494.0,9408.56558222199,0.0,0,20,3780
22495.0,9408.56558222199,0.0,0,20,3780
22496.0,9408.56558222199,0.0,0,20,3780
22497.0,9408.56558222199,0.0,0,20,3780
22498.0,9408.56558222199,0.0,0,20,3780
22499.0,9408.56558222199,0.0,0,20,3780
22500.0,9408.56558222199,0.0,0,20,3780
22501.0,9408.56558222199,0.0,0,20,3780
22502.0,9408.56558222199,0.0,0,20,3780
22503.0,9408.56558222199,0.0,0,20,3780
22504.0,9408.56558222199,0.0,0,20,3780
22505.0,9408.56558222199,0.0,0,20,3780
22506.0,9408.56558222199,0.0,0,20,3780
22507.0,9408.56558222199,0.0,0,20,3780
22508.0,9408.56558222199,0.0,0,20,3780
22509.0,9408.56558222199,0.0,0,20,3780
22510.0,9408.56558222199,0.0,0,20,3780
22511.0,9408.56558222199,0.0,0,20,3780
22512.0,9408.56558222199,0.0,0,20,3780
22513.0,9408.56558222199,0.0,0,20,3780
22514.0,9408.56558222199,0.0,0,20,3780
22515.0,9408.56558222199,0.0,0,20,3780
22516.0,9408.56558222199,0.0,0,20,3780
22517.0,9408.56558222199,0.0,0,20,3780
22518.0,9408.56558222199,0.0,0,20,3780
22519.0,9408.56558222199,0.0,0,20,3780
22520.0,9408.56558222199,0.0,0,20,3780
22521.0,9408.56558222199,0.0,0,20,3780
22522.0,9408.56558222199,0.0,0,20,3780
22523.0,9408.56558222199,0.0,0,20,3780
22524.0,9408.56558222199,0.0,0,20,3780
22525.0,9408.56558222199,0.0,0,20,3780
22526.0,9408.56558222199,0.0,0,20,3780
22527.0,9408.56558222199,0.0,0,20,3780
22528.0,9408.56558222199,0.0,0,20,3780
22529.0,9408.56558222199,0.0,0,20,3780
22530.0,9408.56558222199,0.0,0,20,3780
22531.0,9408.56558222199,0.0,0,20,3780
22532.0,9408.56558222199,0.0,0,20,3780
22533.0,9408.56558222199,0.0,0,20,3780
22534.0,9408.56558222199,0.0,0,20,3780
22535.0,9408.56558222199,0.0,0,20,3780
22536.0,9408.56558222199,0.0,0,20,3780
22537.0,9408.56558222199,0.0,0,20,3780
22538.0,9408.56558222199,0.0,0,20,3780
22539.0,9408.56558222199,0.0,0,20,3780
22540.0,9408.56558222199,0.0,0,20,3780
22541.0,9408.56558222199,0.0,0,20,3780
22542.0,9408.56558222199,0.0,0,20,3780
22543.0,9408.56558222199,0.0,0,20,3780
22544.0,9408.56558222199,0.0,0,20,3780
22545.0,9408.56558222199,0.0,0,20,3780
22546.0,9408.56558222199,0.0,0,20,3780
22547.0,9408.56558222199,0.0,0,20,3780
22548.0,9408.56558222199,0.0,0,20,3780
22549.0,9408.56558222199,0.0,0,20,3780
22550.0,9408.56558222199,0.0,0,20,3780
22551.0,9408.56558222199,0.0,0,20,3780
22552.0,9408.56558222199,0.0,0,20,3780
22553.0,9408.56558222199,0.0,0,20,3780
22554.0,9408.56558222199,0.0,0,20,3780
22555.0,9408.56558222199,0.0,0,20,3780
22556.0,9408.56558222199,0.0,0,20,3780
22557.0,9408.56558222199,0.0,0,20,3780
22558.0,9408.56558222199,0.0,0,20,3780
22559.0,9408.56558222199,0.0,0,20,3780
22560.0,9408.56558222199,0.0,0,20,3780
22561.0,9408.56558222199,0.0,0,20,3780
22562.0,9408.56558222199,0.0,0,20,3780
22563.0,9408.56558222199,0.0,0,20,3780
22564.0,9408.56558222199,0.0,0,20,3780
22565.0,9408.56558222199,0.0,0,20,3780
22566.0,9408.56558222199,0.0,0,20,3780
22567.0,9408.56558222199,0.0,0,20,3780
22568.0,9408.56558222199,0.0,0,20,3780
22569.0,9408.56558222199,0.0,0,20,3780
22570.0,9408.56558222199,0.0,0,20,3780
22571.0,9408.56558222199,0.0,0,20,3780
22572.0,9408.56558222199,0.0,0,20,3780
22573.0,9408.56558222199,0.0,0,20,3780
22574.0,9408.56558222199,0.0,0,20,3780
22575.0,9408.56558222199,0.0,0,20,3780
22576.0,9408.56558222199,0.0,0,20,3780
22577.0,9408.56558222199,0.0,0,20,3780
22578.0,9408.56558222199,0.0,0,20,3780
22579.0,9408.56558222199,0.0,0,20,3780
22580.0,9408.56558222199,0.0,0,20,3780
22581.0,9408.56558222199,0.0,0,20,3780
22582.0,9408.56558222199,0.0,0,20,3780
22583.0,9408.56558222199,0.0,0,20,3780
22584.0,9408.56558222199,0.0,0,20,3780
22585.0,9408.56558222199,0.0,0,20,3780
22586.0,9408.56558222199,0.0,0,20,3780
22587.0,9408.56558222199,0.0,0,20,3780
22588.0,9408.56558222199,0.0,0,20,3780
22589.0,9408.56558222199,0.0,0,20,3780
22590.0,9408.56558222199,0.0,0,20,3780
22591.0,9408.56558222199,0.0,0,20,3780
22592.0,9408.56558222199,0.0,0,20,3780
22593.0,9408.56558222199,0.0,0,20,3780
22594.0,9408.56558222199,0.0,0,20,3780
22595.0,9408.56558222199,0.0,0,20,3780
22596.0,9408.56558222199,0.0,0,20,3780
22597.0,9408.56558222199,0.0,0,20,3780
22598.0,9408.56558222199,0.0,0,20,3780
22599.0,9408.56558222199,0.0,0,20,3780
22600.0,9408.56558222199,0.0,0,20,3780
22601.0,9408.56558222199,0.0,0,20,3780
22602.0,9408.56558222199,0.0,0,20,3780
22603.0,9408.56558222199,0.0,0,20,3780
22604.0,9408.56558222199,0.0,0,20,3780
22605.0,9408.56558222199,0.0,0,20,3780
22606.0,9408.56558222199,0.0,0,20,3780
22607.0,9408.56558222199,0.0,0,20,3780
22608.0,9408.56558222199,0.0,0,20,3780
22609.0,9408.56558222199,0.0,0,20,3780
22610.0,9408.56558222199,0.0,0,20,3780
22611.0,9408.56558222199,0.0,0,20,3780
22612.0,9408.56558222199,0.0,0,20,3780
22613.0,9408.56558222199,0.0,0,20,3780
22614.0,9408.56558222199,0.0,0,20,3780
22615.0,9408.56558222199,0.0,0,20,3780
22616.0,9408.56558222199,0.0,0,20,3780
22617.0,9408.56558222199,0.0,0,20,3780
22618.0,9408.56558222199,0.0,0,20,3780
22619.0,9408.56558222199,0.0,0,20,3780
22620.0,9408.56558222199,0.0,0,20,3780
22621.0,9408.56558222199,0.0,0,20,3780
22622.0,9408.56558222199,0.0,0,20,3780
22623.0,9408.56558222199,0.0,0,20,3780
22624.0,9408.56558222199,0.0,0,20,3780
22625.0,9408.56558222199,0.0,0,20,3780
22626.0,9408.56558222199,0.0,0,20,3780
22627.0,9408.56558222199,0.0,0,20,3780
22628.0,9408.56558222199,0.0,0,20,3780
22629.0,9408.56558222199,0.0,0,20,3780
22630.0,9408.56558222199,0.0,0,20,3780
22631.0,9408.56558222199,0.0,0,20,3780
22632.0,9408.56558222199,0.0,0,20,3780
22633.0,9408.56558222199,0.0,0,20,3780
22634.0,9408.56558222199,0.0,0,20,3780
22635.0,9408.56558222199,0.0,0,20,3780
22636.0,9408.56558222199,0.0,0,20,3780
22637.0,9408.56558222199,0.0,0,20,3780
22638.0,9408.56558222199,0.0,0,20,3780
22639.0,9408.56558222199,0.0,0,20,3780
22640.0,9408.56558222199,0.0,0,20,3780
22641.0,9408.56558222199,0.0,0,20,3780
22642.0,9408.56558222199,0.0,0,20,3780
22643.0,9408.56558222199,0.0,0,20,3780
22644.0,9408.56558222199,0.0,0,20,3780
22645.0,9408.56558222199,0.0,0,20,3780
22646.0,9408.56558222199,0.0,0,20,3780
22647.0,9408.56558222199,0.0,0,20,3780
22648.0,9408.56558222199,0.0,0,20,3780
22649.0,9408.56558222199,0.0,0,20,3780
22650.0,9408.56558222199,0.0,0,20,3780
22651.0,9408.56558222199,0.0,0,20,3780
22652.0,9408.56558222199,0.0,0,20,3780
22653.0,9408.56558222199,0.0,0,20,3780
22654.0,9408.56558222199,0.0,0,20,3780
22655.0,9408.56558222199,0.0,0,20,3780
22656.0,9408.56558222199,0.0,0,20,3780
22657.0,9408.56558222199,0.0,0,20,3780
22658.0,9408.56558222199,0.0,0,20,3780
22659.0,9408.56558222199,0.0,0,20,3780
22660.0,9408.56558222199,0.0,0,20,3780
22661.0,9408.56558222199,0.0,0,20,3780
22662.0,9408.56558222199,0.0,0,20,3780
22663.0,9408.56558222199,0.0,0,20,3780
22664.0,9408.56558222199,0.0,0,20,3780
22665.0,9408.56558222199,0.0,0,20,3780
22666.0,9408.56558222199,0.0,0,20,3780
22667.0,9408.56558222199,0.0,0,20,3780
22668.0,9408.56558222199,0.0,0,20,3780
22669.0,9408.56558222199,0.0,0,20,3780
22670.0,9408.56558222199,0.0,0,20,3780
22671.0,9408.56558222199,0.0,0,20,3780
22672.0,9408.56558222199,0.0,0,20,3780
22673.0,9408.56558222199,0.0,0,20,3780
22674.0,9408.56558222199,0.0,0,20,3780
22675.0,9408.56558222199,0.0,0,20,3780
22676.0,9408.56558222199,0.0,0,20,3780
22677.0,9408.56558222199,0.0,0,20,3780
22678.0,9408.56558222199,0.0,0,20,3780
22679.0,9408.56558222199,0.0,0,20,3780
22680.0,9408.56558222199,0.0,0,20,3780
22681.0,9408.56558222199,0.0,0,20,3780
22682.0,9408.56558222199,0.0,0,20,3780
22683.0,9408.56558222199,0.0,0,20,3780
22684.0,9408.56558222199,0.0,0,20,3780
22685.0,9408.56558222199,0.0,0,20,3780
22686.0,9408.56558222199,0.0,0,20,3780
22687.0,9408.56558222199,0.0,0,20,3780
22688.0,9408.56558222199,0.0,0,20,3780
22689.0,9408.56558222199,0.0,0,20,3780
22690.0,9408.56558222199,0.0,0,20,3780
22691.0,9408.56558222199,0.0,0,20,3780
22692.0,9408.56558222199,0.0,0,20,3780
22693.0,9408.56558222199,0.0,0,20,3780
22694.0,9408.56558222199,0.0,0,20,3780
22695.0,9408.56558222199,0.0,0,20,3780
22696.0,9408.56558222199,0.0,0,20,3780
22697.0,9408.56558222199,0.0,0,20,3780
22698.0,9408.56558222199,0.0,0,20,3780
22699.0,9408.56558222199,0.0,0,20,3780
22700.0,9408.56558222199,0.0,0,20,3780
22701.0,9408.56558222199,0.0,0,20,3780
22702.0,9408.56558222199,0.0,0,20,3780
22703.0,9408.56558222199,0.0,0,20,3780
22704.0,9408.56558222199,0.0,0,20,3780
22705.0,9408.56558222199,0.0,0,20,3780
22706.0,9408.56558222199,0.0,0,20,3780
22707.0,9408.56558222199,0.0,0,20,3780
22708.0,9408.56558222199,0.0,0,20,3780
22709.0,9408.56558222199,0.0,0,20,3780
22710.0,9408.56558222199,0.0,0,20,3780
22711.0,9408.56558222199,0.0,0,20,3780
22712.0,9408.56558222199,0.0,0,20,3780
22713.0,9408.56558222199,0.0,0,20,3780
22714.0,9408.56558222199,0.0,0,20,3780
22715.0,9408.56558222199,0.0,0,20,3780
22716.0,9408.56558222199,0.0,0,20,3780
22717.0,9408.56558222199,0.0,0,20,3780
22718.0,9408.56558222199,0.0,0,20,3780
22719.0,9408.56558222199,0.0,0,20,3780
22720.0,9408.56558222199,0.0,0,20,3780
22721.0,9408.56558222199,0.0,0,20,3780
22722.0,9408.56558222199,0.0,0,20,3780
22723.0,9408.56558222199,0.0,0,20,3780
22724.0,9408.56558222199,0.0,0,20,3780
22725.0,9408.56558222199,0.0,0,20,3780
22726.0,9408.56558222199,0.0,0,20,3780
22727.0,9408.56558222199,0.0,0,20,3780
22728.0,9408.56558222199,0.0,0,20,3780
22729.0,9408.56558222199,0.0,0,20,3780
22730.0,9408.56558222199,0.0,0,20,3780
22731.0,9408.56558222199,0.0,0,20,3780
22732.0,9408.56558222199,0.0,0,20,3780
22733.0,9408.56558222199,0.0,0,20,3780
22734.0,9408.56558222199,0.0,0,20,3780
22735.0,9408.56558222199,0.0,0,20,3780
22736.0,9408.56558222199,0.0,0,20,3780
22737.0,9408.56558222199,0.0,0,20,3780
22738.0,9408.56558222199,0.0,0,20,3780
22739.0,9408.56558222199,0.0,0,20,3780
22740.0,9408.56558222199,0.0,0,20,3780
22741.0,9408.56558222199,0.0,0,20,3780
22742.0,9408.56558222199,0.0,0,20,3780
22743.0,9408.56558222199,0.0,0,20,3780
22744.0,9408.56558222199,0.0,0,20,3780
22745.0,9408.56558222199,0.0,0,20,3780
22746.0,9408.56558222199,0.0,0,20,3780
22747.0,9408.56558222199,0.0,0,20,3780
22748.0,9408.56558222199,0.0,0,20,3780
22749.0,9408.56558222199,0.0,0,20,3780
22750.0,9408.56558222199,0.0,0,20,3780
22751.0,9408.56558222199,0.0,0,20,3780
22752.0,9408.56558222199,0.0,0,20,3780
22753.0,9408.56558222199,0.0,0,20,3780
22754.0,9408.56558222199,0.0,0,20,3780
22755.0,9408.56558222199,0.0,0,20,3780
22756.0,9408.56558222199,0.0,0,20,3780
22757.0,9408.56558222199,0.0,0,20,3780
22758.0,9408.56558222199,0.0,0,20,3780
22759.0,9408.56558222199,0.0,0,20,3780
22760.0,9408.56558222199,0.0,0,20,3780
22761.0,9408.56558222199,0.0,0,20,3780
22762.0,9408.56558222199,0.0,0,20,3780
22763.0,9408.56558222199,0.0,0,20,3780
22764.0,9408.56558222199,0.0,0,20,3780
22765.0,9408.56558222199,0.0,0,20,3780
22766.0,9408.56558222199,0.0,0,20,3780
22767.0,9408.56558222199,0.0,0,20,3780
22768.0,9408.56558222199,0.0,0,20,3780
22769.0,9408.56558222199,0.0,0,20,3780
22770.0,9408.56558222199,0.0,0,20,3780
22771.0,9408.56558222199,0.0,0,20,3780
22772.0,9408.56558222199,0.0,0,20,3780
22773.0,9408.56558222199,0.0,0,20,3780
22774.0,9408.56558222199,0.0,0,20,3780
22775.0,9408.56558222199,0.0,0,20,3780
22776.0,9408.56558222199,0.0,0,20,3780
22777.0,9408.56558222199,0.0,0,20,3780
22778.0,9408.56558222199,0.0,0,20,3780
22779.0,9408.56558222199,0.0,0,20,3780
22780.0,9408.56558222199,0.0,0,20,3780
22781.0,9408.56558222199,0.0,0,20,3780
22782.0,9408.56558222199,0.0,0,20,3780
22783.0,9408.56558222199,0.0,0,20,3780
22784.0,9408.56558222199,0.0,0,20,3780
22785.0,9408.56558222199,0.0,0,20,3780
22786.0,9408.56558222199,0.0,0,20,3780
22787.0,9408.56558222199,0.0,0,20,3780
22788.0,9408.56558222199,0.0,0,20,3780
22789.0,9408.56558222199,0.0,0,20,3780
22790.0,9408.56558222199,0.0,0,20,3780
22791.0,9408.56558222199,0.0,0,20,3780
22792.0,9408.56558222199,0.0,0,20,3780
22793.0,9408.56558222199,0.0,0,20,3780
22794.0,9408.56558222199,0.0,0,20,3780
22795.0,9408.56558222199,0.0,0,20,3780
22796.0,9408.56558222199,0.0,0,20,3780
22797.0,9408.56558222199,0.0,0,20,3780
22798.0,9408.56558222199,0.0,0,20,3780
22799.0,9408.56558222199,0.0,0,20,3780
22800.0,9408.56558222199,0.0,0,20,3780
22801.0,9408.56558222199,0.0,0,20,3780
22802.0,9408.56558222199,0.0,0,20,3780
22803.0,9408.56558222199,0.0,0,20,3780
22804.0,9408.56558222199,0.0,0,20,3780
22805.0,9408.56558222199,0.0,0,20,3780
22806.0,9408.56558222199,0.0,0,20,3780
22807.0,9408.56558222199,0.0,0,20,3780
22808.0,9408.56558222199,0.0,0,20,3780
22809.0,9408.56558222199,0.0,0,20,3780
22810.0,9408.56558222199,0.0,0,20,3780
22811.0,9408.56558222199,0.0,0,20,3780
22812.0,9408.56558222199,0.0,0,20,3780
22813.0,9408.56558222199,0.0,0,20,3780
22814.0,9408.56558222199,0.0,0,20,3780
22815.0,9408.56558222199,0.0,0,20,3780
22816.0,9408.56558222199,0.0,0,20,3780
22817.0,9408.56558222199,0.0,0,20,3780
22818.0,9408.56558222199,0.0,0,20,3780
22819.0,9408.56558222199,0.0,0,20,3780
22820.0,9408.56558222199,0.0,0,20,3780
22821.0,9408.56558222199,0.0,0,20,3780
22822.0,9408.56558222199,0.0,0,20,3780
22823.0,9408.56558222199,0.0,0,20,3780
22824.0,9408.56558222199,0.0,0,20,3780
22825.0,9408.56558222199,0.0,0,20,3780
22826.0,9408.56558222199,0.0,0,20,3780
22827.0,9408.56558222199,0.0,0,20,3780
22828.0,9408.56558222199,0.0,0,20,3780
22829.0,9408.56558222199,0.0,0,20,3780
22830.0,9408.56558222199,0.0,0,20,3780
22831.0,9408.56558222199,0.0,0,20,3780
22832.0,9408.56558222199,0.0,0,20,3780
22833.0,9408.56558222199,0.0,0,20,3780
22834.0,9408.56558222199,0.0,0,20,3780
22835.0,9408.56558222199,0.0,0,20,3780
22836.0,9408.56558222199,0.0,0,20,3780
22837.0,9408.56558222199,0.0,0,20,3780
22838.0,9408.56558222199,0.0,0,20,3780
22839.0,9408.56558222199,0.0,0,20,3780
22840.0,9408.56558222199,0.0,0,20,3780
22841.0,9408.56558222199,0.0,0,20,3780
22842.0,9408.56558222199,0.0,0,20,3780
22843.0,9408.56558222199,0.0,0,20,3780
22844.0,9408.56558222199,0.0,0,20,3780
22845.0,9408.56558222199,0.0,0,20,3780
22846.0,9408.56558222199,0.0,0,20,3780
22847.0,9408.56558222199,0.0,0,20,3780
22848.0,9408.56558222199,0.0,0,20,3780
22849.0,9408.56558222199,0.0,0,20,3780
22850.0,9408.56558222199,0.0,0,20,3780
22851.0,9408.56558222199,0.0,0,20,3780
22852.0,9408.56558222199,0.0,0,20,3780
22853.0,9408.56558222199,0.0,0,20,3780
22854.0,9408.56558222199,0.0,0,20,3780
22855.0,9408.56558222199,0.0,0,20,3780
22856.0,9408.56558222199,0.0,0,20,3780
22857.0,9408.56558222199,0.0,0,20,3780
22858.0,9408.56558222199,0.0,0,20,3780
22859.0,9408.56558222199,0.0,0,20,3780
22860.0,9408.56558222199,0.0,0,20,3780
22861.0,9408.56558222199,0.0,0,20,3780
22862.0,9408.56558222199,0.0,0,20,3780
22863.0,9408.56558222199,0.0,0,20,3780
22864.0,9408.56558222199,0.0,0,20,3780
22865.0,9408.56558222199,0.0,0,20,3780
22866.0,9408.56558222199,0.0,0,20,3780
22867.0,9408.56558222199,0.0,0,20,3780
22868.0,9408.56558222199,0.0,0,20,3780
22869.0,9408.56558222199,0.0,0,20,3780
22870.0,9408.56558222199,0.0,0,20,3780
22871.0,9408.56558222199,0.0,0,20,3780
22872.0,9408.56558222199,0.0,0,20,3780
22873.0,9408.56558222199,0.0,0,20,3780
22874.0,9408.56558222199,0.0,0,20,3780
22875.0,9408.56558222199,0.0,0,20,3780
22876.0,9408.56558222199,0.0,0,20,3780
22877.0,9408.56558222199,0.0,0,20,3780
22878.0,9408.56558222199,0.0,0,20,3780
22879.0,9408.56558222199,0.0,0,20,3780
22880.0,9408.56558222199,0.0,0,20,3780
22881.0,9408.56558222199,0.0,0,20,3780
22882.0,9408.56558222199,0.0,0,20,3780
22883.0,9408.56558222199,0.0,0,20,3780
22884.0,9408.56558222199,0.0,0,20,3780
22885.0,9408.56558222199,0.0,0,20,3780
22886.0,9408.56558222199,0.0,0,20,3780
22887.0,9408.56558222199,0.0,0,20,3780
22888.0,9408.56558222199,0.0,0,20,3780
22889.0,9408.56558222199,0.0,0,20,3780
22890.0,9408.56558222199,0.0,0,20,3780
22891.0,9408.56558222199,0.0,0,20,3780
22892.0,9408.56558222199,0.0,0,20,3780
22893.0,9408.56558222199,0.0,0,20,3780
22894.0,9408.56558222199,0.0,0,20,3780
22895.0,9408.56558222199,0.0,0,20,3780
22896.0,9408.56558222199,0.0,0,20,3780
22897.0,9408.56558222199,0.0,0,20,3780
22898.0,9408.56558222199,0.0,0,20,3780
22899.0,9408.56558222199,0.0,0,20,3780
22900.0,9408.56558222199,0.0,0,20,3780
22901.0,9408.56558222199,0.0,0,20,3780
22902.0,9408.56558222199,0.0,0,20,3780
22903.0,9408.56558222199,0.0,0,20,3780
22904.0,9408.56558222199,0.0,0,20,3780
22905.0,9408.56558222199,0.0,0,20,3780
22906.0,9408.56558222199,0.0,0,20,3780
22907.0,9408.56558222199,0.0,0,20,3780
22908.0,9408.56558222199,0.0,0,20,3780
22909.0,9408.56558222199,0.0,0,20,3780
22910.0,9408.56558222199,0.0,0,20,3780
22911.0,9408.56558222199,0.0,0,20,3780
22912.0,9408.56558222199,0.0,0,20,3780
22913.0,9408.56558222199,0.0,0,20,3780
22914.0,9408.56558222199,0.0,0,20,3780
22915.0,9408.56558222199,0.0,0,20,3780
22916.0,9408.56558222199,0.0,0,20,3780
22917.0,9408.56558222199,0.0,0,20,3780
22918.0,9408.56558222199,0.0,0,20,3780
22919.0,9408.56558222199,0.0,0,20,3780
22920.0,9408.56558222199,0.0,0,20,3780
22921.0,9408.56558222199,0.0,0,20,3780
22922.0,9408.56558222199,0.0,0,20,3780
22923.0,9408.56558222199,0.0,0,20,3780
22924.0,9408.56558222199,0.0,0,20,3780
22925.0,9408.56558222199,0.0,0,20,3780
22926.0,9408.56558222199,0.0,0,20,3780
22927.0,9408.56558222199,0.0,0,20,3780
22928.0,9408.56558222199,0.0,0,20,3780
22929.0,9408.56558222199,0.0,0,20,3780
22930.0,9408.56558222199,0.0,0,20,3780
22931.0,9408.56558222199,0.0,0,20,3780
22932.0,9408.56558222199,0.0,0,20,3780
22933.0,9408.56558222199,0.0,0,20,3780
22934.0,9408.56558222199,0.0,0,20,3780
22935.0,9408.56558222199,0.0,0,20,3780
22936.0,9408.56558222199,0.0,0,20,3780
22937.0,9408.56558222199,0.0,0,20,3780
22938.0,9408.56558222199,0.0,0,20,3780
22939.0,9408.56558222199,0.0,0,20,3780
22940.0,9408.56558222199,0.0,0,20,3780
22941.0,9408.56558222199,0.0,0,20,3780
22942.0,9408.56558222199,0.0,0,20,3780
22943.0,9408.56558222199,0.0,0,20,3780
22944.0,9408.56558222199,0.0,0,20,3780
22945.0,9408.56558222199,0.0,0,20,3780
22946.0,9408.56558222199,0.0,0,20,3780
22947.0,9408.56558222199,0.0,0,20,3780
22948.0,9408.56558222199,0.0,0,20,3780
22949.0,9408.56558222199,0.0,0,20,3780
22950.0,9408.56558222199,0.0,0,20,3780
22951.0,9408.56558222199,0.0,0,20,3780
22952.0,9408.56558222199,0.0,0,20,3780
22953.0,9408.56558222199,0.0,0,20,3780
22954.0,9408.56558222199,0.0,0,20,3780
22955.0,9408.56558222199,0.0,0,20,3780
22956.0,9408.56558222199,0.0,0,20,3780
22957.0,9408.56558222199,0.0,0,20,3780
22958.0,9408.56558222199,0.0,0,20,3780
22959.0,9408.56558222199,0.0,0,20,3780
22960.0,9408.56558222199,0.0,0,20,3780
22961.0,9408.56558222199,0.0,0,20,3780
22962.0,9408.56558222199,0.0,0,20,3780
22963.0,9408.56558222199,0.0,0,20,3780
22964.0,9408.56558222199,0.0,0,20,3780
22965.0,9408.56558222199,0.0,0,20,3780
22966.0,9408.56558222199,0.0,0,20,3780
22967.0,9408.56558222199,0.0,0,20,3780
22968.0,9408.56558222199,0.0,0,20,3780
22969.0,9408.56558222199,0.0,0,20,3780
22970.0,9408.56558222199,0.0,0,20,3780
22971.0,9408.56558222199,0.0,0,20,3780
22972.0,9408.56558222199,0.0,0,20,3780
22973.0,9408.56558222199,0.0,0,20,3780
22974.0,9408.56558222199,0.0,0,20,3780
22975.0,9408.56558222199,0.0,0,20,3780
22976.0,9408.56558222199,0.0,0,20,3780
22977.0,9408.56558222199,0.0,0,20,3780
22978.0,9408.56558222199,0.0,0,20,3780
22979.0,9408.56558222199,0.0,0,20,3780
22980.0,9408.56558222199,0.0,0,20,3780
22981.0,9408.56558222199,0.0,0,20,3780
22982.0,9408.56558222199,0.0,0,20,3780
22983.0,9408.56558222199,0.0,0,20,3780
22984.0,9408.56558222199,0.0,0,20,3780
22985.0,9408.56558222199,0.0,0,20,3780
22986.0,9408.56558222199,0.0,0,20,3780
22987.0,9408.56558222199,0.0,0,20,3780
22988.0,9408.56558222199,0.0,0,20,3780
22989.0,9408.56558222199,0.0,0,20,3780
22990.0,9408.56558222199,0.0,0,20,3780
22991.0,9408.56558222199,0.0,0,20,3780
22992.0,9408.56558222199,0.0,0,20,3780
22993.0,9408.56558222199,0.0,0,20,3780
22994.0,9408.56558222199,0.0,0,20,3780
22995.0,9408.56558222199,0.0,0,20,3780
22996.0,9408.56558222199,0.0,0,20,3780
22997.0,9408.56558222199,0.0,0,20,3780
22998.0,9408.56558222199,0.0,0,20,3780
22999.0,9408.56558222199,0.0,0,20,3780
23000.0,9408.56558222199,0.0,0,20,3780
23001.0,9408.56558222199,0.0,0,20,3780
23002.0,9408.56558222199,0.0,0,20,3780
23003.0,9408.56558222199,0.0,0,20,3780
23004.0,9408.56558222199,0.0,0,20,3780
23005.0,9408.56558222199,0.0,0,20,3780
23006.0,9408.56558222199,0.0,0,20,3780
23007.0,9408.56558222199,0.0,0,20,3780
23008.0,9408.56558222199,0.0,0,20,3780
23009.0,9408.56558222199,0.0,0,20,3780
23010.0,9408.56558222199,0.0,0,20,3780
23011.0,9408.56558222199,0.0,0,20,3780
23012.0,9408.56558222199,0.0,0,20,3780
23013.0,9408.56558222199,0.0,0,20,3780
23014.0,9408.56558222199,0.0,0,20,3780
23015.0,9408.56558222199,0.0,0,20,3780
23016.0,9408.56558222199,0.0,0,20,3780
23017.0,9408.56558222199,0.0,0,20,3780
23018.0,9408.56558222199,0.0,0,20,3780
23019.0,9408.56558222199,0.0,0,20,3780
23020.0,9408.56558222199,0.0,0,20,3780
23021.0,9408.56558222199,0.0,0,20,3780
23022.0,9408.56558222199,0.0,0,20,3780
23023.0,9408.56558222199,0.0,0,20,3780
23024.0,9408.56558222199,0.0,0,20,3780
23025.0,9408.56558222199,0.0,0,20,3780
23026.0,9408.56558222199,0.0,0,20,3780
23027.0,9408.56558222199,0.0,0,20,3780
23028.0,9408.56558222199,0.0,0,20,3780
23029.0,9408.56558222199,0.0,0,20,3780
23030.0,9408.56558222199,0.0,0,20,3780
23031.0,9408.56558222199,0.0,0,20,3780
23032.0,9408.56558222199,0.0,0,20,3780
23033.0,9408.56558222199,0.0,0,20,3780
23034.0,9408.56558222199,0.0,0,20,3780
23035.0,9408.56558222199,0.0,0,20,3780
23036.0,9408.56558222199,0.0,0,20,3780
23037.0,9408.56558222199,0.0,0,20,3780
23038.0,9408.56558222199,0.0,0,20,3780
23039.0,9408.56558222199,0.0,0,20,3780
23040.0,9408.56558222199,0.0,0,20,3780
23041.0,9408.56558222199,0.0,0,20,3780
23042.0,9408.56558222199,0.0,0,20,3780
23043.0,9408.56558222199,0.0,0,20,3780
23044.0,9408.56558222199,0.0,0,20,3780
23045.0,9408.56558222199,0.0,0,20,3780
23046.0,9408.56558222199,0.0,0,20,3780
23047.0,9408.56558222199,0.0,0,20,3780
23048.0,9408.56558222199,0.0,0,20,3780
23049.0,9408.56558222199,0.0,0,20,3780
23050.0,9408.56558222199,0.0,0,20,3780
23051.0,9408.56558222199,0.0,0,20,3780
23052.0,9408.56558222199,0.0,0,20,3780
23053.0,9408.56558222199,0.0,0,20,3780
23054.0,9408.56558222199,0.0,0,20,3780
23055.0,9408.56558222199,0.0,0,20,3780
23056.0,9408.56558222199,0.0,0,20,3780
23057.0,9408.56558222199,0.0,0,20,3780
23058.0,9408.56558222199,0.0,0,20,3780
23059.0,9408.56558222199,0.0,0,20,3780
23060.0,9408.56558222199,0.0,0,20,3780
23061.0,9408.56558222199,0.0,0,20,3780
23062.0,9408.56558222199,0.0,0,20,3780
23063.0,9408.56558222199,0.0,0,20,3780
23064.0,9408.56558222199,0.0,0,20,3780
23065.0,9408.56558222199,0.0,0,20,3780
23066.0,9408.56558222199,0.0,0,20,3780
23067.0,9408.56558222199,0.0,0,20,3780
23068.0,9408.56558222199,0.0,0,20,3780
23069.0,9408.56558222199,0.0,0,20,3780
23070.0,9408.56558222199,0.0,0,20,3780
23071.0,9408.56558222199,0.0,0,20,3780
23072.0,9408.56558222199,0.0,0,20,3780
23073.0,9408.56558222199,0.0,0,20,3780
23074.0,9408.56558222199,0.0,0,20,3780
23075.0,9408.56558222199,0.0,0,20,3780
23076.0,9408.56558222199,0.0,0,20,3780
23077.0,9408.56558222199,0.0,0,20,3780
23078.0,9408.56558222199,0.0,0,20,3780
23079.0,9408.56558222199,0.0,0,20,3780
23080.0,9408.56558222199,0.0,0,20,3780
23081.0,9408.56558222199,0.0,0,20,3780
23082.0,9408.56558222199,0.0,0,20,3780
23083.0,9408.56558222199,0.0,0,20,3780
23084.0,9408.56558222199,0.0,0,20,3780
23085.0,9408.56558222199,0.0,0,20,3780
23086.0,9408.56558222199,0.0,0,20,3780
23087.0,9408.56558222199,0.0,0,20,3780
23088.0,9408.56558222199,0.0,0,20,3780
23089.0,9408.56558222199,0.0,0,20,3780
23090.0,9408.56558222199,0.0,0,20,3780
23091.0,9408.56558222199,0.0,0,20,3780
23092.0,9408.56558222199,0.0,0,20,3780
23093.0,9408.56558222199,0.0,0,20,3780
23094.0,9408.56558222199,0.0,0,20,3780
23095.0,9408.56558222199,0.0,0,20,3780
23096.0,9408.56558222199,0.0,0,20,3780
23097.0,9408.56558222199,0.0,0,20,3780
23098.0,9408.56558222199,0.0,0,20,3780
23099.0,9408.56558222199,0.0,0,20,3780
23100.0,9408.56558222199,0.0,0,20,3780
23101.0,9408.56558222199,0.0,0,20,3780
23102.0,9408.56558222199,0.0,0,20,3780
23103.0,9408.56558222199,0.0,0,20,3780
23104.0,9408.56558222199,0.0,0,20,3780
23105.0,9408.56558222199,0.0,0,20,3780
23106.0,9408.56558222199,0.0,0,20,3780
23107.0,9408.56558222199,0.0,0,20,3780
23108.0,9408.56558222199,0.0,0,20,3780
23109.0,9408.56558222199,0.0,0,20,3780
23110.0,9408.56558222199,0.0,0,20,3780
23111.0,9408.56558222199,0.0,0,20,3780
23112.0,9408.56558222199,0.0,0,20,3780
23113.0,9408.56558222199,0.0,0,20,3780
23114.0,9408.56558222199,0.0,0,20,3780
23115.0,9408.56558222199,0.0,0,20,3780
23116.0,9408.56558222199,0.0,0,20,3780
23117.0,9408.56558222199,0.0,0,20,3780
23118.0,9408.56558222199,0.0,0,20,3780
23119.0,9408.56558222199,0.0,0,20,3780
23120.0,9408.56558222199,0.0,0,20,3780
23121.0,9408.56558222199,0.0,0,20,3780
23122.0,9408.56558222199,0.0,0,20,3780
23123.0,9408.56558222199,0.0,0,20,3780
23124.0,9408.56558222199,0.0,0,20,3780
23125.0,9408.56558222199,0.0,0,20,3780
23126.0,9408.56558222199,0.0,0,20,3780
23127.0,9408.56558222199,0.0,0,20,3780
23128.0,9408.56558222199,0.0,0,20,3780
23129.0,9408.56558222199,0.0,0,20,3780
23130.0,9408.56558222199,0.0,0,20,3780
23131.0,9408.56558222199,0.0,0,20,3780
23132.0,9408.56558222199,0.0,0,20,3780
23133.0,9408.56558222199,0.0,0,20,3780
23134.0,9408.56558222199,0.0,0,20,3780
23135.0,9408.56558222199,0.0,0,20,3780
23136.0,9408.56558222199,0.0,0,20,3780
23137.0,9408.56558222199,0.0,0,20,3780
23138.0,9408.56558222199,0.0,0,20,3780
23139.0,9408.56558222199,0.0,0,20,3780
23140.0,9408.56558222199,0.0,0,20,3780
23141.0,9408.56558222199,0.0,0,20,3780
23142.0,9408.56558222199,0.0,0,20,3780
23143.0,9408.56558222199,0.0,0,20,3780
23144.0,9408.56558222199,0.0,0,20,3780
23145.0,9408.56558222199,0.0,0,20,3780
23146.0,9408.56558222199,0.0,0,20,3780
23147.0,9408.56558222199,0.0,0,20,3780
23148.0,9408.56558222199,0.0,0,20,3780
23149.0,9408.56558222199,0.0,0,20,3780
23150.0,9408.56558222199,0.0,0,20,3780
23151.0,9408.56558222199,0.0,0,20,3780
23152.0,9408.56558222199,0.0,0,20,3780
23153.0,9408.56558222199,0.0,0,20,3780
23154.0,9408.56558222199,0.0,0,20,3780
23155.0,9408.56558222199,0.0,0,20,3780
23156.0,9408.56558222199,0.0,0,20,3780
23157.0,9408.56558222199,0.0,0,20,3780
23158.0,9408.56558222199,0.0,0,20,3780
23159.0,9408.56558222199,0.0,0,20,3780
23160.0,9408.56558222199,0.0,0,20,3780
23161.0,9408.56558222199,0.0,0,20,3780
23162.0,9408.56558222199,0.0,0,20,3780
23163.0,9408.56558222199,0.0,0,20,3780
23164.0,9408.56558222199,0.0,0,20,3780
23165.0,9408.56558222199,0.0,0,20,3780
23166.0,9408.56558222199,0.0,0,20,3780
23167.0,9408.56558222199,0.0,0,20,3780
23168.0,9408.56558222199,0.0,0,20,3780
23169.0,9408.56558222199,0.0,0,20,3780
23170.0,9408.56558222199,0.0,0,20,3780
23171.0,9408.56558222199,0.0,0,20,3780
23172.0,9408.56558222199,0.0,0,20,3780
23173.0,9408.56558222199,0.0,0,20,3780
23174.0,9408.56558222199,0.0,0,20,3780
23175.0,9408.56558222199,0.0,0,20,3780
23176.0,9408.56558222199,0.0,0,20,3780
23177.0,9408.56558222199,0.0,0,20,3780
23178.0,9408.56558222199,0.0,0,20,3780
23179.0,9408.56558222199,0.0,0,20,3780
23180.0,9408.56558222199,0.0,0,20,3780
23181.0,9408.56558222199,0.0,0,20,3780
23182.0,9408.56558222199,0.0,0,20,3780
23183.0,9408.56558222199,0.0,0,20,3780
23184.0,9408.56558222199,0.0,0,20,3780
23185.0,9408.56558222199,0.0,0,20,3780
23186.0,9408.56558222199,0.0,0,20,3780
23187.0,9408.56558222199,0.0,0,20,3780
23188.0,9408.56558222199,0.0,0,20,3780
23189.0,9408.56558222199,0.0,0,20,3780
23190.0,9408.56558222199,0.0,0,20,3780
23191.0,9408.56558222199,0.0,0,20,3780
23192.0,9408.56558222199,0.0,0,20,3780
23193.0,9408.56558222199,0.0,0,20,3780
23194.0,9408.56558222199,0.0,0,20,3780
23195.0,9408.56558222199,0.0,0,20,3780
23196.0,9408.56558222199,0.0,0,20,3780
23197.0,9408.56558222199,0.0,0,20,3780
23198.0,9408.56558222199,0.0,0,20,3780
23199.0,9408.56558222199,0.0,0,20,3780
23200.0,9408.56558222199,0.0,0,20,3780
23201.0,9408.56558222199,0.0,0,20,3780
23202.0,9408.56558222199,0.0,0,20,3780
23203.0,9408.56558222199,0.0,0,20,3780
23204.0,9408.56558222199,0.0,0,20,3780
23205.0,9408.56558222199,0.0,0,20,3780
23206.0,9408.56558222199,0.0,0,20,3780
23207.0,9408.56558222199,0.0,0,20,3780
23208.0,9408.56558222199,0.0,0,20,3780
23209.0,9408.56558222199,0.0,0,20,3780
23210.0,9408.56558222199,0.0,0,20,3780
23211.0,9408.56558222199,0.0,0,20,3780
23212.0,9408.56558222199,0.0,0,20,3780
23213.0,9408.56558222199,0.0,0,20,3780
23214.0,9408.56558222199,0.0,0,20,3780
23215.0,9408.56558222199,0.0,0,20,3780
23216.0,9408.56558222199,0.0,0,20,3780
23217.0,9408.56558222199,0.0,0,20,3780
23218.0,9408.56558222199,0.0,0,20,3780
23219.0,9408.56558222199,0.0,0,20,3780
23220.0,9408.56558222199,0.0,0,20,3780
23221.0,9408.56558222199,0.0,0,20,3780
23222.0,9408.56558222199,0.0,0,20,3780
23223.0,9408.56558222199,0.0,0,20,3780
23224.0,9408.56558222199,0.0,0,20,3780
23225.0,9408.56558222199,0.0,0,20,3780
23226.0,9408.56558222199,0.0,0,20,3780
23227.0,9408.56558222199,0.0,0,20,3780
23228.0,9408.56558222199,0.0,0,20,3780
23229.0,9408.56558222199,0.0,0,20,3780
23230.0,9408.56558222199,0.0,0,20,3780
23231.0,9408.56558222199,0.0,0,20,3780
23232.0,9408.56558222199,0.0,0,20,3780
23233.0,9408.56558222199,0.0,0,20,3780
23234.0,9408.56558222199,0.0,0,20,3780
23235.0,9408.56558222199,0.0,0,20,3780
23236.0,9408.56558222199,0.0,0,20,3780
23237.0,9408.56558222199,0.0,0,20,3780
23238.0,9408.56558222199,0.0,0,20,3780
23239.0,9408.56558222199,0.0,0,20,3780
23240.0,9408.56558222199,0.0,0,20,3780
23241.0,9408.56558222199,0.0,0,20,3780
23242.0,9408.56558222199,0.0,0,20,3780
23243.0,9408.56558222199,0.0,0,20,3780
23244.0,9408.56558222199,0.0,0,20,3780
23245.0,9408.56558222199,0.0,0,20,3780
23246.0,9408.56558222199,0.0,0,20,3780
23247.0,9408.56558222199,0.0,0,20,3780
23248.0,9408.56558222199,0.0,0,20,3780
23249.0,9408.56558222199,0.0,0,20,3780
23250.0,9408.56558222199,0.0,0,20,3780
23251.0,9408.56558222199,0.0,0,20,3780
23252.0,9408.56558222199,0.0,0,20,3780
23253.0,9408.56558222199,0.0,0,20,3780
23254.0,9408.56558222199,0.0,0,20,3780
23255.0,9408.56558222199,0.0,0,20,3780
23256.0,9408.56558222199,0.0,0,20,3780
23257.0,9408.56558222199,0.0,0,20,3780
23258.0,9408.56558222199,0.0,0,20,3780
23259.0,9408.56558222199,0.0,0,20,3780
23260.0,9408.56558222199,0.0,0,20,3780
23261.0,9408.56558222199,0.0,0,20,3780
23262.0,9408.56558222199,0.0,0,20,3780
23263.0,9408.56558222199,0.0,0,20,3780
23264.0,9408.56558222199,0.0,0,20,3780
23265.0,9408.56558222199,0.0,0,20,3780
23266.0,9408.56558222199,0.0,0,20,3780
23267.0,9408.56558222199,0.0,0,20,3780
23268.0,9408.56558222199,0.0,0,20,3780
23269.0,9408.56558222199,0.0,0,20,3780
23270.0,9408.56558222199,0.0,0,20,3780
23271.0,9408.56558222199,0.0,0,20,3780
23272.0,9408.56558222199,0.0,0,20,3780
23273.0,9408.56558222199,0.0,0,20,3780
23274.0,9408.56558222199,0.0,0,20,3780
23275.0,9408.56558222199,0.0,0,20,3780
23276.0,9408.56558222199,0.0,0,20,3780
23277.0,9408.56558222199,0.0,0,20,3780
23278.0,9408.56558222199,0.0,0,20,3780
23279.0,9408.56558222199,0.0,0,20,3780
23280.0,9408.56558222199,0.0,0,20,3780
23281.0,9408.56558222199,0.0,0,20,3780
23282.0,9408.56558222199,0.0,0,20,3780
23283.0,9408.56558222199,0.0,0,20,3780
23284.0,9408.56558222199,0.0,0,20,3780
23285.0,9408.56558222199,0.0,0,20,3780
23286.0,9408.56558222199,0.0,0,20,3780
23287.0,9408.56558222199,0.0,0,20,3780
23288.0,9408.56558222199,0.0,0,20,3780
23289.0,9408.56558222199,0.0,0,20,3780
23290.0,9408.56558222199,0.0,0,20,3780
23291.0,9408.56558222199,0.0,0,20,3780
23292.0,9408.56558222199,0.0,0,20,3780
23293.0,9408.56558222199,0.0,0,20,3780
23294.0,9408.56558222199,0.0,0,20,3780
23295.0,9408.56558222199,0.0,0,20,3780
23296.0,9408.56558222199,0.0,0,20,3780
23297.0,9408.56558222199,0.0,0,20,3780
23298.0,9408.56558222199,0.0,0,20,3780
23299.0,9408.56558222199,0.0,0,20,3780
23300.0,9408.56558222199,0.0,0,20,3780
23301.0,9408.56558222199,0.0,0,20,3780
23302.0,9408.56558222199,0.0,0,20,3780
23303.0,9408.56558222199,0.0,0,20,3780
23304.0,9408.56558222199,0.0,0,20,3780
23305.0,9408.56558222199,0.0,0,20,3780
23306.0,9408.56558222199,0.0,0,20,3780
23307.0,9408.56558222199,0.0,0,20,3780
23308.0,9408.56558222199,0.0,0,20,3780
23309.0,9408.56558222199,0.0,0,20,3780
23310.0,9408.56558222199,0.0,0,20,3780
23311.0,9408.56558222199,0.0,0,20,3780
23312.0,9408.56558222199,0.0,0,20,3780
23313.0,9408.56558222199,0.0,0,20,3780
23314.0,9408.56558222199,0.0,0,20,3780
23315.0,9408.56558222199,0.0,0,20,3780
23316.0,9408.56558222199,0.0,0,20,3780
23317.0,9408.56558222199,0.0,0,20,3780
23318.0,9408.56558222199,0.0,0,20,3780
23319.0,9408.56558222199,0.0,0,20,3780
23320.0,9408.56558222199,0.0,0,20,3780
23321.0,9408.56558222199,0.0,0,20,3780
23322.0,9408.56558222199,0.0,0,20,3780
23323.0,9408.56558222199,0.0,0,20,3780
23324.0,9408.56558222199,0.0,0,20,3780
23325.0,9408.56558222199,0.0,0,20,3780
23326.0,9408.56558222199,0.0,0,20,3780
23327.0,9408.56558222199,0.0,0,20,3780
23328.0,9408.56558222199,0.0,0,20,3780
23329.0,9408.56558222199,0.0,0,20,3780
23330.0,9408.56558222199,0.0,0,20,3780
23331.0,9408.56558222199,0.0,0,20,3780
23332.0,9408.56558222199,0.0,0,20,3780
23333.0,9408.56558222199,0.0,0,20,3780
23334.0,9408.56558222199,0.0,0,20,3780
23335.0,9408.56558222199,0.0,0,20,3780
23336.0,9408.56558222199,0.0,0,20,3780
23337.0,9408.56558222199,0.0,0,20,3780
23338.0,9408.56558222199,0.0,0,20,3780
23339.0,9408.56558222199,0.0,0,20,3780
23340.0,9408.56558222199,0.0,0,20,3780
23341.0,9408.56558222199,0.0,0,20,3780
23342.0,9408.56558222199,0.0,0,20,3780
23343.0,9408.56558222199,0.0,0,20,3780
23344.0,9408.56558222199,0.0,0,20,3780
23345.0,9408.56558222199,0.0,0,20,3780
23346.0,9408.56558222199,0.0,0,20,3780
23347.0,9408.56558222199,0.0,0,20,3780
23348.0,9408.56558222199,0.0,0,20,3780
23349.0,9408.56558222199,0.0,0,20,3780
23350.0,9408.56558222199,0.0,0,20,3780
23351.0,9408.56558222199,0.0,0,20,3780
23352.0,9408.56558222199,0.0,0,20,3780
23353.0,9408.56558222199,0.0,0,20,3780
23354.0,9408.56558222199,0.0,0,20,3780
23355.0,9408.56558222199,0.0,0,20,3780
23356.0,9408.56558222199,0.0,0,20,3780
23357.0,9408.56558222199,0.0,0,20,3780
23358.0,9408.56558222199,0.0,0,20,3780
23359.0,9408.56558222199,0.0,0,20,3780
23360.0,9408.56558222199,0.0,0,20,3780
23361.0,9408.56558222199,0.0,0,20,3780
23362.0,9408.56558222199,0.0,0,20,3780
23363.0,9408.56558222199,0.0,0,20,3780
23364.0,9408.56558222199,0.0,0,20,3780
23365.0,9408.56558222199,0.0,0,20,3780
23366.0,9408.56558222199,0.0,0,20,3780
23367.0,9408.56558222199,0.0,0,20,3780
23368.0,9408.56558222199,0.0,0,20,3780
23369.0,9408.56558222199,0.0,0,20,3780
23370.0,9408.56558222199,0.0,0,20,3780
23371.0,9408.56558222199,0.0,0,20,3780
23372.0,9408.56558222199,0.0,0,20,3780
23373.0,9408.56558222199,0.0,0,20,3780
23374.0,9408.56558222199,0.0,0,20,3780
23375.0,9408.56558222199,0.0,0,20,3780
23376.0,9408.56558222199,0.0,0,20,3780
23377.0,9408.56558222199,0.0,0,20,3780
23378.0,9408.56558222199,0.0,0,20,3780
23379.0,9408.56558222199,0.0,0,20,3780
23380.0,9408.56558222199,0.0,0,20,3780
23381.0,9408.56558222199,0.0,0,20,3780
23382.0,9408.56558222199,0.0,0,20,3780
23383.0,9408.56558222199,0.0,0,20,3780
23384.0,9408.56558222199,0.0,0,20,3780
23385.0,9408.56558222199,0.0,0,20,3780
23386.0,9408.56558222199,0.0,0,20,3780
23387.0,9408.56558222199,0.0,0,20,3780
23388.0,9408.56558222199,0.0,0,20,3780
23389.0,9408.56558222199,0.0,0,20,3780
23390.0,9408.56558222199,0.0,0,20,3780
23391.0,9408.56558222199,0.0,0,20,3780
23392.0,9408.56558222199,0.0,0,20,3780
23393.0,9408.56558222199,0.0,0,20,3780
23394.0,9408.56558222199,0.0,0,20,3780
23395.0,9408.56558222199,0.0,0,20,3780
23396.0,9408.56558222199,0.0,0,20,3780
23397.0,9408.56558222199,0.0,0,20,3780
23398.0,9408.56558222199,0.0,0,20,3780
23399.0,9408.56558222199,0.0,0,20,3780
23400.0,9408.56558222199,0.0,0,20,3780
23401.0,9408.56558222199,0.0,0,20,3780
23402.0,9408.56558222199,0.0,0,20,3780
23403.0,9408.56558222199,0.0,0,20,3780
23404.0,9408.56558222199,0.0,0,20,3780
23405.0,9408.56558222199,0.0,0,20,3780
23406.0,9408.56558222199,0.0,0,20,3780
23407.0,9408.56558222199,0.0,0,20,3780
23408.0,9408.56558222199,0.0,0,20,3780
23409.0,9408.56558222199,0.0,0,20,3780
23410.0,9408.56558222199,0.0,0,20,3780
23411.0,9408.56558222199,0.0,0,20,3780
23412.0,9408.56558222199,0.0,0,20,3780
23413.0,9408.56558222199,0.0,0,20,3780
23414.0,9408.56558222199,0.0,0,20,3780
23415.0,9408.56558222199,0.0,0,20,3780
23416.0,9408.56558222199,0.0,0,20,3780
23417.0,9408.56558222199,0.0,0,20,3780
23418.0,9408.56558222199,0.0,0,20,3780
23419.0,9408.56558222199,0.0,0,20,3780
23420.0,9408.56558222199,0.0,0,20,3780
23421.0,9408.56558222199,0.0,0,20,3780
23422.0,9408.56558222199,0.0,0,20,3780
23423.0,9408.56558222199,0.0,0,20,3780
23424.0,9408.56558222199,0.0,0,20,3780
23425.0,9408.56558222199,0.0,0,20,3780
23426.0,9408.56558222199,0.0,0,20,3780
23427.0,9408.56558222199,0.0,0,20,3780
23428.0,9408.56558222199,0.0,0,20,3780
23429.0,9408.56558222199,0.0,0,20,3780
23430.0,9408.56558222199,0.0,0,20,3780
23431.0,9408.56558222199,0.0,0,20,3780
23432.0,9408.56558222199,0.0,0,20,3780
23433.0,9408.56558222199,0.0,0,20,3780
23434.0,9408.56558222199,0.0,0,20,3780
23435.0,9408.56558222199,0.0,0,20,3780
23436.0,9408.56558222199,0.0,0,20,3780
23437.0,9408.56558222199,0.0,0,20,3780
23438.0,9408.56558222199,0.0,0,20,3780
23439.0,9408.56558222199,0.0,0,20,3780
23440.0,9408.56558222199,0.0,0,20,3780
23441.0,9408.56558222199,0.0,0,20,3780
23442.0,9408.56558222199,0.0,0,20,3780
23443.0,9408.56558222199,0.0,0,20,3780
23444.0,9408.56558222199,0.0,0,20,3780
23445.0,9408.56558222199,0.0,0,20,3780
23446.0,9408.56558222199,0.0,0,20,3780
23447.0,9408.56558222199,0.0,0,20,3780
23448.0,9408.56558222199,0.0,0,20,3780
23449.0,9408.56558222199,0.0,0,20,3780
23450.0,9408.56558222199,0.0,0,20,3780
23451.0,9408.56558222199,0.0,0,20,3780
23452.0,9408.56558222199,0.0,0,20,3780
23453.0,9408.56558222199,0.0,0,20,3780
23454.0,9408.56558222199,0.0,0,20,3780
23455.0,9408.56558222199,0.0,0,20,3780
23456.0,9408.56558222199,0.0,0,20,3780
23457.0,9408.56558222199,0.0,0,20,3780
23458.0,9408.56558222199,0.0,0,20,3780
23459.0,9408.56558222199,0.0,0,20,3780
23460.0,9408.56558222199,0.0,0,20,3780
23461.0,9408.56558222199,0.0,0,20,3780
23462.0,9408.56558222199,0.0,0,20,3780
23463.0,9408.56558222199,0.0,0,20,3780
23464.0,9408.56558222199,0.0,0,20,3780
23465.0,9408.56558222199,0.0,0,20,3780
23466.0,9408.56558222199,0.0,0,20,3780
23467.0,9408.56558222199,0.0,0,20,3780
23468.0,9408.56558222199,0.0,0,20,3780
23469.0,9408.56558222199,0.0,0,20,3780
23470.0,9408.56558222199,0.0,0,20,3780
23471.0,9408.56558222199,0.0,0,20,3780
23472.0,9408.56558222199,0.0,0,20,3780
23473.0,9408.56558222199,0.0,0,20,3780
23474.0,9408.56558222199,0.0,0,20,3780
23475.0,9408.56558222199,0.0,0,20,3780
23476.0,9408.56558222199,0.0,0,20,3780
23477.0,9408.56558222199,0.0,0,20,3780
23478.0,9408.56558222199,0.0,0,20,3780
23479.0,9408.56558222199,0.0,0,20,3780
23480.0,9408.56558222199,0.0,0,20,3780
23481.0,9408.56558222199,0.0,0,20,3780
23482.0,9408.56558222199,0.0,0,20,3780
23483.0,9408.56558222199,0.0,0,20,3780
23484.0,9408.56558222199,0.0,0,20,3780
23485.0,9408.56558222199,0.0,0,20,3780
23486.0,9408.56558222199,0.0,0,20,3780
23487.0,9408.56558222199,0.0,0,20,3780
23488.0,9408.56558222199,0.0,0,20,3780
23489.0,9408.56558222199,0.0,0,20,3780
23490.0,9408.56558222199,0.0,0,20,3780
23491.0,9408.56558222199,0.0,0,20,3780
23492.0,9408.56558222199,0.0,0,20,3780
23493.0,9408.56558222199,0.0,0,20,3780
23494.0,9408.56558222199,0.0,0,20,3780
23495.0,9408.56558222199,0.0,0,20,3780
23496.0,9408.56558222199,0.0,0,20,3780
23497.0,9408.56558222199,0.0,0,20,3780
23498.0,9408.56558222199,0.0,0,20,3780
23499.0,9408.56558222199,0.0,0,20,3780
23500.0,9408.56558222199,0.0,0,20,3780
23501.0,9408.56558222199,0.0,0,20,3780
23502.0,9408.56558222199,0.0,0,20,3780
23503.0,9408.56558222199,0.0,0,20,3780
23504.0,9408.56558222199,0.0,0,20,3780
23505.0,9408.56558222199,0.0,0,20,3780
23506.0,9408.56558222199,0.0,0,20,3780
23507.0,9408.56558222199,0.0,0,20,3780
23508.0,9408.56558222199,0.0,0,20,3780
23509.0,9408.56558222199,0.0,0,20,3780
23510.0,9408.56558222199,0.0,0,20,3780
23511.0,9408.56558222199,0.0,0,20,3780
23512.0,9408.56558222199,0.0,0,20,3780
23513.0,9408.56558222199,0.0,0,20,3780
23514.0,9408.56558222199,0.0,0,20,3780
23515.0,9408.56558222199,0.0,0,20,3780
23516.0,9408.56558222199,0.0,0,20,3780
23517.0,9408.56558222199,0.0,0,20,3780
23518.0,9408.56558222199,0.0,0,20,3780
23519.0,9408.56558222199,0.0,0,20,3780
23520.0,9408.56558222199,0.0,0,20,3780
23521.0,9408.56558222199,0.0,0,20,3780
23522.0,9408.56558222199,0.0,0,20,3780
23523.0,9408.56558222199,0.0,0,20,3780
23524.0,9408.56558222199,0.0,0,20,3780
23525.0,9408.56558222199,0.0,0,20,3780
23526.0,9408.56558222199,0.0,0,20,3780
23527.0,9408.56558222199,0.0,0,20,3780
23528.0,9408.56558222199,0.0,0,20,3780
23529.0,9408.56558222199,0.0,0,20,3780
23530.0,9408.56558222199,0.0,0,20,3780
23531.0,9408.56558222199,0.0,0,20,3780
23532.0,9408.56558222199,0.0,0,20,3780
23533.0,9408.56558222199,0.0,0,20,3780
23534.0,9408.56558222199,0.0,0,20,3780
23535.0,9408.56558222199,0.0,0,20,3780
23536.0,9408.56558222199,0.0,0,20,3780
23537.0,9408.56558222199,0.0,0,20,3780
23538.0,9408.56558222199,0.0,0,20,3780
23539.0,9408.56558222199,0.0,0,20,3780
23540.0,9408.56558222199,0.0,0,20,3780
23541.0,9408.56558222199,0.0,0,20,3780
23542.0,9408.56558222199,0.0,0,20,3780
23543.0,9408.56558222199,0.0,0,20,3780
23544.0,9408.56558222199,0.0,0,20,3780
23545.0,9408.56558222199,0.0,0,20,3780
23546.0,9408.56558222199,0.0,0,20,3780
23547.0,9408.56558222199,0.0,0,20,3780
23548.0,9408.56558222199,0.0,0,20,3780
23549.0,9408.56558222199,0.0,0,20,3780
23550.0,9408.56558222199,0.0,0,20,3780
23551.0,9408.56558222199,0.0,0,20,3780
23552.0,9408.56558222199,0.0,0,20,3780
23553.0,9408.56558222199,0.0,0,20,3780
23554.0,9408.56558222199,0.0,0,20,3780
23555.0,9408.56558222199,0.0,0,20,3780
23556.0,9408.56558222199,0.0,0,20,3780
23557.0,9408.56558222199,0.0,0,20,3780
23558.0,9408.56558222199,0.0,0,20,3780
23559.0,9408.56558222199,0.0,0,20,3780
23560.0,9408.56558222199,0.0,0,20,3780
23561.0,9408.56558222199,0.0,0,20,3780
23562.0,9408.56558222199,0.0,0,20,3780
23563.0,9408.56558222199,0.0,0,20,3780
23564.0,9408.56558222199,0.0,0,20,3780
23565.0,9408.56558222199,0.0,0,20,3780
23566.0,9408.56558222199,0.0,0,20,3780
23567.0,9408.56558222199,0.0,0,20,3780
23568.0,9408.56558222199,0.0,0,20,3780
23569.0,9408.56558222199,0.0,0,20,3780
23570.0,9408.56558222199,0.0,0,20,3780
23571.0,9408.56558222199,0.0,0,20,3780
23572.0,9408.56558222199,0.0,0,20,3780
23573.0,9408.56558222199,0.0,0,20,3780
23574.0,9408.56558222199,0.0,0,20,3780
23575.0,9408.56558222199,0.0,0,20,3780
23576.0,9408.56558222199,0.0,0,20,3780
23577.0,9408.56558222199,0.0,0,20,3780
23578.0,9408.56558222199,0.0,0,20,3780
23579.0,9408.56558222199,0.0,0,20,3780
23580.0,9408.56558222199,0.0,0,20,3780
23581.0,9408.56558222199,0.0,0,20,3780
23582.0,9408.56558222199,0.0,0,20,3780
23583.0,9408.56558222199,0.0,0,20,3780
23584.0,9408.56558222199,0.0,0,20,3780
23585.0,9408.56558222199,0.0,0,20,3780
23586.0,9408.56558222199,0.0,0,20,3780
23587.0,9408.56558222199,0.0,0,20,3780
23588.0,9408.56558222199,0.0,0,20,3780
23589.0,9408.56558222199,0.0,0,20,3780
23590.0,9408.56558222199,0.0,0,20,3780
23591.0,9408.56558222199,0.0,0,20,3780
23592.0,9408.56558222199,0.0,0,20,3780
23593.0,9408.56558222199,0.0,0,20,3780
23594.0,9408.56558222199,0.0,0,20,3780
23595.0,9408.56558222199,0.0,0,20,3780
23596.0,9408.56558222199,0.0,0,20,3780
23597.0,9408.56558222199,0.0,0,20,3780
23598.0,9408.56558222199,0.0,0,20,3780
23599.0,9408.56558222199,0.0,0,20,3780
23600.0,9408.56558222199,0.0,0,20,3780
23601.0,9408.56558222199,0.0,0,20,3780
23602.0,9408.56558222199,0.0,0,20,3780
23603.0,9408.56558222199,0.0,0,20,3780
23604.0,9408.56558222199,0.0,0,20,3780
23605.0,9408.56558222199,0.0,0,20,3780
23606.0,9408.56558222199,0.0,0,20,3780
23607.0,9408.56558222199,0.0,0,20,3780
23608.0,9408.56558222199,0.0,0,20,3780
23609.0,9408.56558222199,0.0,0,20,3780
23610.0,9408.56558222199,0.0,0,20,3780
23611.0,9408.56558222199,0.0,0,20,3780
23612.0,9408.56558222199,0.0,0,20,3780
23613.0,9408.56558222199,0.0,0,20,3780
23614.0,9408.56558222199,0.0,0,20,3780
23615.0,9408.56558222199,0.0,0,20,3780
23616.0,9408.56558222199,0.0,0,20,3780
23617.0,9408.56558222199,0.0,0,20,3780
23618.0,9408.56558222199,0.0,0,20,3780
23619.0,9408.56558222199,0.0,0,20,3780
23620.0,9408.56558222199,0.0,0,20,3780
23621.0,9408.56558222199,0.0,0,20,3780
23622.0,9408.56558222199,0.0,0,20,3780
23623.0,9408.56558222199,0.0,0,20,3780
23624.0,9408.56558222199,0.0,0,20,3780
23625.0,9408.56558222199,0.0,0,20,3780
23626.0,9408.56558222199,0.0,0,20,3780
23627.0,9408.56558222199,0.0,0,20,3780
23628.0,9408.56558222199,0.0,0,20,3780
23629.0,9408.56558222199,0.0,0,20,3780
23630.0,9408.56558222199,0.0,0,20,3780
23631.0,9408.56558222199,0.0,0,20,3780
23632.0,9408.56558222199,0.0,0,20,3780
23633.0,9408.56558222199,0.0,0,20,3780
23634.0,9408.56558222199,0.0,0,20,3780
23635.0,9408.56558222199,0.0,0,20,3780
23636.0,9408.56558222199,0.0,0,20,3780
23637.0,9408.56558222199,0.0,0,20,3780
23638.0,9408.56558222199,0.0,0,20,3780
23639.0,9408.56558222199,0.0,0,20,3780
23640.0,9408.56558222199,0.0,0,20,3780
23641.0,9408.56558222199,0.0,0,20,3780
23642.0,9408.56558222199,0.0,0,20,3780
23643.0,9408.56558222199,0.0,0,20,3780
23644.0,9408.56558222199,0.0,0,20,3780
23645.0,9408.56558222199,0.0,0,20,3780
23646.0,9408.56558222199,0.0,0,20,3780
23647.0,9408.56558222199,0.0,0,20,3780
23648.0,9408.56558222199,0.0,0,20,3780
23649.0,9408.56558222199,0.0,0,20,3780
23650.0,9408.56558222199,0.0,0,20,3780
23651.0,9408.56558222199,0.0,0,20,3780
23652.0,9408.56558222199,0.0,0,20,3780
23653.0,9408.56558222199,0.0,0,20,3780
23654.0,9408.56558222199,0.0,0,20,3780
23655.0,9408.56558222199,0.0,0,20,3780
23656.0,9408.56558222199,0.0,0,20,3780
23657.0,9408.56558222199,0.0,0,20,3780
23658.0,9408.56558222199,0.0,0,20,3780
23659.0,9408.56558222199,0.0,0,20,3780
23660.0,9408.56558222199,0.0,0,20,3780
23661.0,9408.56558222199,0.0,0,20,3780
23662.0,9408.56558222199,0.0,0,20,3780
23663.0,9408.56558222199,0.0,0,20,3780
23664.0,9408.56558222199,0.0,0,20,3780
23665.0,9408.56558222199,0.0,0,20,3780
23666.0,9408.56558222199,0.0,0,20,3780
23667.0,9408.56558222199,0.0,0,20,3780
23668.0,9408.56558222199,0.0,0,20,3780
23669.0,9408.56558222199,0.0,0,20,3780
23670.0,9408.56558222199,0.0,0,20,3780
23671.0,9408.56558222199,0.0,0,20,3780
23672.0,9408.56558222199,0.0,0,20,3780
23673.0,9408.56558222199,0.0,0,20,3780
23674.0,9408.56558222199,0.0,0,20,3780
23675.0,9408.56558222199,0.0,0,20,3780
23676.0,9408.56558222199,0.0,0,20,3780
23677.0,9408.56558222199,0.0,0,20,3780
23678.0,9408.56558222199,0.0,0,20,3780
23679.0,9408.56558222199,0.0,0,20,3780
23680.0,9408.56558222199,0.0,0,20,3780
23681.0,9408.56558222199,0.0,0,20,3780
23682.0,9408.56558222199,0.0,0,20,3780
23683.0,9408.56558222199,0.0,0,20,3780
23684.0,9408.56558222199,0.0,0,20,3780
23685.0,9408.56558222199,0.0,0,20,3780
23686.0,9408.56558222199,0.0,0,20,3780
23687.0,9408.56558222199,0.0,0,20,3780
23688.0,9408.56558222199,0.0,0,20,3780
23689.0,9408.56558222199,0.0,0,20,3780
23690.0,9408.56558222199,0.0,0,20,3780
23691.0,9408.56558222199,0.0,0,20,3780
23692.0,9408.56558222199,0.0,0,20,3780
23693.0,9408.56558222199,0.0,0,20,3780
23694.0,9408.56558222199,0.0,0,20,3780
23695.0,9408.56558222199,0.0,0,20,3780
23696.0,9408.56558222199,0.0,0,20,3780
23697.0,9408.56558222199,0.0,0,20,3780
23698.0,9408.56558222199,0.0,0,20,3780
23699.0,9408.56558222199,0.0,0,20,3780
23700.0,9408.56558222199,0.0,0,20,3780
23701.0,9408.56558222199,0.0,0,20,3780
23702.0,9408.56558222199,0.0,0,20,3780
23703.0,9408.56558222199,0.0,0,20,3780
23704.0,9408.56558222199,0.0,0,20,3780
23705.0,9408.56558222199,0.0,0,20,3780
23706.0,9408.56558222199,0.0,0,20,3780
23707.0,9408.56558222199,0.0,0,20,3780
23708.0,9408.56558222199,0.0,0,20,3780
23709.0,9408.56558222199,0.0,0,20,3780
23710.0,9408.56558222199,0.0,0,20,3780
23711.0,9408.56558222199,0.0,0,20,3780
23712.0,9408.56558222199,0.0,0,20,3780
23713.0,9408.56558222199,0.0,0,20,3780
23714.0,9408.56558222199,0.0,0,20,3780
23715.0,9408.56558222199,0.0,0,20,3780
23716.0,9408.56558222199,0.0,0,20,3780
23717.0,9408.56558222199,0.0,0,20,3780
23718.0,9408.56558222199,0.0,0,20,3780
23719.0,9408.56558222199,0.0,0,20,3780
23720.0,9408.56558222199,0.0,0,20,3780
23721.0,9408.56558222199,0.0,0,20,3780
23722.0,9408.56558222199,0.0,0,20,3780
23723.0,9408.56558222199,0.0,0,20,3780
23724.0,9408.56558222199,0.0,0,20,3780
23725.0,9408.56558222199,0.0,0,20,3780
23726.0,9408.56558222199,0.0,0,20,3780
23727.0,9408.56558222199,0.0,0,20,3780
23728.0,9408.56558222199,0.0,0,20,3780
23729.0,9408.56558222199,0.0,0,20,3780
23730.0,9408.56558222199,0.0,0,20,3780
23731.0,9408.56558222199,0.0,0,20,3780
23732.0,9408.56558222199,0.0,0,20,3780
23733.0,9408.56558222199,0.0,0,20,3780
23734.0,9408.56558222199,0.0,0,20,3780
23735.0,9408.56558222199,0.0,0,20,3780
23736.0,9408.56558222199,0.0,0,20,3780
23737.0,9408.56558222199,0.0,0,20,3780
23738.0,9408.56558222199,0.0,0,20,3780
23739.0,9408.56558222199,0.0,0,20,3780
23740.0,9408.56558222199,0.0,0,20,3780
23741.0,9408.56558222199,0.0,0,20,3780
23742.0,9408.56558222199,0.0,0,20,3780
23743.0,9408.56558222199,0.0,0,20,3780
23744.0,9408.56558222199,0.0,0,20,3780
23745.0,9408.56558222199,0.0,0,20,3780
23746.0,9408.56558222199,0.0,0,20,3780
23747.0,9408.56558222199,0.0,0,20,3780
23748.0,9408.56558222199,0.0,0,20,3780
23749.0,9408.56558222199,0.0,0,20,3780
23750.0,9408.56558222199,0.0,0,20,3780
23751.0,9408.56558222199,0.0,0,20,3780
23752.0,9408.56558222199,0.0,0,20,3780
23753.0,9408.56558222199,0.0,0,20,3780
23754.0,9408.56558222199,0.0,0,20,3780
23755.0,9408.56558222199,0.0,0,20,3780
23756.0,9408.56558222199,0.0,0,20,3780
23757.0,9408.56558222199,0.0,0,20,3780
23758.0,9408.56558222199,0.0,0,20,3780
23759.0,9408.56558222199,0.0,0,20,3780
23760.0,9408.56558222199,0.0,0,20,3780
23761.0,9408.56558222199,0.0,0,20,3780
23762.0,9408.56558222199,0.0,0,20,3780
23763.0,9408.56558222199,0.0,0,20,3780
23764.0,9408.56558222199,0.0,0,20,3780
23765.0,9408.56558222199,0.0,0,20,3780
23766.0,9408.56558222199,0.0,0,20,3780
23767.0,9408.56558222199,0.0,0,20,3780
23768.0,9408.56558222199,0.0,0,20,3780
23769.0,9408.56558222199,0.0,0,20,3780
23770.0,9408.56558222199,0.0,0,20,3780
23771.0,9408.56558222199,0.0,0,20,3780
23772.0,9408.56558222199,0.0,0,20,3780
23773.0,9408.56558222199,0.0,0,20,3780
23774.0,9408.56558222199,0.0,0,20,3780
23775.0,9408.56558222199,0.0,0,20,3780
23776.0,9408.56558222199,0.0,0,20,3780
23777.0,9408.56558222199,0.0,0,20,3780
23778.0,9408.56558222199,0.0,0,20,3780
23779.0,9408.56558222199,0.0,0,20,3780
23780.0,9408.56558222199,0.0,0,20,3780
23781.0,9408.56558222199,0.0,0,20,3780
23782.0,9408.56558222199,0.0,0,20,3780
23783.0,9408.56558222199,0.0,0,20,3780
23784.0,9408.56558222199,0.0,0,20,3780
23785.0,9408.56558222199,0.0,0,20,3780
23786.0,9408.56558222199,0.0,0,20,3780
23787.0,9408.56558222199,0.0,0,20,3780
23788.0,9408.56558222199,0.0,0,20,3780
23789.0,9408.56558222199,0.0,0,20,3780
23790.0,9408.56558222199,0.0,0,20,3780
23791.0,9408.56558222199,0.0,0,20,3780
23792.0,9408.56558222199,0.0,0,20,3780
23793.0,9408.56558222199,0.0,0,20,3780
23794.0,9408.56558222199,0.0,0,20,3780
23795.0,9408.56558222199,0.0,0,20,3780
23796.0,9408.56558222199,0.0,0,20,3780
23797.0,9408.56558222199,0.0,0,20,3780
23798.0,9408.56558222199,0.0,0,20,3780
23799.0,9408.56558222199,0.0,0,20,3780
23800.0,9408.56558222199,0.0,0,20,3780
23801.0,9408.56558222199,0.0,0,20,3780
23802.0,9408.56558222199,0.0,0,20,3780
23803.0,9408.56558222199,0.0,0,20,3780
23804.0,9408.56558222199,0.0,0,20,3780
23805.0,9408.56558222199,0.0,0,20,3780
23806.0,9408.56558222199,0.0,0,20,3780
23807.0,9408.56558222199,0.0,0,20,3780
23808.0,9408.56558222199,0.0,0,20,3780
23809.0,9408.56558222199,0.0,0,20,3780
23810.0,9408.56558222199,0.0,0,20,3780
23811.0,9408.56558222199,0.0,0,20,3780
23812.0,9408.56558222199,0.0,0,20,3780
23813.0,9408.56558222199,0.0,0,20,3780
23814.0,9408.56558222199,0.0,0,20,3780
23815.0,9408.56558222199,0.0,0,20,3780
23816.0,9408.56558222199,0.0,0,20,3780
23817.0,9408.56558222199,0.0,0,20,3780
23818.0,9408.56558222199,0.0,0,20,3780
23819.0,9408.56558222199,0.0,0,20,3780
23820.0,9408.56558222199,0.0,0,20,3780
23821.0,9408.56558222199,0.0,0,20,3780
23822.0,9408.56558222199,0.0,0,20,3780
23823.0,9408.56558222199,0.0,0,20,3780
23824.0,9408.56558222199,0.0,0,20,3780
23825.0,9408.56558222199,0.0,0,20,3780
23826.0,9408.56558222199,0.0,0,20,3780
23827.0,9408.56558222199,0.0,0,20,3780
23828.0,9408.56558222199,0.0,0,20,3780
23829.0,9408.56558222199,0.0,0,20,3780
23830.0,9408.56558222199,0.0,0,20,3780
23831.0,9408.56558222199,0.0,0,20,3780
23832.0,9408.56558222199,0.0,0,20,3780
23833.0,9408.56558222199,0.0,0,20,3780
23834.0,9408.56558222199,0.0,0,20,3780
23835.0,9408.56558222199,0.0,0,20,3780
23836.0,9408.56558222199,0.0,0,20,3780
23837.0,9408.56558222199,0.0,0,20,3780
23838.0,9408.56558222199,0.0,0,20,3780
23839.0,9408.56558222199,0.0,0,20,3780
23840.0,9408.56558222199,0.0,0,20,3780
23841.0,9408.56558222199,0.0,0,20,3780
23842.0,9408.56558222199,0.0,0,20,3780
23843.0,9408.56558222199,0.0,0,20,3780
23844.0,9408.56558222199,0.0,0,20,3780
23845.0,9408.56558222199,0.0,0,20,3780
23846.0,9408.56558222199,0.0,0,20,3780
23847.0,9408.56558222199,0.0,0,20,3780
23848.0,9408.56558222199,0.0,0,20,3780
23849.0,9408.56558222199,0.0,0,20,3780
23850.0,9408.56558222199,0.0,0,20,3780
23851.0,9408.56558222199,0.0,0,20,3780
23852.0,9408.56558222199,0.0,0,20,3780
23853.0,9408.56558222199,0.0,0,20,3780
23854.0,9408.56558222199,0.0,0,20,3780
23855.0,9408.56558222199,0.0,0,20,3780
23856.0,9408.56558222199,0.0,0,20,3780
23857.0,9408.56558222199,0.0,0,20,3780
23858.0,9408.56558222199,0.0,0,20,3780
23859.0,9408.56558222199,0.0,0,20,3780
23860.0,9408.56558222199,0.0,0,20,3780
23861.0,9408.56558222199,0.0,0,20,3780
23862.0,9408.56558222199,0.0,0,20,3780
23863.0,9408.56558222199,0.0,0,20,3780
23864.0,9408.56558222199,0.0,0,20,3780
23865.0,9408.56558222199,0.0,0,20,3780
23866.0,9408.56558222199,0.0,0,20,3780
23867.0,9408.56558222199,0.0,0,20,3780
23868.0,9408.56558222199,0.0,0,20,3780
23869.0,9408.56558222199,0.0,0,20,3780
23870.0,9408.56558222199,0.0,0,20,3780
23871.0,9408.56558222199,0.0,0,20,3780
23872.0,9408.56558222199,0.0,0,20,3780
23873.0,9408.56558222199,0.0,0,20,3780
23874.0,9408.56558222199,0.0,0,20,3780
23875.0,9408.56558222199,0.0,0,20,3780
23876.0,9408.56558222199,0.0,0,20,3780
23877.0,9408.56558222199,0.0,0,20,3780
23878.0,9408.56558222199,0.0,0,20,3780
23879.0,9408.56558222199,0.0,0,20,3780
23880.0,9408.56558222199,0.0,0,20,3780
23881.0,9408.56558222199,0.0,0,20,3780
23882.0,9408.56558222199,0.0,0,20,3780
23883.0,9408.56558222199,0.0,0,20,3780
23884.0,9408.56558222199,0.0,0,20,3780
23885.0,9408.56558222199,0.0,0,20,3780
23886.0,9408.56558222199,0.0,0,20,3780
23887.0,9408.56558222199,0.0,0,20,3780
23888.0,9408.56558222199,0.0,0,20,3780
23889.0,9408.56558222199,0.0,0,20,3780
23890.0,9408.56558222199,0.0,0,20,3780
23891.0,9408.56558222199,0.0,0,20,3780
23892.0,9408.56558222199,0.0,0,20,3780
23893.0,9408.56558222199,0.0,0,20,3780
23894.0,9408.56558222199,0.0,0,20,3780
23895.0,9408.56558222199,0.0,0,20,3780
23896.0,9408.56558222199,0.0,0,20,3780
23897.0,9408.56558222199,0.0,0,20,3780
23898.0,9408.56558222199,0.0,0,20,3780
23899.0,9408.56558222199,0.0,0,20,3780
23900.0,9408.56558222199,0.0,0,20,3780
23901.0,9408.56558222199,0.0,0,20,3780
23902.0,9408.56558222199,0.0,0,20,3780
23903.0,9408.56558222199,0.0,0,20,3780
23904.0,9408.56558222199,0.0,0,20,3780
23905.0,9408.56558222199,0.0,0,20,3780
23906.0,9408.56558222199,0.0,0,20,3780
23907.0,9408.56558222199,0.0,0,20,3780
23908.0,9408.56558222199,0.0,0,20,3780
23909.0,9408.56558222199,0.0,0,20,3780
23910.0,9408.56558222199,0.0,0,20,3780
23911.0,9408.56558222199,0.0,0,20,3780
23912.0,9408.56558222199,0.0,0,20,3780
23913.0,9408.56558222199,0.0,0,20,3780
23914.0,9408.56558222199,0.0,0,20,3780
23915.0,9408.56558222199,0.0,0,20,3780
23916.0,9408.56558222199,0.0,0,20,3780
23917.0,9408.56558222199,0.0,0,20,3780
23918.0,9408.56558222199,0.0,0,20,3780
23919.0,9408.56558222199,0.0,0,20,3780
23920.0,9408.56558222199,0.0,0,20,3780
23921.0,9408.56558222199,0.0,0,20,3780
23922.0,9408.56558222199,0.0,0,20,3780
23923.0,9408.56558222199,0.0,0,20,3780
23924.0,9408.56558222199,0.0,0,20,3780
23925.0,9408.56558222199,0.0,0,20,3780
23926.0,9408.56558222199,0.0,0,20,3780
23927.0,9408.56558222199,0.0,0,20,3780
23928.0,9408.56558222199,0.0,0,20,3780
23929.0,9408.56558222199,0.0,0,20,3780
23930.0,9408.56558222199,0.0,0,20,3780
23931.0,9408.56558222199,0.0,0,20,3780
23932.0,9408.56558222199,0.0,0,20,3780
23933.0,9408.56558222199,0.0,0,20,3780
23934.0,9408.56558222199,0.0,0,20,3780
23935.0,9408.56558222199,0.0,0,20,3780
23936.0,9408.56558222199,0.0,0,20,3780
23937.0,9408.56558222199,0.0,0,20,3780
23938.0,9408.56558222199,0.0,0,20,3780
23939.0,9408.56558222199,0.0,0,20,3780
23940.0,9408.56558222199,0.0,0,20,3780
23941.0,9408.56558222199,0.0,0,20,3780
23942.0,9408.56558222199,0.0,0,20,3780
23943.0,9408.56558222199,0.0,0,20,3780
23944.0,9408.56558222199,0.0,0,20,3780
23945.0,9408.56558222199,0.0,0,20,3780
23946.0,9408.56558222199,0.0,0,20,3780
23947.0,9408.56558222199,0.0,0,20,3780
23948.0,9408.56558222199,0.0,0,20,3780
23949.0,9408.56558222199,0.0,0,20,3780
23950.0,9408.56558222199,0.0,0,20,3780
23951.0,9408.56558222199,0.0,0,20,3780
23952.0,9408.56558222199,0.0,0,20,3780
23953.0,9408.56558222199,0.0,0,20,3780
23954.0,9408.56558222199,0.0,0,20,3780
23955.0,9408.56558222199,0.0,0,20,3780
23956.0,9408.56558222199,0.0,0,20,3780
23957.0,9408.56558222199,0.0,0,20,3780
23958.0,9408.56558222199,0.0,0,20,3780
23959.0,9408.56558222199,0.0,0,20,3780
23960.0,9408.56558222199,0.0,0,20,3780
23961.0,9408.56558222199,0.0,0,20,3780
23962.0,9408.56558222199,0.0,0,20,3780
23963.0,9408.56558222199,0.0,0,20,3780
23964.0,9408.56558222199,0.0,0,20,3780
23965.0,9408.56558222199,0.0,0,20,3780
23966.0,9408.56558222199,0.0,0,20,3780
23967.0,9408.56558222199,0.0,0,20,3780
23968.0,9408.56558222199,0.0,0,20,3780
23969.0,9408.56558222199,0.0,0,20,3780
23970.0,9408.56558222199,0.0,0,20,3780
23971.0,9408.56558222199,0.0,0,20,3780
23972.0,9408.56558222199,0.0,0,20,3780
23973.0,9408.56558222199,0.0,0,20,3780
23974.0,9408.56558222199,0.0,0,20,3780
23975.0,9408.56558222199,0.0,0,20,3780
23976.0,9408.56558222199,0.0,0,20,3780
23977.0,9408.56558222199,0.0,0,20,3780
23978.0,9408.56558222199,0.0,0,20,3780
23979.0,9408.56558222199,0.0,0,20,3780
23980.0,9408.56558222199,0.0,0,20,3780
23981.0,9408.56558222199,0.0,0,20,3780
23982.0,9408.56558222199,0.0,0,20,3780
23983.0,9408.56558222199,0.0,0,20,3780
23984.0,9408.56558222199,0.0,0,20,3780
23985.0,9408.56558222199,0.0,0,20,3780
23986.0,9408.56558222199,0.0,0,20,3780
23987.0,9408.56558222199,0.0,0,20,3780
23988.0,9408.56558222199,0.0,0,20,3780
23989.0,9408.56558222199,0.0,0,20,3780
23990.0,9408.56558222199,0.0,0,20,3780
23991.0,9408.56558222199,0.0,0,20,3780
23992.0,9408.56558222199,0.0,0,20,3780
23993.0,9408.56558222199,0.0,0,20,3780
23994.0,9408.56558222199,0.0,0,20,3780
23995.0,9408.56558222199,0.0,0,20,3780
23996.0,9408.56558222199,0.0,0,20,3780
23997.0,9408.56558222199,0.0,0,20,3780
23998.0,9408.56558222199,0.0,0,20,3780
23999.0,9408.56558222199,0.0,0,20,3780
24000.0,9408.56558222199,0.0,0,20,3780
24001.0,9408.56558222199,0.0,0,20,3780
24002.0,9408.56558222199,0.0,0,20,3780
24003.0,9408.56558222199,0.0,0,20,3780
24004.0,9408.56558222199,0.0,0,20,3780
24005.0,9408.56558222199,0.0,0,20,3780
24006.0,9408.56558222199,0.0,0,20,3780
24007.0,9408.56558222199,0.0,0,20,3780
24008.0,9408.56558222199,0.0,0,20,3780
24009.0,9408.56558222199,0.0,0,20,3780
24010.0,9408.56558222199,0.0,0,20,3780
24011.0,9408.56558222199,0.0,0,20,3780
24012.0,9408.56558222199,0.0,0,20,3780
24013.0,9408.56558222199,0.0,0,20,3780
24014.0,9408.56558222199,0.0,0,20,3780
24015.0,9408.56558222199,0.0,0,20,3780
24016.0,9408.56558222199,0.0,0,20,3780
24017.0,9408.56558222199,0.0,0,20,3780
24018.0,9408.56558222199,0.0,0,20,3780
24019.0,9408.56558222199,0.0,0,20,3780
24020.0,9408.56558222199,0.0,0,20,3780
24021.0,9408.56558222199,0.0,0,20,3780
24022.0,9408.56558222199,0.0,0,20,3780
24023.0,9408.56558222199,0.0,0,20,3780
24024.0,9408.56558222199,0.0,0,20,3780
24025.0,9408.56558222199,0.0,0,20,3780
24026.0,9408.56558222199,0.0,0,20,3780
24027.0,9408.56558222199,0.0,0,20,3780
24028.0,9408.56558222199,0.0,0,20,3780
24029.0,9408.56558222199,0.0,0,20,3780
24030.0,9408.56558222199,0.0,0,20,3780
24031.0,9408.56558222199,0.0,0,20,3780
24032.0,9408.56558222199,0.0,0,20,3780
24033.0,9408.56558222199,0.0,0,20,3780
24034.0,9408.56558222199,0.0,0,20,3780
24035.0,9408.56558222199,0.0,0,20,3780
24036.0,9408.56558222199,0.0,0,20,3780
24037.0,9408.56558222199,0.0,0,20,3780
24038.0,9408.56558222199,0.0,0,20,3780
24039.0,9408.56558222199,0.0,0,20,3780
24040.0,9408.56558222199,0.0,0,20,3780
24041.0,9408.56558222199,0.0,0,20,3780
24042.0,9408.56558222199,0.0,0,20,3780
24043.0,9408.56558222199,0.0,0,20,3780
24044.0,9408.56558222199,0.0,0,20,3780
24045.0,9408.56558222199,0.0,0,20,3780
24046.0,9408.56558222199,0.0,0,20,3780
24047.0,9408.56558222199,0.0,0,20,3780
24048.0,9408.56558222199,0.0,0,20,3780
24049.0,9408.56558222199,0.0,0,20,3780
24050.0,9408.56558222199,0.0,0,20,3780
24051.0,9408.56558222199,0.0,0,20,3780
24052.0,9408.56558222199,0.0,0,20,3780
24053.0,9408.56558222199,0.0,0,20,3780
24054.0,9408.56558222199,0.0,0,20,3780
24055.0,9408.56558222199,0.0,0,20,3780
24056.0,9408.56558222199,0.0,0,20,3780
24057.0,9408.56558222199,0.0,0,20,3780
24058.0,9408.56558222199,0.0,0,20,3780
24059.0,9408.56558222199,0.0,0,20,3780
24060.0,9408.56558222199,0.0,0,20,3780
24061.0,9408.56558222199,0.0,0,20,3780
24062.0,9408.56558222199,0.0,0,20,3780
24063.0,9408.56558222199,0.0,0,20,3780
24064.0,9408.56558222199,0.0,0,20,3780
24065.0,9408.56558222199,0.0,0,20,3780
24066.0,9408.56558222199,0.0,0,20,3780
24067.0,9408.56558222199,0.0,0,20,3780
24068.0,9408.56558222199,0.0,0,20,3780
24069.0,9408.56558222199,0.0,0,20,3780
24070.0,9408.56558222199,0.0,0,20,3780
24071.0,9408.56558222199,0.0,0,20,3780
24072.0,9408.56558222199,0.0,0,20,3780
24073.0,9408.56558222199,0.0,0,20,3780
24074.0,9408.56558222199,0.0,0,20,3780
24075.0,9408.56558222199,0.0,0,20,3780
24076.0,9408.56558222199,0.0,0,20,3780
24077.0,9408.56558222199,0.0,0,20,3780
24078.0,9408.56558222199,0.0,0,20,3780
24079.0,9408.56558222199,0.0,0,20,3780
24080.0,9408.56558222199,0.0,0,20,3780
24081.0,9408.56558222199,0.0,0,20,3780
24082.0,9408.56558222199,0.0,0,20,3780
24083.0,9408.56558222199,0.0,0,20,3780
24084.0,9408.56558222199,0.0,0,20,3780
24085.0,9408.56558222199,0.0,0,20,3780
24086.0,9408.56558222199,0.0,0,20,3780
24087.0,9408.56558222199,0.0,0,20,3780
24088.0,9408.56558222199,0.0,0,20,3780
24089.0,9408.56558222199,0.0,0,20,3780
24090.0,9408.56558222199,0.0,0,20,3780
24091.0,9408.56558222199,0.0,0,20,3780
24092.0,9408.56558222199,0.0,0,20,3780
24093.0,9408.56558222199,0.0,0,20,3780
24094.0,9408.56558222199,0.0,0,20,3780
24095.0,9408.56558222199,0.0,0,20,3780
24096.0,9408.56558222199,0.0,0,20,3780
24097.0,9408.56558222199,0.0,0,20,3780
24098.0,9408.56558222199,0.0,0,20,3780
24099.0,9408.56558222199,0.0,0,20,3780
24100.0,9408.56558222199,0.0,0,20,3780
24101.0,9408.56558222199,0.0,0,20,3780
24102.0,9408.56558222199,0.0,0,20,3780
24103.0,9408.56558222199,0.0,0,20,3780
24104.0,9408.56558222199,0.0,0,20,3780
24105.0,9408.56558222199,0.0,0,20,3780
24106.0,9408.56558222199,0.0,0,20,3780
24107.0,9408.56558222199,0.0,0,20,3780
24108.0,9408.56558222199,0.0,0,20,3780
24109.0,9408.56558222199,0.0,0,20,3780
24110.0,9408.56558222199,0.0,0,20,3780
24111.0,9408.56558222199,0.0,0,20,3780
24112.0,9408.56558222199,0.0,0,20,3780
24113.0,9408.56558222199,0.0,0,20,3780
24114.0,9408.56558222199,0.0,0,20,3780
24115.0,9408.56558222199,0.0,0,20,3780
24116.0,9408.56558222199,0.0,0,20,3780
24117.0,9408.56558222199,0.0,0,20,3780
24118.0,9408.56558222199,0.0,0,20,3780
24119.0,9408.56558222199,0.0,0,20,3780
24120.0,9408.56558222199,0.0,0,20,3780
24121.0,9408.56558222199,0.0,0,20,3780
24122.0,9408.56558222199,0.0,0,20,3780
24123.0,9408.56558222199,0.0,0,20,3780
24124.0,9408.56558222199,0.0,0,20,3780
24125.0,9408.56558222199,0.0,0,20,3780
24126.0,9408.56558222199,0.0,0,20,3780
24127.0,9408.56558222199,0.0,0,20,3780
24128.0,9408.56558222199,0.0,0,20,3780
24129.0,9408.56558222199,0.0,0,20,3780
24130.0,9408.56558222199,0.0,0,20,3780
24131.0,9408.56558222199,0.0,0,20,3780
24132.0,9408.56558222199,0.0,0,20,3780
24133.0,9408.56558222199,0.0,0,20,3780
24134.0,9408.56558222199,0.0,0,20,3780
24135.0,9408.56558222199,0.0,0,20,3780
24136.0,9408.56558222199,0.0,0,20,3780
24137.0,9408.56558222199,0.0,0,20,3780
24138.0,9408.56558222199,0.0,0,20,3780
24139.0,9408.56558222199,0.0,0,20,3780
24140.0,9408.56558222199,0.0,0,20,3780
24141.0,9408.56558222199,0.0,0,20,3780
24142.0,9408.56558222199,0.0,0,20,3780
24143.0,9408.56558222199,0.0,0,20,3780
24144.0,9408.56558222199,0.0,0,20,3780
24145.0,9408.56558222199,0.0,0,20,3780
24146.0,9408.56558222199,0.0,0,20,3780
24147.0,9408.56558222199,0.0,0,20,3780
24148.0,9408.56558222199,0.0,0,20,3780
24149.0,9408.56558222199,0.0,0,20,3780
24150.0,9408.56558222199,0.0,0,20,3780
24151.0,9408.56558222199,0.0,0,20,3780
24152.0,9408.56558222199,0.0,0,20,3780
24153.0,9408.56558222199,0.0,0,20,3780
24154.0,9408.56558222199,0.0,0,20,3780
24155.0,9408.56558222199,0.0,0,20,3780
24156.0,9408.56558222199,0.0,0,20,3780
24157.0,9408.56558222199,0.0,0,20,3780
24158.0,9408.56558222199,0.0,0,20,3780
24159.0,9408.56558222199,0.0,0,20,3780
24160.0,9408.56558222199,0.0,0,20,3780
24161.0,9408.56558222199,0.0,0,20,3780
24162.0,9408.56558222199,0.0,0,20,3780
24163.0,9408.56558222199,0.0,0,20,3780
24164.0,9408.56558222199,0.0,0,20,3780
24165.0,9408.56558222199,0.0,0,20,3780
24166.0,9408.56558222199,0.0,0,20,3780
24167.0,9408.56558222199,0.0,0,20,3780
24168.0,9408.56558222199,0.0,0,20,3780
24169.0,9408.56558222199,0.0,0,20,3780
24170.0,9408.56558222199,0.0,0,20,3780
24171.0,9408.56558222199,0.0,0,20,3780
24172.0,9408.56558222199,0.0,0,20,3780
24173.0,9408.56558222199,0.0,0,20,3780
24174.0,9408.56558222199,0.0,0,20,3780
24175.0,9408.56558222199,0.0,0,20,3780
24176.0,9408.56558222199,0.0,0,20,3780
24177.0,9408.56558222199,0.0,0,20,3780
24178.0,9408.56558222199,0.0,0,20,3780
24179.0,9408.56558222199,0.0,0,20,3780
24180.0,9408.56558222199,0.0,0,20,3780
24181.0,9408.56558222199,0.0,0,20,3780
24182.0,9408.56558222199,0.0,0,20,3780
24183.0,9408.56558222199,0.0,0,20,3780
24184.0,9408.56558222199,0.0,0,20,3780
24185.0,9408.56558222199,0.0,0,20,3780
24186.0,9408.56558222199,0.0,0,20,3780
24187.0,9408.56558222199,0.0,0,20,3780
24188.0,9408.56558222199,0.0,0,20,3780
24189.0,9408.56558222199,0.0,0,20,3780
24190.0,9408.56558222199,0.0,0,20,3780
24191.0,9408.56558222199,0.0,0,20,3780
24192.0,9408.56558222199,0.0,0,20,3780
24193.0,9408.56558222199,0.0,0,20,3780
24194.0,9408.56558222199,0.0,0,20,3780
24195.0,9408.56558222199,0.0,0,20,3780
24196.0,9408.56558222199,0.0,0,20,3780
24197.0,9408.56558222199,0.0,0,20,3780
24198.0,9408.56558222199,0.0,0,20,3780
24199.0,9408.56558222199,0.0,0,20,3780
24200.0,9408.56558222199,0.0,0,20,3780
24201.0,9408.56558222199,0.0,0,20,3780
24202.0,9408.56558222199,0.0,0,20,3780
24203.0,9408.56558222199,0.0,0,20,3780
24204.0,9408.56558222199,0.0,0,20,3780
24205.0,9408.56558222199,0.0,0,20,3780
24206.0,9408.56558222199,0.0,0,20,3780
24207.0,9408.56558222199,0.0,0,20,3780
24208.0,9408.56558222199,0.0,0,20,3780
24209.0,9408.56558222199,0.0,0,20,3780
24210.0,9408.56558222199,0.0,0,20,3780
24211.0,9408.56558222199,0.0,0,20,3780
24212.0,9408.56558222199,0.0,0,20,3780
24213.0,9408.56558222199,0.0,0,20,3780
24214.0,9408.56558222199,0.0,0,20,3780
24215.0,9408.56558222199,0.0,0,20,3780
24216.0,9408.56558222199,0.0,0,20,3780
24217.0,9408.56558222199,0.0,0,20,3780
24218.0,9408.56558222199,0.0,0,20,3780
24219.0,9408.56558222199,0.0,0,20,3780
24220.0,9408.56558222199,0.0,0,20,3780
24221.0,9408.56558222199,0.0,0,20,3780
24222.0,9408.56558222199,0.0,0,20,3780
24223.0,9408.56558222199,0.0,0,20,3780
24224.0,9408.56558222199,0.0,0,20,3780
24225.0,9408.56558222199,0.0,0,20,3780
24226.0,9408.56558222199,0.0,0,20,3780
24227.0,9408.56558222199,0.0,0,20,3780
24228.0,9408.56558222199,0.0,0,20,3780
24229.0,9408.56558222199,0.0,0,20,3780
24230.0,9408.56558222199,0.0,0,20,3780
24231.0,9408.56558222199,0.0,0,20,3780
24232.0,9408.56558222199,0.0,0,20,3780
24233.0,9408.56558222199,0.0,0,20,3780
24234.0,9408.56558222199,0.0,0,20,3780
24235.0,9408.56558222199,0.0,0,20,3780
24236.0,9408.56558222199,0.0,0,20,3780
24237.0,9408.56558222199,0.0,0,20,3780
24238.0,9408.56558222199,0.0,0,20,3780
24239.0,9408.56558222199,0.0,0,20,3780
24240.0,9408.56558222199,0.0,0,20,3780
24241.0,9408.56558222199,0.0,0,20,3780
24242.0,9408.56558222199,0.0,0,20,3780
24243.0,9408.56558222199,0.0,0,20,3780
24244.0,9408.56558222199,0.0,0,20,3780
24245.0,9408.56558222199,0.0,0,20,3780
24246.0,9408.56558222199,0.0,0,20,3780
24247.0,9408.56558222199,0.0,0,20,3780
24248.0,9408.56558222199,0.0,0,20,3780
24249.0,9408.56558222199,0.0,0,20,3780
24250.0,9408.56558222199,0.0,0,20,3780
24251.0,9408.56558222199,0.0,0,20,3780
24252.0,9408.56558222199,0.0,0,20,3780
24253.0,9408.56558222199,0.0,0,20,3780
24254.0,9408.56558222199,0.0,0,20,3780
24255.0,9408.56558222199,0.0,0,20,3780
24256.0,9408.56558222199,0.0,0,20,3780
24257.0,9408.56558222199,0.0,0,20,3780
24258.0,9408.56558222199,0.0,0,20,3780
24259.0,9408.56558222199,0.0,0,20,3780
24260.0,9408.56558222199,0.0,0,20,3780
24261.0,9408.56558222199,0.0,0,20,3780
24262.0,9408.56558222199,0.0,0,20,3780
24263.0,9408.56558222199,0.0,0,20,3780
24264.0,9408.56558222199,0.0,0,20,3780
24265.0,9408.56558222199,0.0,0,20,3780
24266.0,9408.56558222199,0.0,0,20,3780
24267.0,9408.56558222199,0.0,0,20,3780
24268.0,9408.56558222199,0.0,0,20,3780
24269.0,9408.56558222199,0.0,0,20,3780
24270.0,9408.56558222199,0.0,0,20,3780
24271.0,9408.56558222199,0.0,0,20,3780
24272.0,9408.56558222199,0.0,0,20,3780
24273.0,9408.56558222199,0.0,0,20,3780
24274.0,9408.56558222199,0.0,0,20,3780
24275.0,9408.56558222199,0.0,0,20,3780
24276.0,9408.56558222199,0.0,0,20,3780
24277.0,9408.56558222199,0.0,0,20,3780
24278.0,9408.56558222199,0.0,0,20,3780
24279.0,9408.56558222199,0.0,0,20,3780
24280.0,9408.56558222199,0.0,0,20,3780
24281.0,9408.56558222199,0.0,0,20,3780
24282.0,9408.56558222199,0.0,0,20,3780
24283.0,9408.56558222199,0.0,0,20,3780
24284.0,9408.56558222199,0.0,0,20,3780
24285.0,9408.56558222199,0.0,0,20,3780
24286.0,9408.56558222199,0.0,0,20,3780
24287.0,9408.56558222199,0.0,0,20,3780
24288.0,9408.56558222199,0.0,0,20,3780
24289.0,9408.56558222199,0.0,0,20,3780
24290.0,9408.56558222199,0.0,0,20,3780
24291.0,9408.56558222199,0.0,0,20,3780
24292.0,9408.56558222199,0.0,0,20,3780
24293.0,9408.56558222199,0.0,0,20,3780
24294.0,9408.56558222199,0.0,0,20,3780
24295.0,9408.56558222199,0.0,0,20,3780
24296.0,9408.56558222199,0.0,0,20,3780
24297.0,9408.56558222199,0.0,0,20,3780
24298.0,9408.56558222199,0.0,0,20,3780
24299.0,9408.56558222199,0.0,0,20,3780
24300.0,9408.56558222199,0.0,0,20,3780
24301.0,9408.56558222199,0.0,0,20,3780
24302.0,9408.56558222199,0.0,0,20,3780
24303.0,9408.56558222199,0.0,0,20,3780
24304.0,9408.56558222199,0.0,0,20,3780
24305.0,9408.56558222199,0.0,0,20,3780
24306.0,9408.56558222199,0.0,0,20,3780
24307.0,9408.56558222199,0.0,0,20,3780
24308.0,9408.56558222199,0.0,0,20,3780
24309.0,9408.56558222199,0.0,0,20,3780
24310.0,9408.56558222199,0.0,0,20,3780
24311.0,9408.56558222199,0.0,0,20,3780
24312.0,9408.56558222199,0.0,0,20,3780
24313.0,9408.56558222199,0.0,0,20,3780
24314.0,9408.56558222199,0.0,0,20,3780
24315.0,9408.56558222199,0.0,0,20,3780
24316.0,9408.56558222199,0.0,0,20,3780
24317.0,9408.56558222199,0.0,0,20,3780
24318.0,9408.56558222199,0.0,0,20,3780
24319.0,9408.56558222199,0.0,0,20,3780
24320.0,9408.56558222199,0.0,0,20,3780
24321.0,9408.56558222199,0.0,0,20,3780
24322.0,9408.56558222199,0.0,0,20,3780
24323.0,9408.56558222199,0.0,0,20,3780
24324.0,9408.56558222199,0.0,0,20,3780
24325.0,9408.56558222199,0.0,0,20,3780
24326.0,9408.56558222199,0.0,0,20,3780
24327.0,9408.56558222199,0.0,0,20,3780
24328.0,9408.56558222199,0.0,0,20,3780
24329.0,9408.56558222199,0.0,0,20,3780
24330.0,9408.56558222199,0.0,0,20,3780
24331.0,9408.56558222199,0.0,0,20,3780
24332.0,9408.56558222199,0.0,0,20,3780
24333.0,9408.56558222199,0.0,0,20,3780
24334.0,9408.56558222199,0.0,0,20,3780
24335.0,9408.56558222199,0.0,0,20,3780
24336.0,9408.56558222199,0.0,0,20,3780
24337.0,9408.56558222199,0.0,0,20,3780
24338.0,9408.56558222199,0.0,0,20,3780
24339.0,9408.56558222199,0.0,0,20,3780
24340.0,9408.56558222199,0.0,0,20,3780
24341.0,9408.56558222199,0.0,0,20,3780
24342.0,9408.56558222199,0.0,0,20,3780
24343.0,9408.56558222199,0.0,0,20,3780
24344.0,9408.56558222199,0.0,0,20,3780
24345.0,9408.56558222199,0.0,0,20,3780
24346.0,9408.56558222199,0.0,0,20,3780
24347.0,9408.56558222199,0.0,0,20,3780
24348.0,9408.56558222199,0.0,0,20,3780
24349.0,9408.56558222199,0.0,0,20,3780
24350.0,9408.56558222199,0.0,0,20,3780
24351.0,9408.56558222199,0.0,0,20,3780
24352.0,9408.56558222199,0.0,0,20,3780
24353.0,9408.56558222199,0.0,0,20,3780
24354.0,9408.56558222199,0.0,0,20,3780
24355.0,9408.56558222199,0.0,0,20,3780
24356.0,9408.56558222199,0.0,0,20,3780
24357.0,9408.56558222199,0.0,0,20,3780
24358.0,9408.56558222199,0.0,0,20,3780
24359.0,9408.56558222199,0.0,0,20,3780
24360.0,9408.56558222199,0.0,0,20,3780
24361.0,9408.56558222199,0.0,0,20,3780
24362.0,9408.56558222199,0.0,0,20,3780
24363.0,9408.56558222199,0.0,0,20,3780
24364.0,9408.56558222199,0.0,0,20,3780
24365.0,9408.56558222199,0.0,0,20,3780
24366.0,9408.56558222199,0.0,0,20,3780
24367.0,9408.56558222199,0.0,0,20,3780
24368.0,9408.56558222199,0.0,0,20,3780
24369.0,9408.56558222199,0.0,0,20,3780
24370.0,9408.56558222199,0.0,0,20,3780
24371.0,9408.56558222199,0.0,0,20,3780
24372.0,9408.56558222199,0.0,0,20,3780
24373.0,9408.56558222199,0.0,0,20,3780
24374.0,9408.56558222199,0.0,0,20,3780
24375.0,9408.56558222199,0.0,0,20,3780
24376.0,9408.56558222199,0.0,0,20,3780
24377.0,9408.56558222199,0.0,0,20,3780
24378.0,9408.56558222199,0.0,0,20,3780
24379.0,9408.56558222199,0.0,0,20,3780
24380.0,9408.56558222199,0.0,0,20,3780
24381.0,9408.56558222199,0.0,0,20,3780
24382.0,9408.56558222199,0.0,0,20,3780
24383.0,9408.56558222199,0.0,0,20,3780
24384.0,9408.56558222199,0.0,0,20,3780
24385.0,9408.56558222199,0.0,0,20,3780
24386.0,9408.56558222199,0.0,0,20,3780
24387.0,9408.56558222199,0.0,0,20,3780
24388.0,9408.56558222199,0.0,0,20,3780
24389.0,9408.56558222199,0.0,0,20,3780
24390.0,9408.56558222199,0.0,0,20,3780
24391.0,9408.56558222199,0.0,0,20,3780
24392.0,9408.56558222199,0.0,0,20,3780
24393.0,9408.56558222199,0.0,0,20,3780
24394.0,9408.56558222199,0.0,0,20,3780
24395.0,9408.56558222199,0.0,0,20,3780
24396.0,9408.56558222199,0.0,0,20,3780
24397.0,9408.56558222199,0.0,0,20,3780
24398.0,9408.56558222199,0.0,0,20,3780
24399.0,9408.56558222199,0.0,0,20,3780
24400.0,9408.56558222199,0.0,0,20,3780
24401.0,9408.56558222199,0.0,0,20,3780
24402.0,9408.56558222199,0.0,0,20,3780
24403.0,9408.56558222199,0.0,0,20,3780
24404.0,9408.56558222199,0.0,0,20,3780
24405.0,9408.56558222199,0.0,0,20,3780
24406.0,9408.56558222199,0.0,0,20,3780
24407.0,9408.56558222199,0.0,0,20,3780
24408.0,9408.56558222199,0.0,0,20,3780
24409.0,9408.56558222199,0.0,0,20,3780
24410.0,9408.56558222199,0.0,0,20,3780
24411.0,9408.56558222199,0.0,0,20,3780
24412.0,9408.56558222199,0.0,0,20,3780
24413.0,9408.56558222199,0.0,0,20,3780
24414.0,9408.56558222199,0.0,0,20,3780
24415.0,9408.56558222199,0.0,0,20,3780
24416.0,9408.56558222199,0.0,0,20,3780
24417.0,9408.56558222199,0.0,0,20,3780
24418.0,9408.56558222199,0.0,0,20,3780
24419.0,9408.56558222199,0.0,0,20,3780
24420.0,9408.56558222199,0.0,0,20,3780
24421.0,9408.56558222199,0.0,0,20,3780
24422.0,9408.56558222199,0.0,0,20,3780
24423.0,9408.56558222199,0.0,0,20,3780
24424.0,9408.56558222199,0.0,0,20,3780
24425.0,9408.56558222199,0.0,0,20,3780
24426.0,9408.56558222199,0.0,0,20,3780
24427.0,9408.56558222199,0.0,0,20,3780
24428.0,9408.56558222199,0.0,0,20,3780
24429.0,9408.56558222199,0.0,0,20,3780
24430.0,9408.56558222199,0.0,0,20,3780
24431.0,9408.56558222199,0.0,0,20,3780
24432.0,9408.56558222199,0.0,0,20,3780
24433.0,9408.56558222199,0.0,0,20,3780
24434.0,9408.56558222199,0.0,0,20,3780
24435.0,9408.56558222199,0.0,0,20,3780
24436.0,9408.56558222199,0.0,0,20,3780
24437.0,9408.56558222199,0.0,0,20,3780
24438.0,9408.56558222199,0.0,0,20,3780
24439.0,9408.56558222199,0.0,0,20,3780
24440.0,9408.56558222199,0.0,0,20,3780
24441.0,9408.56558222199,0.0,0,20,3780
24442.0,9408.56558222199,0.0,0,20,3780
24443.0,9408.56558222199,0.0,0,20,3780
24444.0,9408.56558222199,0.0,0,20,3780
24445.0,9408.56558222199,0.0,0,20,3780
24446.0,9408.56558222199,0.0,0,20,3780
24447.0,9408.56558222199,0.0,0,20,3780
24448.0,9408.56558222199,0.0,0,20,3780
24449.0,9408.56558222199,0.0,0,20,3780
24450.0,9408.56558222199,0.0,0,20,3780
24451.0,9408.56558222199,0.0,0,20,3780
24452.0,9408.56558222199,0.0,0,20,3780
24453.0,9408.56558222199,0.0,0,20,3780
24454.0,9408.56558222199,0.0,0,20,3780
24455.0,9408.56558222199,0.0,0,20,3780
24456.0,9408.56558222199,0.0,0,20,3780
24457.0,9408.56558222199,0.0,0,20,3780
24458.0,9408.56558222199,0.0,0,20,3780
24459.0,9408.56558222199,0.0,0,20,3780
24460.0,9408.56558222199,0.0,0,20,3780
24461.0,9408.56558222199,0.0,0,20,3780
24462.0,9408.56558222199,0.0,0,20,3780
24463.0,9408.56558222199,0.0,0,20,3780
24464.0,9408.56558222199,0.0,0,20,3780
24465.0,9408.56558222199,0.0,0,20,3780
24466.0,9408.56558222199,0.0,0,20,3780
24467.0,9408.56558222199,0.0,0,20,3780
24468.0,9408.56558222199,0.0,0,20,3780
24469.0,9408.56558222199,0.0,0,20,3780
24470.0,9408.56558222199,0.0,0,20,3780
24471.0,9408.56558222199,0.0,0,20,3780
24472.0,9408.56558222199,0.0,0,20,3780
24473.0,9408.56558222199,0.0,0,20,3780
24474.0,9408.56558222199,0.0,0,20,3780
24475.0,9408.56558222199,0.0,0,20,3780
24476.0,9408.56558222199,0.0,0,20,3780
24477.0,9408.56558222199,0.0,0,20,3780
24478.0,9408.56558222199,0.0,0,20,3780
24479.0,9408.56558222199,0.0,0,20,3780
24480.0,9408.56558222199,0.0,0,20,3780
24481.0,9408.56558222199,0.0,0,20,3780
24482.0,9408.56558222199,0.0,0,20,3780
24483.0,9408.56558222199,0.0,0,20,3780
24484.0,9408.56558222199,0.0,0,20,3780
24485.0,9408.56558222199,0.0,0,20,3780
24486.0,9408.56558222199,0.0,0,20,3780
24487.0,9408.56558222199,0.0,0,20,3780
24488.0,9408.56558222199,0.0,0,20,3780
24489.0,9408.56558222199,0.0,0,20,3780
24490.0,9408.56558222199,0.0,0,20,3780
24491.0,9408.56558222199,0.0,0,20,3780
24492.0,9408.56558222199,0.0,0,20,3780
24493.0,9408.56558222199,0.0,0,20,3780
24494.0,9408.56558222199,0.0,0,20,3780
24495.0,9408.56558222199,0.0,0,20,3780
24496.0,9408.56558222199,0.0,0,20,3780
24497.0,9408.56558222199,0.0,0,20,3780
24498.0,9408.56558222199,0.0,0,20,3780
24499.0,9408.56558222199,0.0,0,20,3780
24500.0,9408.56558222199,0.0,0,20,3780
24501.0,9408.56558222199,0.0,0,20,3780
24502.0,9408.56558222199,0.0,0,20,3780
24503.0,9408.56558222199,0.0,0,20,3780
24504.0,9408.56558222199,0.0,0,20,3780
24505.0,9408.56558222199,0.0,0,20,3780
24506.0,9408.56558222199,0.0,0,20,3780
24507.0,9408.56558222199,0.0,0,20,3780
24508.0,9408.56558222199,0.0,0,20,3780
24509.0,9408.56558222199,0.0,0,20,3780
24510.0,9408.56558222199,0.0,0,20,3780
24511.0,9408.56558222199,0.0,0,20,3780
24512.0,9408.56558222199,0.0,0,20,3780
24513.0,9408.56558222199,0.0,0,20,3780
24514.0,9408.56558222199,0.0,0,20,3780
24515.0,9408.56558222199,0.0,0,20,3780
24516.0,9408.56558222199,0.0,0,20,3780
24517.0,9408.56558222199,0.0,0,20,3780
24518.0,9408.56558222199,0.0,0,20,3780
24519.0,9408.56558222199,0.0,0,20,3780
24520.0,9408.56558222199,0.0,0,20,3780
24521.0,9408.56558222199,0.0,0,20,3780
24522.0,9408.56558222199,0.0,0,20,3780
24523.0,9408.56558222199,0.0,0,20,3780
24524.0,9408.56558222199,0.0,0,20,3780
24525.0,9408.56558222199,0.0,0,20,3780
24526.0,9408.56558222199,0.0,0,20,3780
24527.0,9408.56558222199,0.0,0,20,3780
24528.0,9408.56558222199,0.0,0,20,3780
24529.0,9408.56558222199,0.0,0,20,3780
24530.0,9408.56558222199,0.0,0,20,3780
24531.0,9408.56558222199,0.0,0,20,3780
24532.0,9408.56558222199,0.0,0,20,3780
24533.0,9408.56558222199,0.0,0,20,3780
24534.0,9408.56558222199,0.0,0,20,3780
24535.0,9408.56558222199,0.0,0,20,3780
24536.0,9408.56558222199,0.0,0,20,3780
24537.0,9408.56558222199,0.0,0,20,3780
24538.0,9408.56558222199,0.0,0,20,3780
24539.0,9408.56558222199,0.0,0,20,3780
24540.0,9408.56558222199,0.0,0,20,3780
24541.0,9408.56558222199,0.0,0,20,3780
24542.0,9408.56558222199,0.0,0,20,3780
24543.0,9408.56558222199,0.0,0,20,3780
24544.0,9408.56558222199,0.0,0,20,3780
24545.0,9408.56558222199,0.0,0,20,3780
24546.0,9408.56558222199,0.0,0,20,3780
24547.0,9408.56558222199,0.0,0,20,3780
24548.0,9408.56558222199,0.0,0,20,3780
24549.0,9408.56558222199,0.0,0,20,3780
24550.0,9408.56558222199,0.0,0,20,3780
24551.0,9408.56558222199,0.0,0,20,3780
24552.0,9408.56558222199,0.0,0,20,3780
24553.0,9408.56558222199,0.0,0,20,3780
24554.0,9408.56558222199,0.0,0,20,3780
24555.0,9408.56558222199,0.0,0,20,3780
24556.0,9408.56558222199,0.0,0,20,3780
24557.0,9408.56558222199,0.0,0,20,3780
24558.0,9408.56558222199,0.0,0,20,3780
24559.0,9408.56558222199,0.0,0,20,3780
24560.0,9408.56558222199,0.0,0,20,3780
24561.0,9408.56558222199,0.0,0,20,3780
24562.0,9408.56558222199,0.0,0,20,3780
24563.0,9408.56558222199,0.0,0,20,3780
24564.0,9408.56558222199,0.0,0,20,3780
24565.0,9408.56558222199,0.0,0,20,3780
24566.0,9408.56558222199,0.0,0,20,3780
24567.0,9408.56558222199,0.0,0,20,3780
24568.0,9408.56558222199,0.0,0,20,3780
24569.0,9408.56558222199,0.0,0,20,3780
24570.0,9408.56558222199,0.0,0,20,3780
24571.0,9408.56558222199,0.0,0,20,3780
24572.0,9408.56558222199,0.0,0,20,3780
24573.0,9408.56558222199,0.0,0,20,3780
24574.0,9408.56558222199,0.0,0,20,3780
24575.0,9408.56558222199,0.0,0,20,3780
24576.0,9408.56558222199,0.0,0,20,3780
24577.0,9408.56558222199,0.0,0,20,3780
24578.0,9408.56558222199,0.0,0,20,3780
24579.0,9408.56558222199,0.0,0,20,3780
24580.0,9408.56558222199,0.0,0,20,3780
24581.0,9408.56558222199,0.0,0,20,3780
24582.0,9408.56558222199,0.0,0,20,3780
24583.0,9408.56558222199,0.0,0,20,3780
24584.0,9408.56558222199,0.0,0,20,3780
24585.0,9408.56558222199,0.0,0,20,3780
24586.0,9408.56558222199,0.0,0,20,3780
24587.0,9408.56558222199,0.0,0,20,3780
24588.0,9408.56558222199,0.0,0,20,3780
24589.0,9408.56558222199,0.0,0,20,3780
24590.0,9408.56558222199,0.0,0,20,3780
24591.0,9408.56558222199,0.0,0,20,3780
24592.0,9408.56558222199,0.0,0,20,3780
24593.0,9408.56558222199,0.0,0,20,3780
24594.0,9408.56558222199,0.0,0,20,3780
24595.0,9408.56558222199,0.0,0,20,3780
24596.0,9408.56558222199,0.0,0,20,3780
24597.0,9408.56558222199,0.0,0,20,3780
24598.0,9408.56558222199,0.0,0,20,3780
24599.0,9408.56558222199,0.0,0,20,3780
24600.0,9408.56558222199,0.0,0,20,3780
24601.0,9408.56558222199,0.0,0,20,3780
24602.0,9408.56558222199,0.0,0,20,3780
24603.0,9408.56558222199,0.0,0,20,3780
24604.0,9408.56558222199,0.0,0,20,3780
24605.0,9408.56558222199,0.0,0,20,3780
24606.0,9408.56558222199,0.0,0,20,3780
24607.0,9408.56558222199,0.0,0,20,3780
24608.0,9408.56558222199,0.0,0,20,3780
24609.0,9408.56558222199,0.0,0,20,3780
24610.0,9408.56558222199,0.0,0,20,3780
24611.0,9408.56558222199,0.0,0,20,3780
24612.0,9408.56558222199,0.0,0,20,3780
24613.0,9408.56558222199,0.0,0,20,3780
24614.0,9408.56558222199,0.0,0,20,3780
24615.0,9408.56558222199,0.0,0,20,3780
24616.0,9408.56558222199,0.0,0,20,3780
24617.0,9408.56558222199,0.0,0,20,3780
24618.0,9408.56558222199,0.0,0,20,3780
24619.0,9408.56558222199,0.0,0,20,3780
24620.0,9408.56558222199,0.0,0,20,3780
24621.0,9408.56558222199,0.0,0,20,3780
24622.0,9408.56558222199,0.0,0,20,3780
24623.0,9408.56558222199,0.0,0,20,3780
24624.0,9408.56558222199,0.0,0,20,3780
24625.0,9408.56558222199,0.0,0,20,3780
24626.0,9408.56558222199,0.0,0,20,3780
24627.0,9408.56558222199,0.0,0,20,3780
24628.0,9408.56558222199,0.0,0,20,3780
24629.0,9408.56558222199,0.0,0,20,3780
24630.0,9408.56558222199,0.0,0,20,3780
24631.0,9408.56558222199,0.0,0,20,3780
24632.0,9408.56558222199,0.0,0,20,3780
24633.0,9408.56558222199,0.0,0,20,3780
24634.0,9408.56558222199,0.0,0,20,3780
24635.0,9408.56558222199,0.0,0,20,3780
24636.0,9408.56558222199,0.0,0,20,3780
24637.0,9408.56558222199,0.0,0,20,3780
24638.0,9408.56558222199,0.0,0,20,3780
24639.0,9408.56558222199,0.0,0,20,3780
24640.0,9408.56558222199,0.0,0,20,3780
24641.0,9408.56558222199,0.0,0,20,3780
24642.0,9408.56558222199,0.0,0,20,3780
24643.0,9408.56558222199,0.0,0,20,3780
24644.0,9408.56558222199,0.0,0,20,3780
24645.0,9408.56558222199,0.0,0,20,3780
24646.0,9408.56558222199,0.0,0,20,3780
24647.0,9408.56558222199,0.0,0,20,3780
24648.0,9408.56558222199,0.0,0,20,3780
24649.0,9408.56558222199,0.0,0,20,3780
24650.0,9408.56558222199,0.0,0,20,3780
24651.0,9408.56558222199,0.0,0,20,3780
24652.0,9408.56558222199,0.0,0,20,3780
24653.0,9408.56558222199,0.0,0,20,3780
24654.0,9408.56558222199,0.0,0,20,3780
24655.0,9408.56558222199,0.0,0,20,3780
24656.0,9408.56558222199,0.0,0,20,3780
24657.0,9408.56558222199,0.0,0,20,3780
24658.0,9408.56558222199,0.0,0,20,3780
24659.0,9408.56558222199,0.0,0,20,3780
24660.0,9408.56558222199,0.0,0,20,3780
24661.0,9408.56558222199,0.0,0,20,3780
24662.0,9408.56558222199,0.0,0,20,3780
24663.0,9408.56558222199,0.0,0,20,3780
24664.0,9408.56558222199,0.0,0,20,3780
24665.0,9408.56558222199,0.0,0,20,3780
24666.0,9408.56558222199,0.0,0,20,3780
24667.0,9408.56558222199,0.0,0,20,3780
24668.0,9408.56558222199,0.0,0,20,3780
24669.0,9408.56558222199,0.0,0,20,3780
24670.0,9408.56558222199,0.0,0,20,3780
24671.0,9408.56558222199,0.0,0,20,3780
24672.0,9408.56558222199,0.0,0,20,3780
24673.0,9408.56558222199,0.0,0,20,3780
24674.0,9408.56558222199,0.0,0,20,3780
24675.0,9408.56558222199,0.0,0,20,3780
24676.0,9408.56558222199,0.0,0,20,3780
24677.0,9408.56558222199,0.0,0,20,3780
24678.0,9408.56558222199,0.0,0,20,3780
24679.0,9408.56558222199,0.0,0,20,3780
24680.0,9408.56558222199,0.0,0,20,3780
24681.0,9408.56558222199,0.0,0,20,3780
24682.0,9408.56558222199,0.0,0,20,3780
24683.0,9408.56558222199,0.0,0,20,3780
24684.0,9408.56558222199,0.0,0,20,3780
24685.0,9408.56558222199,0.0,0,20,3780
24686.0,9408.56558222199,0.0,0,20,3780
24687.0,9408.56558222199,0.0,0,20,3780
24688.0,9408.56558222199,0.0,0,20,3780
24689.0,9408.56558222199,0.0,0,20,3780
24690.0,9408.56558222199,0.0,0,20,3780
24691.0,9408.56558222199,0.0,0,20,3780
24692.0,9408.56558222199,0.0,0,20,3780
24693.0,9408.56558222199,0.0,0,20,3780
24694.0,9408.56558222199,0.0,0,20,3780
24695.0,9408.56558222199,0.0,0,20,3780
24696.0,9408.56558222199,0.0,0,20,3780
24697.0,9408.56558222199,0.0,0,20,3780
24698.0,9408.56558222199,0.0,0,20,3780
24699.0,9408.56558222199,0.0,0,20,3780
24700.0,9408.56558222199,0.0,0,20,3780
24701.0,9408.56558222199,0.0,0,20,3780
24702.0,9408.56558222199,0.0,0,20,3780
24703.0,9408.56558222199,0.0,0,20,3780
24704.0,9408.56558222199,0.0,0,20,3780
24705.0,9408.56558222199,0.0,0,20,3780
24706.0,9408.56558222199,0.0,0,20,3780
24707.0,9408.56558222199,0.0,0,20,3780
24708.0,9408.56558222199,0.0,0,20,3780
24709.0,9408.56558222199,0.0,0,20,3780
24710.0,9408.56558222199,0.0,0,20,3780
24711.0,9408.56558222199,0.0,0,20,3780
24712.0,9408.56558222199,0.0,0,20,3780
24713.0,9408.56558222199,0.0,0,20,3780
24714.0,9408.56558222199,0.0,0,20,3780
24715.0,9408.56558222199,0.0,0,20,3780
24716.0,9408.56558222199,0.0,0,20,3780
24717.0,9408.56558222199,0.0,0,20,3780
24718.0,9408.56558222199,0.0,0,20,3780
24719.0,9408.56558222199,0.0,0,20,3780
24720.0,9408.56558222199,0.0,0,20,3780
24721.0,9408.56558222199,0.0,0,20,3780
24722.0,9408.56558222199,0.0,0,20,3780
24723.0,9408.56558222199,0.0,0,20,3780
24724.0,9408.56558222199,0.0,0,20,3780
24725.0,9408.56558222199,0.0,0,20,3780
24726.0,9408.56558222199,0.0,0,20,3780
24727.0,9408.56558222199,0.0,0,20,3780
24728.0,9408.56558222199,0.0,0,20,3780
24729.0,9408.56558222199,0.0,0,20,3780
24730.0,9408.56558222199,0.0,0,20,3780
24731.0,9408.56558222199,0.0,0,20,3780
24732.0,9408.56558222199,0.0,0,20,3780
24733.0,9408.56558222199,0.0,0,20,3780
24734.0,9408.56558222199,0.0,0,20,3780
24735.0,9408.56558222199,0.0,0,20,3780
24736.0,9408.56558222199,0.0,0,20,3780
24737.0,9408.56558222199,0.0,0,20,3780
24738.0,9408.56558222199,0.0,0,20,3780
24739.0,9408.56558222199,0.0,0,20,3780
24740.0,9408.56558222199,0.0,0,20,3780
24741.0,9408.56558222199,0.0,0,20,3780
24742.0,9408.56558222199,0.0,0,20,3780
24743.0,9408.56558222199,0.0,0,20,3780
24744.0,9408.56558222199,0.0,0,20,3780
24745.0,9408.56558222199,0.0,0,20,3780
24746.0,9408.56558222199,0.0,0,20,3780
24747.0,9408.56558222199,0.0,0,20,3780
24748.0,9408.56558222199,0.0,0,20,3780
24749.0,9408.56558222199,0.0,0,20,3780
24750.0,9408.56558222199,0.0,0,20,3780
24751.0,9408.56558222199,0.0,0,20,3780
24752.0,9408.56558222199,0.0,0,20,3780
24753.0,9408.56558222199,0.0,0,20,3780
24754.0,9408.56558222199,0.0,0,20,3780
24755.0,9408.56558222199,0.0,0,20,3780
24756.0,9408.56558222199,0.0,0,20,3780
24757.0,9408.56558222199,0.0,0,20,3780
24758.0,9408.56558222199,0.0,0,20,3780
24759.0,9408.56558222199,0.0,0,20,3780
24760.0,9408.56558222199,0.0,0,20,3780
24761.0,9408.56558222199,0.0,0,20,3780
24762.0,9408.56558222199,0.0,0,20,3780
24763.0,9408.56558222199,0.0,0,20,3780
24764.0,9408.56558222199,0.0,0,20,3780
24765.0,9408.56558222199,0.0,0,20,3780
24766.0,9408.56558222199,0.0,0,20,3780
24767.0,9408.56558222199,0.0,0,20,3780
24768.0,9408.56558222199,0.0,0,20,3780
24769.0,9408.56558222199,0.0,0,20,3780
24770.0,9408.56558222199,0.0,0,20,3780
24771.0,9408.56558222199,0.0,0,20,3780
24772.0,9408.56558222199,0.0,0,20,3780
24773.0,9408.56558222199,0.0,0,20,3780
24774.0,9408.56558222199,0.0,0,20,3780
24775.0,9408.56558222199,0.0,0,20,3780
24776.0,9408.56558222199,0.0,0,20,3780
24777.0,9408.56558222199,0.0,0,20,3780
24778.0,9408.56558222199,0.0,0,20,3780
24779.0,9408.56558222199,0.0,0,20,3780
24780.0,9408.56558222199,0.0,0,20,3780
24781.0,9408.56558222199,0.0,0,20,3780
24782.0,9408.56558222199,0.0,0,20,3780
24783.0,9408.56558222199,0.0,0,20,3780
24784.0,9408.56558222199,0.0,0,20,3780
24785.0,9408.56558222199,0.0,0,20,3780
24786.0,9408.56558222199,0.0,0,20,3780
24787.0,9408.56558222199,0.0,0,20,3780
24788.0,9408.56558222199,0.0,0,20,3780
24789.0,9408.56558222199,0.0,0,20,3780
24790.0,9408.56558222199,0.0,0,20,3780
24791.0,9408.56558222199,0.0,0,20,3780
24792.0,9408.56558222199,0.0,0,20,3780
24793.0,9408.56558222199,0.0,0,20,3780
24794.0,9408.56558222199,0.0,0,20,3780
24795.0,9408.56558222199,0.0,0,20,3780
24796.0,9408.56558222199,0.0,0,20,3780
24797.0,9408.56558222199,0.0,0,20,3780
24798.0,9408.56558222199,0.0,0,20,3780
24799.0,9408.56558222199,0.0,0,20,3780
24800.0,9408.56558222199,0.0,0,20,3780
24801.0,9408.56558222199,0.0,0,20,3780
24802.0,9408.56558222199,0.0,0,20,3780
24803.0,9408.56558222199,0.0,0,20,3780
24804.0,9408.56558222199,0.0,0,20,3780
24805.0,9408.56558222199,0.0,0,20,3780
24806.0,9408.56558222199,0.0,0,20,3780
24807.0,9408.56558222199,0.0,0,20,3780
24808.0,9408.56558222199,0.0,0,20,3780
24809.0,9408.56558222199,0.0,0,20,3780
24810.0,9408.56558222199,0.0,0,20,3780
24811.0,9408.56558222199,0.0,0,20,3780
24812.0,9408.56558222199,0.0,0,20,3780
24813.0,9408.56558222199,0.0,0,20,3780
24814.0,9408.56558222199,0.0,0,20,3780
24815.0,9408.56558222199,0.0,0,20,3780
24816.0,9408.56558222199,0.0,0,20,3780
24817.0,9408.56558222199,0.0,0,20,3780
24818.0,9408.56558222199,0.0,0,20,3780
24819.0,9408.56558222199,0.0,0,20,3780
24820.0,9408.56558222199,0.0,0,20,3780
24821.0,9408.56558222199,0.0,0,20,3780
24822.0,9408.56558222199,0.0,0,20,3780
24823.0,9408.56558222199,0.0,0,20,3780
24824.0,9408.56558222199,0.0,0,20,3780
24825.0,9408.56558222199,0.0,0,20,3780
24826.0,9408.56558222199,0.0,0,20,3780
24827.0,9408.56558222199,0.0,0,20,3780
24828.0,9408.56558222199,0.0,0,20,3780
24829.0,9408.56558222199,0.0,0,20,3780
24830.0,9408.56558222199,0.0,0,20,3780
24831.0,9408.56558222199,0.0,0,20,3780
24832.0,9408.56558222199,0.0,0,20,3780
24833.0,9408.56558222199,0.0,0,20,3780
24834.0,9408.56558222199,0.0,0,20,3780
24835.0,9408.56558222199,0.0,0,20,3780
24836.0,9408.56558222199,0.0,0,20,3780
24837.0,9408.56558222199,0.0,0,20,3780
24838.0,9408.56558222199,0.0,0,20,3780
24839.0,9408.56558222199,0.0,0,20,3780
24840.0,9408.56558222199,0.0,0,20,3780
24841.0,9408.56558222199,0.0,0,20,3780
24842.0,9408.56558222199,0.0,0,20,3780
24843.0,9408.56558222199,0.0,0,20,3780
24844.0,9408.56558222199,0.0,0,20,3780
24845.0,9408.56558222199,0.0,0,20,3780
24846.0,9408.56558222199,0.0,0,20,3780
24847.0,9408.56558222199,0.0,0,20,3780
24848.0,9408.56558222199,0.0,0,20,3780
24849.0,9408.56558222199,0.0,0,20,3780
24850.0,9408.56558222199,0.0,0,20,3780
24851.0,9408.56558222199,0.0,0,20,3780
24852.0,9408.56558222199,0.0,0,20,3780
24853.0,9408.56558222199,0.0,0,20,3780
24854.0,9408.56558222199,0.0,0,20,3780
24855.0,9408.56558222199,0.0,0,20,3780
24856.0,9408.56558222199,0.0,0,20,3780
24857.0,9408.56558222199,0.0,0,20,3780
24858.0,9408.56558222199,0.0,0,20,3780
24859.0,9408.56558222199,0.0,0,20,3780
24860.0,9408.56558222199,0.0,0,20,3780
24861.0,9408.56558222199,0.0,0,20,3780
24862.0,9408.56558222199,0.0,0,20,3780
24863.0,9408.56558222199,0.0,0,20,3780
24864.0,9408.56558222199,0.0,0,20,3780
24865.0,9408.56558222199,0.0,0,20,3780
24866.0,9408.56558222199,0.0,0,20,3780
24867.0,9408.56558222199,0.0,0,20,3780
24868.0,9408.56558222199,0.0,0,20,3780
24869.0,9408.56558222199,0.0,0,20,3780
24870.0,9408.56558222199,0.0,0,20,3780
24871.0,9408.56558222199,0.0,0,20,3780
24872.0,9408.56558222199,0.0,0,20,3780
24873.0,9408.56558222199,0.0,0,20,3780
24874.0,9408.56558222199,0.0,0,20,3780
24875.0,9408.56558222199,0.0,0,20,3780
24876.0,9408.56558222199,0.0,0,20,3780
24877.0,9408.56558222199,0.0,0,20,3780
24878.0,9408.56558222199,0.0,0,20,3780
24879.0,9408.56558222199,0.0,0,20,3780
24880.0,9408.56558222199,0.0,0,20,3780
24881.0,9408.56558222199,0.0,0,20,3780
24882.0,9408.56558222199,0.0,0,20,3780
24883.0,9408.56558222199,0.0,0,20,3780
24884.0,9408.56558222199,0.0,0,20,3780
24885.0,9408.56558222199,0.0,0,20,3780
24886.0,9408.56558222199,0.0,0,20,3780
24887.0,9408.56558222199,0.0,0,20,3780
24888.0,9408.56558222199,0.0,0,20,3780
24889.0,9408.56558222199,0.0,0,20,3780
24890.0,9408.56558222199,0.0,0,20,3780
24891.0,9408.56558222199,0.0,0,20,3780
24892.0,9408.56558222199,0.0,0,20,3780
24893.0,9408.56558222199,0.0,0,20,3780
24894.0,9408.56558222199,0.0,0,20,3780
24895.0,9408.56558222199,0.0,0,20,3780
24896.0,9408.56558222199,0.0,0,20,3780
24897.0,9408.56558222199,0.0,0,20,3780
24898.0,9408.56558222199,0.0,0,20,3780
24899.0,9408.56558222199,0.0,0,20,3780
24900.0,9408.56558222199,0.0,0,20,3780
24901.0,9408.56558222199,0.0,0,20,3780
24902.0,9408.56558222199,0.0,0,20,3780
24903.0,9408.56558222199,0.0,0,20,3780
24904.0,9408.56558222199,0.0,0,20,3780
24905.0,9408.56558222199,0.0,0,20,3780
24906.0,9408.56558222199,0.0,0,20,3780
24907.0,9408.56558222199,0.0,0,20,3780
24908.0,9408.56558222199,0.0,0,20,3780
24909.0,9408.56558222199,0.0,0,20,3780
24910.0,9408.56558222199,0.0,0,20,3780
24911.0,9408.56558222199,0.0,0,20,3780
24912.0,9408.56558222199,0.0,0,20,3780
24913.0,9408.56558222199,0.0,0,20,3780
24914.0,9408.56558222199,0.0,0,20,3780
24915.0,9408.56558222199,0.0,0,20,3780
24916.0,9408.56558222199,0.0,0,20,3780
24917.0,9408.56558222199,0.0,0,20,3780
24918.0,9408.56558222199,0.0,0,20,3780
24919.0,9408.56558222199,0.0,0,20,3780
24920.0,9408.56558222199,0.0,0,20,3780
24921.0,9408.56558222199,0.0,0,20,3780
24922.0,9408.56558222199,0.0,0,20,3780
24923.0,9408.56558222199,0.0,0,20,3780
24924.0,9408.56558222199,0.0,0,20,3780
24925.0,9408.56558222199,0.0,0,20,3780
24926.0,9408.56558222199,0.0,0,20,3780
24927.0,9408.56558222199,0.0,0,20,3780
24928.0,9408.56558222199,0.0,0,20,3780
24929.0,9408.56558222199,0.0,0,20,3780
24930.0,9408.56558222199,0.0,0,20,3780
24931.0,9408.56558222199,0.0,0,20,3780
24932.0,9408.56558222199,0.0,0,20,3780
24933.0,9408.56558222199,0.0,0,20,3780
24934.0,9408.56558222199,0.0,0,20,3780
24935.0,9408.56558222199,0.0,0,20,3780
24936.0,9408.56558222199,0.0,0,20,3780
24937.0,9408.56558222199,0.0,0,20,3780
24938.0,9408.56558222199,0.0,0,20,3780
24939.0,9408.56558222199,0.0,0,20,3780
24940.0,9408.56558222199,0.0,0,20,3780
24941.0,9408.56558222199,0.0,0,20,3780
24942.0,9408.56558222199,0.0,0,20,3780
24943.0,9408.56558222199,0.0,0,20,3780
24944.0,9408.56558222199,0.0,0,20,3780
24945.0,9408.56558222199,0.0,0,20,3780
24946.0,9408.56558222199,0.0,0,20,3780
24947.0,9408.56558222199,0.0,0,20,3780
24948.0,9408.56558222199,0.0,0,20,3780
24949.0,9408.56558222199,0.0,0,20,3780
24950.0,9408.56558222199,0.0,0,20,3780
24951.0,9408.56558222199,0.0,0,20,3780
24952.0,9408.56558222199,0.0,0,20,3780
24953.0,9408.56558222199,0.0,0,20,3780
24954.0,9408.56558222199,0.0,0,20,3780
24955.0,9408.56558222199,0.0,0,20,3780
24956.0,9408.56558222199,0.0,0,20,3780
24957.0,9408.56558222199,0.0,0,20,3780
24958.0,9408.56558222199,0.0,0,20,3780
24959.0,9408.56558222199,0.0,0,20,3780
24960.0,9408.56558222199,0.0,0,20,3780
24961.0,9408.56558222199,0.0,0,20,3780
24962.0,9408.56558222199,0.0,0,20,3780
24963.0,9408.56558222199,0.0,0,20,3780
24964.0,9408.56558222199,0.0,0,20,3780
24965.0,9408.56558222199,0.0,0,20,3780
24966.0,9408.56558222199,0.0,0,20,3780
24967.0,9408.56558222199,0.0,0,20,3780
24968.0,9408.56558222199,0.0,0,20,3780
24969.0,9408.56558222199,0.0,0,20,3780
24970.0,9408.56558222199,0.0,0,20,3780
24971.0,9408.56558222199,0.0,0,20,3780
24972.0,9408.56558222199,0.0,0,20,3780
24973.0,9408.56558222199,0.0,0,20,3780
24974.0,9408.56558222199,0.0,0,20,3780
24975.0,9408.56558222199,0.0,0,20,3780
24976.0,9408.56558222199,0.0,0,20,3780
24977.0,9408.56558222199,0.0,0,20,3780
24978.0,9408.56558222199,0.0,0,20,3780
24979.0,9408.56558222199,0.0,0,20,3780
24980.0,9408.56558222199,0.0,0,20,3780
24981.0,9408.56558222199,0.0,0,20,3780
24982.0,9408.56558222199,0.0,0,20,3780
24983.0,9408.56558222199,0.0,0,20,3780
24984.0,9408.56558222199,0.0,0,20,3780
24985.0,9408.56558222199,0.0,0,20,3780
24986.0,9408.56558222199,0.0,0,20,3780
24987.0,9408.56558222199,0.0,0,20,3780
24988.0,9408.56558222199,0.0,0,20,3780
24989.0,9408.56558222199,0.0,0,20,3780
24990.0,9408.56558222199,0.0,0,20,3780
24991.0,9408.56558222199,0.0,0,20,3780
24992.0,9408.56558222199,0.0,0,20,3780
24993.0,9408.56558222199,0.0,0,20,3780
24994.0,9408.56558222199,0.0,0,20,3780
24995.0,9408.56558222199,0.0,0,20,3780
24996.0,9408.56558222199,0.0,0,20,3780
24997.0,9408.56558222199,0.0,0,20,3780
24998.0,9408.56558222199,0.0,0,20,3780
24999.0,9408.56558222199,0.0,0,20,3780
25000.0,9408.56558222199,0.0,0,20,3780
25001.0,9408.56558222199,0.0,0,20,3780
25002.0,9408.56558222199,0.0,0,20,3780
25003.0,9408.56558222199,0.0,0,20,3780
25004.0,9408.56558222199,0.0,0,20,3780
25005.0,9408.56558222199,0.0,0,20,3780
25006.0,9408.56558222199,0.0,0,20,3780
25007.0,9408.56558222199,0.0,0,20,3780
25008.0,9408.56558222199,0.0,0,20,3780
25009.0,9408.56558222199,0.0,0,20,3780
25010.0,9408.56558222199,0.0,0,20,3780
25011.0,9408.56558222199,0.0,0,20,3780
25012.0,9408.56558222199,0.0,0,20,3780
25013.0,9408.56558222199,0.0,0,20,3780
25014.0,9408.56558222199,0.0,0,20,3780
25015.0,9408.56558222199,0.0,0,20,3780
25016.0,9408.56558222199,0.0,0,20,3780
25017.0,9408.56558222199,0.0,0,20,3780
25018.0,9408.56558222199,0.0,0,20,3780
25019.0,9408.56558222199,0.0,0,20,3780
25020.0,9408.56558222199,0.0,0,20,3780
25021.0,9408.56558222199,0.0,0,20,3780
25022.0,9408.56558222199,0.0,0,20,3780
25023.0,9408.56558222199,0.0,0,20,3780
25024.0,9408.56558222199,0.0,0,20,3780
25025.0,9408.56558222199,0.0,0,20,3780
25026.0,9408.56558222199,0.0,0,20,3780
25027.0,9408.56558222199,0.0,0,20,3780
25028.0,9408.56558222199,0.0,0,20,3780
25029.0,9408.56558222199,0.0,0,20,3780
25030.0,9408.56558222199,0.0,0,20,3780
25031.0,9408.56558222199,0.0,0,20,3780
25032.0,9408.56558222199,0.0,0,20,3780
25033.0,9408.56558222199,0.0,0,20,3780
25034.0,9408.56558222199,0.0,0,20,3780
25035.0,9408.56558222199,0.0,0,20,3780
25036.0,9408.56558222199,0.0,0,20,3780
25037.0,9408.56558222199,0.0,0,20,3780
25038.0,9408.56558222199,0.0,0,20,3780
25039.0,9408.56558222199,0.0,0,20,3780
25040.0,9408.56558222199,0.0,0,20,3780
25041.0,9408.56558222199,0.0,0,20,3780
25042.0,9408.56558222199,0.0,0,20,3780
25043.0,9408.56558222199,0.0,0,20,3780
25044.0,9408.56558222199,0.0,0,20,3780
25045.0,9408.56558222199,0.0,0,20,3780
25046.0,9408.56558222199,0.0,0,20,3780
25047.0,9408.56558222199,0.0,0,20,3780
25048.0,9408.56558222199,0.0,0,20,3780
25049.0,9408.56558222199,0.0,0,20,3780
25050.0,9408.56558222199,0.0,0,20,3780
25051.0,9408.56558222199,0.0,0,20,3780
25052.0,9408.56558222199,0.0,0,20,3780
25053.0,9408.56558222199,0.0,0,20,3780
25054.0,9408.56558222199,0.0,0,20,3780
25055.0,9408.56558222199,0.0,0,20,3780
25056.0,9408.56558222199,0.0,0,20,3780
25057.0,9408.56558222199,0.0,0,20,3780
25058.0,9408.56558222199,0.0,0,20,3780
25059.0,9408.56558222199,0.0,0,20,3780
25060.0,9408.56558222199,0.0,0,20,3780
25061.0,9408.56558222199,0.0,0,20,3780
25062.0,9408.56558222199,0.0,0,20,3780
25063.0,9408.56558222199,0.0,0,20,3780
25064.0,9408.56558222199,0.0,0,20,3780
25065.0,9408.56558222199,0.0,0,20,3780
25066.0,9408.56558222199,0.0,0,20,3780
25067.0,9408.56558222199,0.0,0,20,3780
25068.0,9408.56558222199,0.0,0,20,3780
25069.0,9408.56558222199,0.0,0,20,3780
25070.0,9408.56558222199,0.0,0,20,3780
25071.0,9408.56558222199,0.0,0,20,3780
25072.0,9408.56558222199,0.0,0,20,3780
25073.0,9408.56558222199,0.0,0,20,3780
25074.0,9408.56558222199,0.0,0,20,3780
25075.0,9408.56558222199,0.0,0,20,3780
25076.0,9408.56558222199,0.0,0,20,3780
25077.0,9408.56558222199,0.0,0,20,3780
25078.0,9408.56558222199,0.0,0,20,3780
25079.0,9408.56558222199,0.0,0,20,3780
25080.0,9408.56558222199,0.0,0,20,3780
25081.0,9408.56558222199,0.0,0,20,3780
25082.0,9408.56558222199,0.0,0,20,3780
25083.0,9408.56558222199,0.0,0,20,3780
25084.0,9408.56558222199,0.0,0,20,3780
25085.0,9408.56558222199,0.0,0,20,3780
25086.0,9408.56558222199,0.0,0,20,3780
25087.0,9408.56558222199,0.0,0,20,3780
25088.0,9408.56558222199,0.0,0,20,3780
25089.0,9408.56558222199,0.0,0,20,3780
25090.0,9408.56558222199,0.0,0,20,3780
25091.0,9408.56558222199,0.0,0,20,3780
25092.0,9408.56558222199,0.0,0,20,3780
25093.0,9408.56558222199,0.0,0,20,3780
25094.0,9408.56558222199,0.0,0,20,3780
25095.0,9408.56558222199,0.0,0,20,3780
25096.0,9408.56558222199,0.0,0,20,3780
25097.0,9408.56558222199,0.0,0,20,3780
25098.0,9408.56558222199,0.0,0,20,3780
25099.0,9408.56558222199,0.0,0,20,3780
25100.0,9408.56558222199,0.0,0,20,3780
25101.0,9408.56558222199,0.0,0,20,3780
25102.0,9408.56558222199,0.0,0,20,3780
25103.0,9408.56558222199,0.0,0,20,3780
25104.0,9408.56558222199,0.0,0,20,3780
25105.0,9408.56558222199,0.0,0,20,3780
25106.0,9408.56558222199,0.0,0,20,3780
25107.0,9408.56558222199,0.0,0,20,3780
25108.0,9408.56558222199,0.0,0,20,3780
25109.0,9408.56558222199,0.0,0,20,3780
25110.0,9408.56558222199,0.0,0,20,3780
25111.0,9408.56558222199,0.0,0,20,3780
25112.0,9408.56558222199,0.0,0,20,3780
25113.0,9408.56558222199,0.0,0,20,3780
25114.0,9408.56558222199,0.0,0,20,3780
25115.0,9408.56558222199,0.0,0,20,3780
25116.0,9408.56558222199,0.0,0,20,3780
25117.0,9408.56558222199,0.0,0,20,3780
25118.0,9408.56558222199,0.0,0,20,3780
25119.0,9408.56558222199,0.0,0,20,3780
25120.0,9408.56558222199,0.0,0,20,3780
25121.0,9408.56558222199,0.0,0,20,3780
25122.0,9408.56558222199,0.0,0,20,3780
25123.0,9408.56558222199,0.0,0,20,3780
25124.0,9408.56558222199,0.0,0,20,3780
25125.0,9408.56558222199,0.0,0,20,3780
25126.0,9408.56558222199,0.0,0,20,3780
25127.0,9408.56558222199,0.0,0,20,3780
25128.0,9408.56558222199,0.0,0,20,3780
25129.0,9408.56558222199,0.0,0,20,3780
25130.0,9408.56558222199,0.0,0,20,3780
25131.0,9408.56558222199,0.0,0,20,3780
25132.0,9408.56558222199,0.0,0,20,3780
25133.0,9408.56558222199,0.0,0,20,3780
25134.0,9408.56558222199,0.0,0,20,3780
25135.0,9408.56558222199,0.0,0,20,3780
25136.0,9408.56558222199,0.0,0,20,3780
25137.0,9408.56558222199,0.0,0,20,3780
25138.0,9408.56558222199,0.0,0,20,3780
25139.0,9408.56558222199,0.0,0,20,3780
25140.0,9408.56558222199,0.0,0,20,3780
25141.0,9408.56558222199,0.0,0,20,3780
25142.0,9408.56558222199,0.0,0,20,3780
25143.0,9408.56558222199,0.0,0,20,3780
25144.0,9408.56558222199,0.0,0,20,3780
25145.0,9408.56558222199,0.0,0,20,3780
25146.0,9408.56558222199,0.0,0,20,3780
25147.0,9408.56558222199,0.0,0,20,3780
25148.0,9408.56558222199,0.0,0,20,3780
25149.0,9408.56558222199,0.0,0,20,3780
25150.0,9408.56558222199,0.0,0,20,3780
25151.0,9408.56558222199,0.0,0,20,3780
25152.0,9408.56558222199,0.0,0,20,3780
25153.0,9408.56558222199,0.0,0,20,3780
25154.0,9408.56558222199,0.0,0,20,3780
25155.0,9408.56558222199,0.0,0,20,3780
25156.0,9408.56558222199,0.0,0,20,3780
25157.0,9408.56558222199,0.0,0,20,3780
25158.0,9408.56558222199,0.0,0,20,3780
25159.0,9408.56558222199,0.0,0,20,3780
25160.0,9408.56558222199,0.0,0,20,3780
25161.0,9408.56558222199,0.0,0,20,3780
25162.0,9408.56558222199,0.0,0,20,3780
25163.0,9408.56558222199,0.0,0,20,3780
25164.0,9408.56558222199,0.0,0,20,3780
25165.0,9408.56558222199,0.0,0,20,3780
25166.0,9408.56558222199,0.0,0,20,3780
25167.0,9408.56558222199,0.0,0,20,3780
25168.0,9408.56558222199,0.0,0,20,3780
25169.0,9408.56558222199,0.0,0,20,3780
25170.0,9408.56558222199,0.0,0,20,3780
25171.0,9408.56558222199,0.0,0,20,3780
25172.0,9408.56558222199,0.0,0,20,3780
25173.0,9408.56558222199,0.0,0,20,3780
25174.0,9408.56558222199,0.0,0,20,3780
25175.0,9408.56558222199,0.0,0,20,3780
25176.0,9408.56558222199,0.0,0,20,3780
25177.0,9408.56558222199,0.0,0,20,3780
25178.0,9408.56558222199,0.0,0,20,3780
25179.0,9408.56558222199,0.0,0,20,3780
25180.0,9408.56558222199,0.0,0,20,3780
25181.0,9408.56558222199,0.0,0,20,3780
25182.0,9408.56558222199,0.0,0,20,3780
25183.0,9408.56558222199,0.0,0,20,3780
25184.0,9408.56558222199,0.0,0,20,3780
25185.0,9408.56558222199,0.0,0,20,3780
25186.0,9408.56558222199,0.0,0,20,3780
25187.0,9408.56558222199,0.0,0,20,3780
25188.0,9408.56558222199,0.0,0,20,3780
25189.0,9408.56558222199,0.0,0,20,3780
25190.0,9408.56558222199,0.0,0,20,3780
25191.0,9408.56558222199,0.0,0,20,3780
25192.0,9408.56558222199,0.0,0,20,3780
25193.0,9408.56558222199,0.0,0,20,3780
25194.0,9408.56558222199,0.0,0,20,3780
25195.0,9408.56558222199,0.0,0,20,3780
25196.0,9408.56558222199,0.0,0,20,3780
25197.0,9408.56558222199,0.0,0,20,3780
25198.0,9408.56558222199,0.0,0,20,3780
25199.0,9408.56558222199,0.0,0,20,3780
25200.0,9408.56558222199,0.0,0,20,3780
25201.0,9408.56558222199,0.0,0,20,3780
25202.0,9408.56558222199,0.0,0,20,3780
25203.0,9408.56558222199,0.0,0,20,3780
25204.0,9408.56558222199,0.0,0,20,3780
25205.0,9408.56558222199,0.0,0,20,3780
25206.0,9408.56558222199,0.0,0,20,3780
25207.0,9408.56558222199,0.0,0,20,3780
25208.0,9408.56558222199,0.0,0,20,3780
25209.0,9408.56558222199,0.0,0,20,3780
25210.0,9408.56558222199,0.0,0,20,3780
25211.0,9408.56558222199,0.0,0,20,3780
25212.0,9408.56558222199,0.0,0,20,3780
25213.0,9408.56558222199,0.0,0,20,3780
25214.0,9408.56558222199,0.0,0,20,3780
25215.0,9408.56558222199,0.0,0,20,3780
25216.0,9408.56558222199,0.0,0,20,3780
25217.0,9408.56558222199,0.0,0,20,3780
25218.0,9408.56558222199,0.0,0,20,3780
25219.0,9408.56558222199,0.0,0,20,3780
25220.0,9408.56558222199,0.0,0,20,3780
25221.0,9408.56558222199,0.0,0,20,3780
25222.0,9408.56558222199,0.0,0,20,3780
25223.0,9408.56558222199,0.0,0,20,3780
25224.0,9408.56558222199,0.0,0,20,3780
25225.0,9408.56558222199,0.0,0,20,3780
25226.0,9408.56558222199,0.0,0,20,3780
25227.0,9408.56558222199,0.0,0,20,3780
25228.0,9408.56558222199,0.0,0,20,3780
25229.0,9408.56558222199,0.0,0,20,3780
25230.0,9408.56558222199,0.0,0,20,3780
25231.0,9408.56558222199,0.0,0,20,3780
25232.0,9408.56558222199,0.0,0,20,3780
25233.0,9408.56558222199,0.0,0,20,3780
25234.0,9408.56558222199,0.0,0,20,3780
25235.0,9408.56558222199,0.0,0,20,3780
25236.0,9408.56558222199,0.0,0,20,3780
25237.0,9408.56558222199,0.0,0,20,3780
25238.0,9408.56558222199,0.0,0,20,3780
25239.0,9408.56558222199,0.0,0,20,3780
25240.0,9408.56558222199,0.0,0,20,3780
25241.0,9408.56558222199,0.0,0,20,3780
25242.0,9408.56558222199,0.0,0,20,3780
25243.0,9408.56558222199,0.0,0,20,3780
25244.0,9408.56558222199,0.0,0,20,3780
25245.0,9408.56558222199,0.0,0,20,3780
25246.0,9408.56558222199,0.0,0,20,3780
25247.0,9408.56558222199,0.0,0,20,3780
25248.0,9408.56558222199,0.0,0,20,3780
25249.0,9408.56558222199,0.0,0,20,3780
25250.0,9408.56558222199,0.0,0,20,3780
25251.0,9408.56558222199,0.0,0,20,3780
25252.0,9408.56558222199,0.0,0,20,3780
25253.0,9408.56558222199,0.0,0,20,3780
25254.0,9408.56558222199,0.0,0,20,3780
25255.0,9408.56558222199,0.0,0,20,3780
25256.0,9408.56558222199,0.0,0,20,3780
25257.0,9408.56558222199,0.0,0,20,3780
25258.0,9408.56558222199,0.0,0,20,3780
25259.0,9408.56558222199,0.0,0,20,3780
25260.0,9408.56558222199,0.0,0,20,3780
25261.0,9408.56558222199,0.0,0,20,3780
25262.0,9408.56558222199,0.0,0,20,3780
25263.0,9408.56558222199,0.0,0,20,3780
25264.0,9408.56558222199,0.0,0,20,3780
25265.0,9408.56558222199,0.0,0,20,3780
25266.0,9408.56558222199,0.0,0,20,3780
25267.0,9408.56558222199,0.0,0,20,3780
25268.0,9408.56558222199,0.0,0,20,3780
25269.0,9408.56558222199,0.0,0,20,3780
25270.0,9408.56558222199,0.0,0,20,3780
25271.0,9408.56558222199,0.0,0,20,3780
25272.0,9408.56558222199,0.0,0,20,3780
25273.0,9408.56558222199,0.0,0,20,3780
25274.0,9408.56558222199,0.0,0,20,3780
25275.0,9408.56558222199,0.0,0,20,3780
25276.0,9408.56558222199,0.0,0,20,3780
25277.0,9408.56558222199,0.0,0,20,3780
25278.0,9408.56558222199,0.0,0,20,3780
25279.0,9408.56558222199,0.0,0,20,3780
25280.0,9408.56558222199,0.0,0,20,3780
25281.0,9408.56558222199,0.0,0,20,3780
25282.0,9408.56558222199,0.0,0,20,3780
25283.0,9408.56558222199,0.0,0,20,3780
25284.0,9408.56558222199,0.0,0,20,3780
25285.0,9408.56558222199,0.0,0,20,3780
25286.0,9408.56558222199,0.0,0,20,3780
25287.0,9408.56558222199,0.0,0,20,3780
25288.0,9408.56558222199,0.0,0,20,3780
25289.0,9408.56558222199,0.0,0,20,3780
25290.0,9408.56558222199,0.0,0,20,3780
25291.0,9408.56558222199,0.0,0,20,3780
25292.0,9408.56558222199,0.0,0,20,3780
25293.0,9408.56558222199,0.0,0,20,3780
25294.0,9408.56558222199,0.0,0,20,3780
25295.0,9408.56558222199,0.0,0,20,3780
25296.0,9408.56558222199,0.0,0,20,3780
25297.0,9408.56558222199,0.0,0,20,3780
25298.0,9408.56558222199,0.0,0,20,3780
25299.0,9408.56558222199,0.0,0,20,3780
25300.0,9408.56558222199,0.0,0,20,3780
25301.0,9408.56558222199,0.0,0,20,3780
25302.0,9408.56558222199,0.0,0,20,3780
25303.0,9408.56558222199,0.0,0,20,3780
25304.0,9408.56558222199,0.0,0,20,3780
25305.0,9408.56558222199,0.0,0,20,3780
25306.0,9408.56558222199,0.0,0,20,3780
25307.0,9408.56558222199,0.0,0,20,3780
25308.0,9408.56558222199,0.0,0,20,3780
25309.0,9408.56558222199,0.0,0,20,3780
25310.0,9408.56558222199,0.0,0,20,3780
25311.0,9408.56558222199,0.0,0,20,3780
25312.0,9408.56558222199,0.0,0,20,3780
25313.0,9408.56558222199,0.0,0,20,3780
25314.0,9408.56558222199,0.0,0,20,3780
25315.0,9408.56558222199,0.0,0,20,3780
25316.0,9408.56558222199,0.0,0,20,3780
25317.0,9408.56558222199,0.0,0,20,3780
25318.0,9408.56558222199,0.0,0,20,3780
25319.0,9408.56558222199,0.0,0,20,3780
25320.0,9408.56558222199,0.0,0,20,3780
25321.0,9408.56558222199,0.0,0,20,3780
25322.0,9408.56558222199,0.0,0,20,3780
25323.0,9408.56558222199,0.0,0,20,3780
25324.0,9408.56558222199,0.0,0,20,3780
25325.0,9408.56558222199,0.0,0,20,3780
25326.0,9408.56558222199,0.0,0,20,3780
25327.0,9408.56558222199,0.0,0,20,3780
25328.0,9408.56558222199,0.0,0,20,3780
25329.0,9408.56558222199,0.0,0,20,3780
25330.0,9408.56558222199,0.0,0,20,3780
25331.0,9408.56558222199,0.0,0,20,3780
25332.0,9408.56558222199,0.0,0,20,3780
25333.0,9408.56558222199,0.0,0,20,3780
25334.0,9408.56558222199,0.0,0,20,3780
25335.0,9408.56558222199,0.0,0,20,3780
25336.0,9408.56558222199,0.0,0,20,3780
25337.0,9408.56558222199,0.0,0,20,3780
25338.0,9408.56558222199,0.0,0,20,3780
25339.0,9408.56558222199,0.0,0,20,3780
25340.0,9408.56558222199,0.0,0,20,3780
25341.0,9408.56558222199,0.0,0,20,3780
25342.0,9408.56558222199,0.0,0,20,3780
25343.0,9408.56558222199,0.0,0,20,3780
25344.0,9408.56558222199,0.0,0,20,3780
25345.0,9408.56558222199,0.0,0,20,3780
25346.0,9408.56558222199,0.0,0,20,3780
25347.0,9408.56558222199,0.0,0,20,3780
25348.0,9408.56558222199,0.0,0,20,3780
25349.0,9408.56558222199,0.0,0,20,3780
25350.0,9408.56558222199,0.0,0,20,3780
25351.0,9408.56558222199,0.0,0,20,3780
25352.0,9408.56558222199,0.0,0,20,3780
25353.0,9408.56558222199,0.0,0,20,3780
25354.0,9408.56558222199,0.0,0,20,3780
25355.0,9408.56558222199,0.0,0,20,3780
25356.0,9408.56558222199,0.0,0,20,3780
25357.0,9408.56558222199,0.0,0,20,3780
25358.0,9408.56558222199,0.0,0,20,3780
25359.0,9408.56558222199,0.0,0,20,3780
25360.0,9408.56558222199,0.0,0,20,3780
25361.0,9408.56558222199,0.0,0,20,3780
25362.0,9408.56558222199,0.0,0,20,3780
25363.0,9408.56558222199,0.0,0,20,3780
25364.0,9408.56558222199,0.0,0,20,3780
25365.0,9408.56558222199,0.0,0,20,3780
25366.0,9408.56558222199,0.0,0,20,3780
25367.0,9408.56558222199,0.0,0,20,3780
25368.0,9408.56558222199,0.0,0,20,3780
25369.0,9408.56558222199,0.0,0,20,3780
25370.0,9408.56558222199,0.0,0,20,3780
25371.0,9408.56558222199,0.0,0,20,3780
25372.0,9408.56558222199,0.0,0,20,3780
25373.0,9408.56558222199,0.0,0,20,3780
25374.0,9408.56558222199,0.0,0,20,3780
25375.0,9408.56558222199,0.0,0,20,3780
25376.0,9408.56558222199,0.0,0,20,3780
25377.0,9408.56558222199,0.0,0,20,3780
25378.0,9408.56558222199,0.0,0,20,3780
25379.0,9408.56558222199,0.0,0,20,3780
25380.0,9408.56558222199,0.0,0,20,3780
25381.0,9408.56558222199,0.0,0,20,3780
25382.0,9408.56558222199,0.0,0,20,3780
25383.0,9408.56558222199,0.0,0,20,3780
25384.0,9408.56558222199,0.0,0,20,3780
25385.0,9408.56558222199,0.0,0,20,3780
25386.0,9408.56558222199,0.0,0,20,3780
25387.0,9408.56558222199,0.0,0,20,3780
25388.0,9408.56558222199,0.0,0,20,3780
25389.0,9408.56558222199,0.0,0,20,3780
25390.0,9408.56558222199,0.0,0,20,3780
25391.0,9408.56558222199,0.0,0,20,3780
25392.0,9408.56558222199,0.0,0,20,3780
25393.0,9408.56558222199,0.0,0,20,3780
25394.0,9408.56558222199,0.0,0,20,3780
25395.0,9408.56558222199,0.0,0,20,3780
25396.0,9408.56558222199,0.0,0,20,3780
25397.0,9408.56558222199,0.0,0,20,3780
25398.0,9408.56558222199,0.0,0,20,3780
25399.0,9408.56558222199,0.0,0,20,3780
25400.0,9408.56558222199,0.0,0,20,3780
25401.0,9408.56558222199,0.0,0,20,3780
25402.0,9408.56558222199,0.0,0,20,3780
25403.0,9408.56558222199,0.0,0,20,3780
25404.0,9408.56558222199,0.0,0,20,3780
25405.0,9408.56558222199,0.0,0,20,3780
25406.0,9408.56558222199,0.0,0,20,3780
25407.0,9408.56558222199,0.0,0,20,3780
25408.0,9408.56558222199,0.0,0,20,3780
25409.0,9408.56558222199,0.0,0,20,3780
25410.0,9408.56558222199,0.0,0,20,3780
25411.0,9408.56558222199,0.0,0,20,3780
25412.0,9408.56558222199,0.0,0,20,3780
25413.0,9408.56558222199,0.0,0,20,3780
25414.0,9408.56558222199,0.0,0,20,3780
25415.0,9408.56558222199,0.0,0,20,3780
25416.0,9408.56558222199,0.0,0,20,3780
25417.0,9408.56558222199,0.0,0,20,3780
25418.0,9408.56558222199,0.0,0,20,3780
25419.0,9408.56558222199,0.0,0,20,3780
25420.0,9408.56558222199,0.0,0,20,3780
25421.0,9408.56558222199,0.0,0,20,3780
25422.0,9408.56558222199,0.0,0,20,3780
25423.0,9408.56558222199,0.0,0,20,3780
25424.0,9408.56558222199,0.0,0,20,3780
25425.0,9408.56558222199,0.0,0,20,3780
25426.0,9408.56558222199,0.0,0,20,3780
25427.0,9408.56558222199,0.0,0,20,3780
25428.0,9408.56558222199,0.0,0,20,3780
25429.0,9408.56558222199,0.0,0,20,3780
25430.0,9408.56558222199,0.0,0,20,3780
25431.0,9408.56558222199,0.0,0,20,3780
25432.0,9408.56558222199,0.0,0,20,3780
25433.0,9408.56558222199,0.0,0,20,3780
25434.0,9408.56558222199,0.0,0,20,3780
25435.0,9408.56558222199,0.0,0,20,3780
25436.0,9408.56558222199,0.0,0,20,3780
25437.0,9408.56558222199,0.0,0,20,3780
25438.0,9408.56558222199,0.0,0,20,3780
25439.0,9408.56558222199,0.0,0,20,3780
25440.0,9408.56558222199,0.0,0,20,3780
25441.0,9408.56558222199,0.0,0,20,3780
25442.0,9408.56558222199,0.0,0,20,3780
25443.0,9408.56558222199,0.0,0,20,3780
25444.0,9408.56558222199,0.0,0,20,3780
25445.0,9408.56558222199,0.0,0,20,3780
25446.0,9408.56558222199,0.0,0,20,3780
25447.0,9408.56558222199,0.0,0,20,3780
25448.0,9408.56558222199,0.0,0,20,3780
25449.0,9408.56558222199,0.0,0,20,3780
25450.0,9408.56558222199,0.0,0,20,3780
25451.0,9408.56558222199,0.0,0,20,3780
25452.0,9408.56558222199,0.0,0,20,3780
25453.0,9408.56558222199,0.0,0,20,3780
25454.0,9408.56558222199,0.0,0,20,3780
25455.0,9408.56558222199,0.0,0,20,3780
25456.0,9408.56558222199,0.0,0,20,3780
25457.0,9408.56558222199,0.0,0,20,3780
25458.0,9408.56558222199,0.0,0,20,3780
25459.0,9408.56558222199,0.0,0,20,3780
25460.0,9408.56558222199,0.0,0,20,3780
25461.0,9408.56558222199,0.0,0,20,3780
25462.0,9408.56558222199,0.0,0,20,3780
25463.0,9408.56558222199,0.0,0,20,3780
25464.0,9408.56558222199,0.0,0,20,3780
25465.0,9408.56558222199,0.0,0,20,3780
25466.0,9408.56558222199,0.0,0,20,3780
25467.0,9408.56558222199,0.0,0,20,3780
25468.0,9408.56558222199,0.0,0,20,3780
25469.0,9408.56558222199,0.0,0,20,3780
25470.0,9408.56558222199,0.0,0,20,3780
25471.0,9408.56558222199,0.0,0,20,3780
25472.0,9408.56558222199,0.0,0,20,3780
25473.0,9408.56558222199,0.0,0,20,3780
25474.0,9408.56558222199,0.0,0,20,3780
25475.0,9408.56558222199,0.0,0,20,3780
25476.0,9408.56558222199,0.0,0,20,3780
25477.0,9408.56558222199,0.0,0,20,3780
25478.0,9408.56558222199,0.0,0,20,3780
25479.0,9408.56558222199,0.0,0,20,3780
25480.0,9408.56558222199,0.0,0,20,3780
25481.0,9408.56558222199,0.0,0,20,3780
25482.0,9408.56558222199,0.0,0,20,3780
25483.0,9408.56558222199,0.0,0,20,3780
25484.0,9408.56558222199,0.0,0,20,3780
25485.0,9408.56558222199,0.0,0,20,3780
25486.0,9408.56558222199,0.0,0,20,3780
25487.0,9408.56558222199,0.0,0,20,3780
25488.0,9408.56558222199,0.0,0,20,3780
25489.0,9408.56558222199,0.0,0,20,3780
25490.0,9408.56558222199,0.0,0,20,3780
25491.0,9408.56558222199,0.0,0,20,3780
25492.0,9408.56558222199,0.0,0,20,3780
25493.0,9408.56558222199,0.0,0,20,3780
25494.0,9408.56558222199,0.0,0,20,3780
25495.0,9408.56558222199,0.0,0,20,3780
25496.0,9408.56558222199,0.0,0,20,3780
25497.0,9408.56558222199,0.0,0,20,3780
25498.0,9408.56558222199,0.0,0,20,3780
25499.0,9408.56558222199,0.0,0,20,3780
25500.0,9408.56558222199,0.0,0,20,3780
25501.0,9408.56558222199,0.0,0,20,3780
25502.0,9408.56558222199,0.0,0,20,3780
25503.0,9408.56558222199,0.0,0,20,3780
25504.0,9408.56558222199,0.0,0,20,3780
25505.0,9408.56558222199,0.0,0,20,3780
25506.0,9408.56558222199,0.0,0,20,3780
25507.0,9408.56558222199,0.0,0,20,3780
25508.0,9408.56558222199,0.0,0,20,3780
25509.0,9408.56558222199,0.0,0,20,3780
25510.0,9408.56558222199,0.0,0,20,3780
25511.0,9408.56558222199,0.0,0,20,3780
25512.0,9408.56558222199,0.0,0,20,3780
25513.0,9408.56558222199,0.0,0,20,3780
25514.0,9408.56558222199,0.0,0,20,3780
25515.0,9408.56558222199,0.0,0,20,3780
25516.0,9408.56558222199,0.0,0,20,3780
25517.0,9408.56558222199,0.0,0,20,3780
25518.0,9408.56558222199,0.0,0,20,3780
25519.0,9408.56558222199,0.0,0,20,3780
25520.0,9408.56558222199,0.0,0,20,3780
25521.0,9408.56558222199,0.0,0,20,3780
25522.0,9408.56558222199,0.0,0,20,3780
25523.0,9408.56558222199,0.0,0,20,3780
25524.0,9408.56558222199,0.0,0,20,3780
25525.0,9408.56558222199,0.0,0,20,3780
25526.0,9408.56558222199,0.0,0,20,3780
25527.0,9408.56558222199,0.0,0,20,3780
25528.0,9408.56558222199,0.0,0,20,3780
25529.0,9408.56558222199,0.0,0,20,3780
25530.0,9408.56558222199,0.0,0,20,3780
25531.0,9408.56558222199,0.0,0,20,3780
25532.0,9408.56558222199,0.0,0,20,3780
25533.0,9408.56558222199,0.0,0,20,3780
25534.0,9408.56558222199,0.0,0,20,3780
25535.0,9408.56558222199,0.0,0,20,3780
25536.0,9408.56558222199,0.0,0,20,3780
25537.0,9408.56558222199,0.0,0,20,3780
25538.0,9408.56558222199,0.0,0,20,3780
25539.0,9408.56558222199,0.0,0,20,3780
25540.0,9408.56558222199,0.0,0,20,3780
25541.0,9408.56558222199,0.0,0,20,3780
25542.0,9408.56558222199,0.0,0,20,3780
25543.0,9408.56558222199,0.0,0,20,3780
25544.0,9408.56558222199,0.0,0,20,3780
25545.0,9408.56558222199,0.0,0,20,3780
25546.0,9408.56558222199,0.0,0,20,3780
25547.0,9408.56558222199,0.0,0,20,3780
25548.0,9408.56558222199,0.0,0,20,3780
25549.0,9408.56558222199,0.0,0,20,3780
25550.0,9408.56558222199,0.0,0,20,3780
25551.0,9408.56558222199,0.0,0,20,3780
25552.0,9408.56558222199,0.0,0,20,3780
25553.0,9408.56558222199,0.0,0,20,3780
25554.0,9408.56558222199,0.0,0,20,3780
25555.0,9408.56558222199,0.0,0,20,3780
25556.0,9408.56558222199,0.0,0,20,3780
25557.0,9408.56558222199,0.0,0,20,3780
25558.0,9408.56558222199,0.0,0,20,3780
25559.0,9408.56558222199,0.0,0,20,3780
25560.0,9408.56558222199,0.0,0,20,3780
25561.0,9408.56558222199,0.0,0,20,3780
25562.0,9408.56558222199,0.0,0,20,3780
25563.0,9408.56558222199,0.0,0,20,3780
25564.0,9408.56558222199,0.0,0,20,3780
25565.0,9408.56558222199,0.0,0,20,3780
25566.0,9408.56558222199,0.0,0,20,3780
25567.0,9408.56558222199,0.0,0,20,3780
25568.0,9408.56558222199,0.0,0,20,3780
25569.0,9408.56558222199,0.0,0,20,3780
25570.0,9408.56558222199,0.0,0,20,3780
25571.0,9408.56558222199,0.0,0,20,3780
25572.0,9408.56558222199,0.0,0,20,3780
25573.0,9408.56558222199,0.0,0,20,3780
25574.0,9408.56558222199,0.0,0,20,3780
25575.0,9408.56558222199,0.0,0,20,3780
25576.0,9408.56558222199,0.0,0,20,3780
25577.0,9408.56558222199,0.0,0,20,3780
25578.0,9408.56558222199,0.0,0,20,3780
25579.0,9408.56558222199,0.0,0,20,3780
25580.0,9408.56558222199,0.0,0,20,3780
25581.0,9408.56558222199,0.0,0,20,3780
25582.0,9408.56558222199,0.0,0,20,3780
25583.0,9408.56558222199,0.0,0,20,3780
25584.0,9408.56558222199,0.0,0,20,3780
25585.0,9408.56558222199,0.0,0,20,3780
25586.0,9408.56558222199,0.0,0,20,3780
25587.0,9408.56558222199,0.0,0,20,3780
25588.0,9408.56558222199,0.0,0,20,3780
25589.0,9408.56558222199,0.0,0,20,3780
25590.0,9408.56558222199,0.0,0,20,3780
25591.0,9408.56558222199,0.0,0,20,3780
25592.0,9408.56558222199,0.0,0,20,3780
25593.0,9408.56558222199,0.0,0,20,3780
25594.0,9408.56558222199,0.0,0,20,3780
25595.0,9408.56558222199,0.0,0,20,3780
25596.0,9408.56558222199,0.0,0,20,3780
25597.0,9408.56558222199,0.0,0,20,3780
25598.0,9408.56558222199,0.0,0,20,3780
25599.0,9408.56558222199,0.0,0,20,3780
25600.0,9408.56558222199,0.0,0,20,3780
25601.0,9408.56558222199,0.0,0,20,3780
25602.0,9408.56558222199,0.0,0,20,3780
25603.0,9408.56558222199,0.0,0,20,3780
25604.0,9408.56558222199,0.0,0,20,3780
25605.0,9408.56558222199,0.0,0,20,3780
25606.0,9408.56558222199,0.0,0,20,3780
25607.0,9408.56558222199,0.0,0,20,3780
25608.0,9408.56558222199,0.0,0,20,3780
25609.0,9408.56558222199,0.0,0,20,3780
25610.0,9408.56558222199,0.0,0,20,3780
25611.0,9408.56558222199,0.0,0,20,3780
25612.0,9408.56558222199,0.0,0,20,3780
25613.0,9408.56558222199,0.0,0,20,3780
25614.0,9408.56558222199,0.0,0,20,3780
25615.0,9408.56558222199,0.0,0,20,3780
25616.0,9408.56558222199,0.0,0,20,3780
25617.0,9408.56558222199,0.0,0,20,3780
25618.0,9408.56558222199,0.0,0,20,3780
25619.0,9408.56558222199,0.0,0,20,3780
25620.0,9408.56558222199,0.0,0,20,3780
25621.0,9408.56558222199,0.0,0,20,3780
25622.0,9408.56558222199,0.0,0,20,3780
25623.0,9408.56558222199,0.0,0,20,3780
25624.0,9408.56558222199,0.0,0,20,3780
25625.0,9408.56558222199,0.0,0,20,3780
25626.0,9408.56558222199,0.0,0,20,3780
25627.0,9408.56558222199,0.0,0,20,3780
25628.0,9408.56558222199,0.0,0,20,3780
25629.0,9408.56558222199,0.0,0,20,3780
25630.0,9408.56558222199,0.0,0,20,3780
25631.0,9408.56558222199,0.0,0,20,3780
25632.0,9408.56558222199,0.0,0,20,3780
25633.0,9408.56558222199,0.0,0,20,3780
25634.0,9408.56558222199,0.0,0,20,3780
25635.0,9408.56558222199,0.0,0,20,3780
25636.0,9408.56558222199,0.0,0,20,3780
25637.0,9408.56558222199,0.0,0,20,3780
25638.0,9408.56558222199,0.0,0,20,3780
25639.0,9408.56558222199,0.0,0,20,3780
25640.0,9408.56558222199,0.0,0,20,3780
25641.0,9408.56558222199,0.0,0,20,3780
25642.0,9408.56558222199,0.0,0,20,3780
25643.0,9408.56558222199,0.0,0,20,3780
25644.0,9408.56558222199,0.0,0,20,3780
25645.0,9408.56558222199,0.0,0,20,3780
25646.0,9408.56558222199,0.0,0,20,3780
25647.0,9408.56558222199,0.0,0,20,3780
25648.0,9408.56558222199,0.0,0,20,3780
25649.0,9408.56558222199,0.0,0,20,3780
25650.0,9408.56558222199,0.0,0,20,3780
25651.0,9408.56558222199,0.0,0,20,3780
25652.0,9408.56558222199,0.0,0,20,3780
25653.0,9408.56558222199,0.0,0,20,3780
25654.0,9408.56558222199,0.0,0,20,3780
25655.0,9408.56558222199,0.0,0,20,3780
25656.0,9408.56558222199,0.0,0,20,3780
25657.0,9408.56558222199,0.0,0,20,3780
25658.0,9408.56558222199,0.0,0,20,3780
25659.0,9408.56558222199,0.0,0,20,3780
25660.0,9408.56558222199,0.0,0,20,3780
25661.0,9408.56558222199,0.0,0,20,3780
25662.0,9408.56558222199,0.0,0,20,3780
25663.0,9408.56558222199,0.0,0,20,3780
25664.0,9408.56558222199,0.0,0,20,3780
25665.0,9408.56558222199,0.0,0,20,3780
25666.0,9408.56558222199,0.0,0,20,3780
25667.0,9408.56558222199,0.0,0,20,3780
25668.0,9408.56558222199,0.0,0,20,3780
25669.0,9408.56558222199,0.0,0,20,3780
25670.0,9408.56558222199,0.0,0,20,3780
25671.0,9408.56558222199,0.0,0,20,3780
25672.0,9408.56558222199,0.0,0,20,3780
25673.0,9408.56558222199,0.0,0,20,3780
25674.0,9408.56558222199,0.0,0,20,3780
25675.0,9408.56558222199,0.0,0,20,3780
25676.0,9408.56558222199,0.0,0,20,3780
25677.0,9408.56558222199,0.0,0,20,3780
25678.0,9408.56558222199,0.0,0,20,3780
25679.0,9408.56558222199,0.0,0,20,3780
25680.0,9408.56558222199,0.0,0,20,3780
25681.0,9408.56558222199,0.0,0,20,3780
25682.0,9408.56558222199,0.0,0,20,3780
25683.0,9408.56558222199,0.0,0,20,3780
25684.0,9408.56558222199,0.0,0,20,3780
25685.0,9408.56558222199,0.0,0,20,3780
25686.0,9408.56558222199,0.0,0,20,3780
25687.0,9408.56558222199,0.0,0,20,3780
25688.0,9408.56558222199,0.0,0,20,3780
25689.0,9408.56558222199,0.0,0,20,3780
25690.0,9408.56558222199,0.0,0,20,3780
25691.0,9408.56558222199,0.0,0,20,3780
25692.0,9408.56558222199,0.0,0,20,3780
25693.0,9408.56558222199,0.0,0,20,3780
25694.0,9408.56558222199,0.0,0,20,3780
25695.0,9408.56558222199,0.0,0,20,3780
25696.0,9408.56558222199,0.0,0,20,3780
25697.0,9408.56558222199,0.0,0,20,3780
25698.0,9408.56558222199,0.0,0,20,3780
25699.0,9408.56558222199,0.0,0,20,3780
25700.0,9408.56558222199,0.0,0,20,3780
25701.0,9408.56558222199,0.0,0,20,3780
25702.0,9408.56558222199,0.0,0,20,3780
25703.0,9408.56558222199,0.0,0,20,3780
25704.0,9408.56558222199,0.0,0,20,3780
25705.0,9408.56558222199,0.0,0,20,3780
25706.0,9408.56558222199,0.0,0,20,3780
25707.0,9408.56558222199,0.0,0,20,3780
25708.0,9408.56558222199,0.0,0,20,3780
25709.0,9408.56558222199,0.0,0,20,3780
25710.0,9408.56558222199,0.0,0,20,3780
25711.0,9408.56558222199,0.0,0,20,3780
25712.0,9408.56558222199,0.0,0,20,3780
25713.0,9408.56558222199,0.0,0,20,3780
25714.0,9408.56558222199,0.0,0,20,3780
25715.0,9408.56558222199,0.0,0,20,3780
25716.0,9408.56558222199,0.0,0,20,3780
25717.0,9408.56558222199,0.0,0,20,3780
25718.0,9408.56558222199,0.0,0,20,3780
25719.0,9408.56558222199,0.0,0,20,3780
25720.0,9408.56558222199,0.0,0,20,3780
25721.0,9408.56558222199,0.0,0,20,3780
25722.0,9408.56558222199,0.0,0,20,3780
25723.0,9408.56558222199,0.0,0,20,3780
25724.0,9408.56558222199,0.0,0,20,3780
25725.0,9408.56558222199,0.0,0,20,3780
25726.0,9408.56558222199,0.0,0,20,3780
25727.0,9408.56558222199,0.0,0,20,3780
25728.0,9408.56558222199,0.0,0,20,3780
25729.0,9408.56558222199,0.0,0,20,3780
25730.0,9408.56558222199,0.0,0,20,3780
25731.0,9408.56558222199,0.0,0,20,3780
25732.0,9408.56558222199,0.0,0,20,3780
25733.0,9408.56558222199,0.0,0,20,3780
25734.0,9408.56558222199,0.0,0,20,3780
25735.0,9408.56558222199,0.0,0,20,3780
25736.0,9408.56558222199,0.0,0,20,3780
25737.0,9408.56558222199,0.0,0,20,3780
25738.0,9408.56558222199,0.0,0,20,3780
25739.0,9408.56558222199,0.0,0,20,3780
25740.0,9408.56558222199,0.0,0,20,3780
25741.0,9408.56558222199,0.0,0,20,3780
25742.0,9408.56558222199,0.0,0,20,3780
25743.0,9408.56558222199,0.0,0,20,3780
25744.0,9408.56558222199,0.0,0,20,3780
25745.0,9408.56558222199,0.0,0,20,3780
25746.0,9408.56558222199,0.0,0,20,3780
25747.0,9408.56558222199,0.0,0,20,3780
25748.0,9408.56558222199,0.0,0,20,3780
25749.0,9408.56558222199,0.0,0,20,3780
25750.0,9408.56558222199,0.0,0,20,3780
25751.0,9408.56558222199,0.0,0,20,3780
25752.0,9408.56558222199,0.0,0,20,3780
25753.0,9408.56558222199,0.0,0,20,3780
25754.0,9408.56558222199,0.0,0,20,3780
25755.0,9408.56558222199,0.0,0,20,3780
25756.0,9408.56558222199,0.0,0,20,3780
25757.0,9408.56558222199,0.0,0,20,3780
25758.0,9408.56558222199,0.0,0,20,3780
25759.0,9408.56558222199,0.0,0,20,3780
25760.0,9408.56558222199,0.0,0,20,3780
25761.0,9408.56558222199,0.0,0,20,3780
25762.0,9408.56558222199,0.0,0,20,3780
25763.0,9408.56558222199,0.0,0,20,3780
25764.0,9408.56558222199,0.0,0,20,3780
25765.0,9408.56558222199,0.0,0,20,3780
25766.0,9408.56558222199,0.0,0,20,3780
25767.0,9408.56558222199,0.0,0,20,3780
25768.0,9408.56558222199,0.0,0,20,3780
25769.0,9408.56558222199,0.0,0,20,3780
25770.0,9408.56558222199,0.0,0,20,3780
25771.0,9408.56558222199,0.0,0,20,3780
25772.0,9408.56558222199,0.0,0,20,3780
25773.0,9408.56558222199,0.0,0,20,3780
25774.0,9408.56558222199,0.0,0,20,3780
25775.0,9408.56558222199,0.0,0,20,3780
25776.0,9408.56558222199,0.0,0,20,3780
25777.0,9408.56558222199,0.0,0,20,3780
25778.0,9408.56558222199,0.0,0,20,3780
25779.0,9408.56558222199,0.0,0,20,3780
25780.0,9408.56558222199,0.0,0,20,3780
25781.0,9408.56558222199,0.0,0,20,3780
25782.0,9408.56558222199,0.0,0,20,3780
25783.0,9408.56558222199,0.0,0,20,3780
25784.0,9408.56558222199,0.0,0,20,3780
25785.0,9408.56558222199,0.0,0,20,3780
25786.0,9408.56558222199,0.0,0,20,3780
25787.0,9408.56558222199,0.0,0,20,3780
25788.0,9408.56558222199,0.0,0,20,3780
25789.0,9408.56558222199,0.0,0,20,3780
25790.0,9408.56558222199,0.0,0,20,3780
25791.0,9408.56558222199,0.0,0,20,3780
25792.0,9408.56558222199,0.0,0,20,3780
25793.0,9408.56558222199,0.0,0,20,3780
25794.0,9408.56558222199,0.0,0,20,3780
25795.0,9408.56558222199,0.0,0,20,3780
25796.0,9408.56558222199,0.0,0,20,3780
25797.0,9408.56558222199,0.0,0,20,3780
25798.0,9408.56558222199,0.0,0,20,3780
25799.0,9408.56558222199,0.0,0,20,3780
25800.0,9408.56558222199,0.0,0,20,3780
25801.0,9408.56558222199,0.0,0,20,3780
25802.0,9408.56558222199,0.0,0,20,3780
25803.0,9408.56558222199,0.0,0,20,3780
25804.0,9408.56558222199,0.0,0,20,3780
25805.0,9408.56558222199,0.0,0,20,3780
25806.0,9408.56558222199,0.0,0,20,3780
25807.0,9408.56558222199,0.0,0,20,3780
25808.0,9408.56558222199,0.0,0,20,3780
25809.0,9408.56558222199,0.0,0,20,3780
25810.0,9408.56558222199,0.0,0,20,3780
25811.0,9408.56558222199,0.0,0,20,3780
25812.0,9408.56558222199,0.0,0,20,3780
25813.0,9408.56558222199,0.0,0,20,3780
25814.0,9408.56558222199,0.0,0,20,3780
25815.0,9408.56558222199,0.0,0,20,3780
25816.0,9408.56558222199,0.0,0,20,3780
25817.0,9408.56558222199,0.0,0,20,3780
25818.0,9408.56558222199,0.0,0,20,3780
25819.0,9408.56558222199,0.0,0,20,3780
25820.0,9408.56558222199,0.0,0,20,3780
25821.0,9408.56558222199,0.0,0,20,3780
25822.0,9408.56558222199,0.0,0,20,3780
25823.0,9408.56558222199,0.0,0,20,3780
25824.0,9408.56558222199,0.0,0,20,3780
25825.0,9408.56558222199,0.0,0,20,3780
25826.0,9408.56558222199,0.0,0,20,3780
25827.0,9408.56558222199,0.0,0,20,3780
25828.0,9408.56558222199,0.0,0,20,3780
25829.0,9408.56558222199,0.0,0,20,3780
25830.0,9408.56558222199,0.0,0,20,3780
25831.0,9408.56558222199,0.0,0,20,3780
25832.0,9408.56558222199,0.0,0,20,3780
25833.0,9408.56558222199,0.0,0,20,3780
25834.0,9408.56558222199,0.0,0,20,3780
25835.0,9408.56558222199,0.0,0,20,3780
25836.0,9408.56558222199,0.0,0,20,3780
25837.0,9408.56558222199,0.0,0,20,3780
25838.0,9408.56558222199,0.0,0,20,3780
25839.0,9408.56558222199,0.0,0,20,3780
25840.0,9408.56558222199,0.0,0,20,3780
25841.0,9408.56558222199,0.0,0,20,3780
25842.0,9408.56558222199,0.0,0,20,3780
25843.0,9408.56558222199,0.0,0,20,3780
25844.0,9408.56558222199,0.0,0,20,3780
25845.0,9408.56558222199,0.0,0,20,3780
25846.0,9408.56558222199,0.0,0,20,3780
25847.0,9408.56558222199,0.0,0,20,3780
25848.0,9408.56558222199,0.0,0,20,3780
25849.0,9408.56558222199,0.0,0,20,3780
25850.0,9408.56558222199,0.0,0,20,3780
25851.0,9408.56558222199,0.0,0,20,3780
25852.0,9408.56558222199,0.0,0,20,3780
25853.0,9408.56558222199,0.0,0,20,3780
25854.0,9408.56558222199,0.0,0,20,3780
25855.0,9408.56558222199,0.0,0,20,3780
25856.0,9408.56558222199,0.0,0,20,3780
25857.0,9408.56558222199,0.0,0,20,3780
25858.0,9408.56558222199,0.0,0,20,3780
25859.0,9408.56558222199,0.0,0,20,3780
25860.0,9408.56558222199,0.0,0,20,3780
25861.0,9408.56558222199,0.0,0,20,3780
25862.0,9408.56558222199,0.0,0,20,3780
25863.0,9408.56558222199,0.0,0,20,3780
25864.0,9408.56558222199,0.0,0,20,3780
25865.0,9408.56558222199,0.0,0,20,3780
25866.0,9408.56558222199,0.0,0,20,3780
25867.0,9408.56558222199,0.0,0,20,3780
25868.0,9408.56558222199,0.0,0,20,3780
25869.0,9408.56558222199,0.0,0,20,3780
25870.0,9408.56558222199,0.0,0,20,3780
25871.0,9408.56558222199,0.0,0,20,3780
25872.0,9408.56558222199,0.0,0,20,3780
25873.0,9408.56558222199,0.0,0,20,3780
25874.0,9408.56558222199,0.0,0,20,3780
25875.0,9408.56558222199,0.0,0,20,3780
25876.0,9408.56558222199,0.0,0,20,3780
25877.0,9408.56558222199,0.0,0,20,3780
25878.0,9408.56558222199,0.0,0,20,3780
25879.0,9408.56558222199,0.0,0,20,3780
25880.0,9408.56558222199,0.0,0,20,3780
25881.0,9408.56558222199,0.0,0,20,3780
25882.0,9408.56558222199,0.0,0,20,3780
25883.0,9408.56558222199,0.0,0,20,3780
25884.0,9408.56558222199,0.0,0,20,3780
25885.0,9408.56558222199,0.0,0,20,3780
25886.0,9408.56558222199,0.0,0,20,3780
25887.0,9408.56558222199,0.0,0,20,3780
25888.0,9408.56558222199,0.0,0,20,3780
25889.0,9408.56558222199,0.0,0,20,3780
25890.0,9408.56558222199,0.0,0,20,3780
25891.0,9408.56558222199,0.0,0,20,3780
25892.0,9408.56558222199,0.0,0,20,3780
25893.0,9408.56558222199,0.0,0,20,3780
25894.0,9408.56558222199,0.0,0,20,3780
25895.0,9408.56558222199,0.0,0,20,3780
25896.0,9408.56558222199,0.0,0,20,3780
25897.0,9408.56558222199,0.0,0,20,3780
25898.0,9408.56558222199,0.0,0,20,3780
25899.0,9408.56558222199,0.0,0,20,3780
25900.0,9408.56558222199,0.0,0,20,3780
25901.0,9408.56558222199,0.0,0,20,3780
25902.0,9408.56558222199,0.0,0,20,3780
25903.0,9408.56558222199,0.0,0,20,3780
25904.0,9408.56558222199,0.0,0,20,3780
25905.0,9408.56558222199,0.0,0,20,3780
25906.0,9408.56558222199,0.0,0,20,3780
25907.0,9408.56558222199,0.0,0,20,3780
25908.0,9408.56558222199,0.0,0,20,3780
25909.0,9408.56558222199,0.0,0,20,3780
25910.0,9408.56558222199,0.0,0,20,3780
25911.0,9408.56558222199,0.0,0,20,3780
25912.0,9408.56558222199,0.0,0,20,3780
25913.0,9408.56558222199,0.0,0,20,3780
25914.0,9408.56558222199,0.0,0,20,3780
25915.0,9408.56558222199,0.0,0,20,3780
25916.0,9408.56558222199,0.0,0,20,3780
25917.0,9408.56558222199,0.0,0,20,3780
25918.0,9408.56558222199,0.0,0,20,3780
25919.0,9408.56558222199,0.0,0,20,3780
25920.0,9408.56558222199,0.0,0,20,3780
25921.0,9408.56558222199,0.0,0,20,3780
25922.0,9408.56558222199,0.0,0,20,3780
25923.0,9408.56558222199,0.0,0,20,3780
25924.0,9408.56558222199,0.0,0,20,3780
25925.0,9408.56558222199,0.0,0,20,3780
25926.0,9408.56558222199,0.0,0,20,3780
25927.0,9408.56558222199,0.0,0,20,3780
25928.0,9408.56558222199,0.0,0,20,3780
25929.0,9408.56558222199,0.0,0,20,3780
25930.0,9408.56558222199,0.0,0,20,3780
25931.0,9408.56558222199,0.0,0,20,3780
25932.0,9408.56558222199,0.0,0,20,3780
25933.0,9408.56558222199,0.0,0,20,3780
25934.0,9408.56558222199,0.0,0,20,3780
25935.0,9408.56558222199,0.0,0,20,3780
25936.0,9408.56558222199,0.0,0,20,3780
25937.0,9408.56558222199,0.0,0,20,3780
25938.0,9408.56558222199,0.0,0,20,3780
25939.0,9408.56558222199,0.0,0,20,3780
25940.0,9408.56558222199,0.0,0,20,3780
25941.0,9408.56558222199,0.0,0,20,3780
25942.0,9408.56558222199,0.0,0,20,3780
25943.0,9408.56558222199,0.0,0,20,3780
25944.0,9408.56558222199,0.0,0,20,3780
25945.0,9408.56558222199,0.0,0,20,3780
25946.0,9408.56558222199,0.0,0,20,3780
25947.0,9408.56558222199,0.0,0,20,3780
25948.0,9408.56558222199,0.0,0,20,3780
25949.0,9408.56558222199,0.0,0,20,3780
25950.0,9408.56558222199,0.0,0,20,3780
25951.0,9408.56558222199,0.0,0,20,3780
25952.0,9408.56558222199,0.0,0,20,3780
25953.0,9408.56558222199,0.0,0,20,3780
25954.0,9408.56558222199,0.0,0,20,3780
25955.0,9408.56558222199,0.0,0,20,3780
25956.0,9408.56558222199,0.0,0,20,3780
25957.0,9408.56558222199,0.0,0,20,3780
25958.0,9408.56558222199,0.0,0,20,3780
25959.0,9408.56558222199,0.0,0,20,3780
25960.0,9408.56558222199,0.0,0,20,3780
25961.0,9408.56558222199,0.0,0,20,3780
25962.0,9408.56558222199,0.0,0,20,3780
25963.0,9408.56558222199,0.0,0,20,3780
25964.0,9408.56558222199,0.0,0,20,3780
25965.0,9408.56558222199,0.0,0,20,3780
25966.0,9408.56558222199,0.0,0,20,3780
25967.0,9408.56558222199,0.0,0,20,3780
25968.0,9408.56558222199,0.0,0,20,3780
25969.0,9408.56558222199,0.0,0,20,3780
25970.0,9408.56558222199,0.0,0,20,3780
25971.0,9408.56558222199,0.0,0,20,3780
25972.0,9408.56558222199,0.0,0,20,3780
25973.0,9408.56558222199,0.0,0,20,3780
25974.0,9408.56558222199,0.0,0,20,3780
25975.0,9408.56558222199,0.0,0,20,3780
25976.0,9408.56558222199,0.0,0,20,3780
25977.0,9408.56558222199,0.0,0,20,3780
25978.0,9408.56558222199,0.0,0,20,3780
25979.0,9408.56558222199,0.0,0,20,3780
25980.0,9408.56558222199,0.0,0,20,3780
25981.0,9408.56558222199,0.0,0,20,3780
25982.0,9408.56558222199,0.0,0,20,3780
25983.0,9408.56558222199,0.0,0,20,3780
25984.0,9408.56558222199,0.0,0,20,3780
25985.0,9408.56558222199,0.0,0,20,3780
25986.0,9408.56558222199,0.0,0,20,3780
25987.0,9408.56558222199,0.0,0,20,3780
25988.0,9408.56558222199,0.0,0,20,3780
25989.0,9408.56558222199,0.0,0,20,3780
25990.0,9408.56558222199,0.0,0,20,3780
25991.0,9408.56558222199,0.0,0,20,3780
25992.0,9408.56558222199,0.0,0,20,3780
25993.0,9408.56558222199,0.0,0,20,3780
25994.0,9408.56558222199,0.0,0,20,3780
25995.0,9408.56558222199,0.0,0,20,3780
25996.0,9408.56558222199,0.0,0,20,3780
25997.0,9408.56558222199,0.0,0,20,3780
25998.0,9408.56558222199,0.0,0,20,3780
25999.0,9408.56558222199,0.0,0,20,3780
26000.0,9408.56558222199,0.0,0,20,3780
26001.0,9408.56558222199,0.0,0,20,3780
26002.0,9408.56558222199,0.0,0,20,3780
26003.0,9408.56558222199,0.0,0,20,3780
26004.0,9408.56558222199,0.0,0,20,3780
26005.0,9408.56558222199,0.0,0,20,3780
26006.0,9408.56558222199,0.0,0,20,3780
26007.0,9408.56558222199,0.0,0,20,3780
26008.0,9408.56558222199,0.0,0,20,3780
26009.0,9408.56558222199,0.0,0,20,3780
26010.0,9408.56558222199,0.0,0,20,3780
26011.0,9408.56558222199,0.0,0,20,3780
26012.0,9408.56558222199,0.0,0,20,3780
26013.0,9408.56558222199,0.0,0,20,3780
26014.0,9408.56558222199,0.0,0,20,3780
26015.0,9408.56558222199,0.0,0,20,3780
26016.0,9408.56558222199,0.0,0,20,3780
26017.0,9408.56558222199,0.0,0,20,3780
26018.0,9408.56558222199,0.0,0,20,3780
26019.0,9408.56558222199,0.0,0,20,3780
26020.0,9408.56558222199,0.0,0,20,3780
26021.0,9408.56558222199,0.0,0,20,3780
26022.0,9408.56558222199,0.0,0,20,3780
26023.0,9408.56558222199,0.0,0,20,3780
26024.0,9408.56558222199,0.0,0,20,3780
26025.0,9408.56558222199,0.0,0,20,3780
26026.0,9408.56558222199,0.0,0,20,3780
26027.0,9408.56558222199,0.0,0,20,3780
26028.0,9408.56558222199,0.0,0,20,3780
26029.0,9408.56558222199,0.0,0,20,3780
26030.0,9408.56558222199,0.0,0,20,3780
26031.0,9408.56558222199,0.0,0,20,3780
26032.0,9408.56558222199,0.0,0,20,3780
26033.0,9408.56558222199,0.0,0,20,3780
26034.0,9408.56558222199,0.0,0,20,3780
26035.0,9408.56558222199,0.0,0,20,3780
26036.0,9408.56558222199,0.0,0,20,3780
26037.0,9408.56558222199,0.0,0,20,3780
26038.0,9408.56558222199,0.0,0,20,3780
26039.0,9408.56558222199,0.0,0,20,3780
26040.0,9408.56558222199,0.0,0,20,3780
26041.0,9408.56558222199,0.0,0,20,3780
26042.0,9408.56558222199,0.0,0,20,3780
26043.0,9408.56558222199,0.0,0,20,3780
26044.0,9408.56558222199,0.0,0,20,3780
26045.0,9408.56558222199,0.0,0,20,3780
26046.0,9408.56558222199,0.0,0,20,3780
26047.0,9408.56558222199,0.0,0,20,3780
26048.0,9408.56558222199,0.0,0,20,3780
26049.0,9408.56558222199,0.0,0,20,3780
26050.0,9408.56558222199,0.0,0,20,3780
26051.0,9408.56558222199,0.0,0,20,3780
26052.0,9408.56558222199,0.0,0,20,3780
26053.0,9408.56558222199,0.0,0,20,3780
26054.0,9408.56558222199,0.0,0,20,3780
26055.0,9408.56558222199,0.0,0,20,3780
26056.0,9408.56558222199,0.0,0,20,3780
26057.0,9408.56558222199,0.0,0,20,3780
26058.0,9408.56558222199,0.0,0,20,3780
26059.0,9408.56558222199,0.0,0,20,3780
26060.0,9408.56558222199,0.0,0,20,3780
26061.0,9408.56558222199,0.0,0,20,3780
26062.0,9408.56558222199,0.0,0,20,3780
26063.0,9408.56558222199,0.0,0,20,3780
26064.0,9408.56558222199,0.0,0,20,3780
26065.0,9408.56558222199,0.0,0,20,3780
26066.0,9408.56558222199,0.0,0,20,3780
26067.0,9408.56558222199,0.0,0,20,3780
26068.0,9408.56558222199,0.0,0,20,3780
26069.0,9408.56558222199,0.0,0,20,3780
26070.0,9408.56558222199,0.0,0,20,3780
26071.0,9408.56558222199,0.0,0,20,3780
26072.0,9408.56558222199,0.0,0,20,3780
26073.0,9408.56558222199,0.0,0,20,3780
26074.0,9408.56558222199,0.0,0,20,3780
26075.0,9408.56558222199,0.0,0,20,3780
26076.0,9408.56558222199,0.0,0,20,3780
26077.0,9408.56558222199,0.0,0,20,3780
26078.0,9408.56558222199,0.0,0,20,3780
26079.0,9408.56558222199,0.0,0,20,3780
26080.0,9408.56558222199,0.0,0,20,3780
26081.0,9408.56558222199,0.0,0,20,3780
26082.0,9408.56558222199,0.0,0,20,3780
26083.0,9408.56558222199,0.0,0,20,3780
26084.0,9408.56558222199,0.0,0,20,3780
26085.0,9408.56558222199,0.0,0,20,3780
26086.0,9408.56558222199,0.0,0,20,3780
26087.0,9408.56558222199,0.0,0,20,3780
26088.0,9408.56558222199,0.0,0,20,3780
26089.0,9408.56558222199,0.0,0,20,3780
26090.0,9408.56558222199,0.0,0,20,3780
26091.0,9408.56558222199,0.0,0,20,3780
26092.0,9408.56558222199,0.0,0,20,3780
26093.0,9408.56558222199,0.0,0,20,3780
26094.0,9408.56558222199,0.0,0,20,3780
26095.0,9408.56558222199,0.0,0,20,3780
26096.0,9408.56558222199,0.0,0,20,3780
26097.0,9408.56558222199,0.0,0,20,3780
26098.0,9408.56558222199,0.0,0,20,3780
26099.0,9408.56558222199,0.0,0,20,3780
26100.0,9408.56558222199,0.0,0,20,3780
26101.0,9408.56558222199,0.0,0,20,3780
26102.0,9408.56558222199,0.0,0,20,3780
26103.0,9408.56558222199,0.0,0,20,3780
26104.0,9408.56558222199,0.0,0,20,3780
26105.0,9408.56558222199,0.0,0,20,3780
26106.0,9408.56558222199,0.0,0,20,3780
26107.0,9408.56558222199,0.0,0,20,3780
26108.0,9408.56558222199,0.0,0,20,3780
26109.0,9408.56558222199,0.0,0,20,3780
26110.0,9408.56558222199,0.0,0,20,3780
26111.0,9408.56558222199,0.0,0,20,3780
26112.0,9408.56558222199,0.0,0,20,3780
26113.0,9408.56558222199,0.0,0,20,3780
26114.0,9408.56558222199,0.0,0,20,3780
26115.0,9408.56558222199,0.0,0,20,3780
26116.0,9408.56558222199,0.0,0,20,3780
26117.0,9408.56558222199,0.0,0,20,3780
26118.0,9408.56558222199,0.0,0,20,3780
26119.0,9408.56558222199,0.0,0,20,3780
26120.0,9408.56558222199,0.0,0,20,3780
26121.0,9408.56558222199,0.0,0,20,3780
26122.0,9408.56558222199,0.0,0,20,3780
26123.0,9408.56558222199,0.0,0,20,3780
26124.0,9408.56558222199,0.0,0,20,3780
26125.0,9408.56558222199,0.0,0,20,3780
26126.0,9408.56558222199,0.0,0,20,3780
26127.0,9408.56558222199,0.0,0,20,3780
26128.0,9408.56558222199,0.0,0,20,3780
26129.0,9408.56558222199,0.0,0,20,3780
26130.0,9408.56558222199,0.0,0,20,3780
26131.0,9408.56558222199,0.0,0,20,3780
26132.0,9408.56558222199,0.0,0,20,3780
26133.0,9408.56558222199,0.0,0,20,3780
26134.0,9408.56558222199,0.0,0,20,3780
26135.0,9408.56558222199,0.0,0,20,3780
26136.0,9408.56558222199,0.0,0,20,3780
26137.0,9408.56558222199,0.0,0,20,3780
26138.0,9408.56558222199,0.0,0,20,3780
26139.0,9408.56558222199,0.0,0,20,3780
26140.0,9408.56558222199,0.0,0,20,3780
26141.0,9408.56558222199,0.0,0,20,3780
26142.0,9408.56558222199,0.0,0,20,3780
26143.0,9408.56558222199,0.0,0,20,3780
26144.0,9408.56558222199,0.0,0,20,3780
26145.0,9408.56558222199,0.0,0,20,3780
26146.0,9408.56558222199,0.0,0,20,3780
26147.0,9408.56558222199,0.0,0,20,3780
26148.0,9408.56558222199,0.0,0,20,3780
26149.0,9408.56558222199,0.0,0,20,3780
26150.0,9408.56558222199,0.0,0,20,3780
26151.0,9408.56558222199,0.0,0,20,3780
26152.0,9408.56558222199,0.0,0,20,3780
26153.0,9408.56558222199,0.0,0,20,3780
26154.0,9408.56558222199,0.0,0,20,3780
26155.0,9408.56558222199,0.0,0,20,3780
26156.0,9408.56558222199,0.0,0,20,3780
26157.0,9408.56558222199,0.0,0,20,3780
26158.0,9408.56558222199,0.0,0,20,3780
26159.0,9408.56558222199,0.0,0,20,3780
26160.0,9408.56558222199,0.0,0,20,3780
26161.0,9408.56558222199,0.0,0,20,3780
26162.0,9408.56558222199,0.0,0,20,3780
26163.0,9408.56558222199,0.0,0,20,3780
26164.0,9408.56558222199,0.0,0,20,3780
26165.0,9408.56558222199,0.0,0,20,3780
26166.0,9408.56558222199,0.0,0,20,3780
26167.0,9408.56558222199,0.0,0,20,3780
26168.0,9408.56558222199,0.0,0,20,3780
26169.0,9408.56558222199,0.0,0,20,3780
26170.0,9408.56558222199,0.0,0,20,3780
26171.0,9408.56558222199,0.0,0,20,3780
26172.0,9408.56558222199,0.0,0,20,3780
26173.0,9408.56558222199,0.0,0,20,3780
26174.0,9408.56558222199,0.0,0,20,3780
26175.0,9408.56558222199,0.0,0,20,3780
26176.0,9408.56558222199,0.0,0,20,3780
26177.0,9408.56558222199,0.0,0,20,3780
26178.0,9408.56558222199,0.0,0,20,3780
26179.0,9408.56558222199,0.0,0,20,3780
26180.0,9408.56558222199,0.0,0,20,3780
26181.0,9408.56558222199,0.0,0,20,3780
26182.0,9408.56558222199,0.0,0,20,3780
26183.0,9408.56558222199,0.0,0,20,3780
26184.0,9408.56558222199,0.0,0,20,3780
26185.0,9408.56558222199,0.0,0,20,3780
26186.0,9408.56558222199,0.0,0,20,3780
26187.0,9408.56558222199,0.0,0,20,3780
26188.0,9408.56558222199,0.0,0,20,3780
26189.0,9408.56558222199,0.0,0,20,3780
26190.0,9408.56558222199,0.0,0,20,3780
26191.0,9408.56558222199,0.0,0,20,3780
26192.0,9408.56558222199,0.0,0,20,3780
26193.0,9408.56558222199,0.0,0,20,3780
26194.0,9408.56558222199,0.0,0,20,3780
26195.0,9408.56558222199,0.0,0,20,3780
26196.0,9408.56558222199,0.0,0,20,3780
26197.0,9408.56558222199,0.0,0,20,3780
26198.0,9408.56558222199,0.0,0,20,3780
26199.0,9408.56558222199,0.0,0,20,3780
26200.0,9408.56558222199,0.0,0,20,3780
26201.0,9408.56558222199,0.0,0,20,3780
26202.0,9408.56558222199,0.0,0,20,3780
26203.0,9408.56558222199,0.0,0,20,3780
26204.0,9408.56558222199,0.0,0,20,3780
26205.0,9408.56558222199,0.0,0,20,3780
26206.0,9408.56558222199,0.0,0,20,3780
26207.0,9408.56558222199,0.0,0,20,3780
26208.0,9408.56558222199,0.0,0,20,3780
26209.0,9408.56558222199,0.0,0,20,3780
26210.0,9408.56558222199,0.0,0,20,3780
26211.0,9408.56558222199,0.0,0,20,3780
26212.0,9408.56558222199,0.0,0,20,3780
26213.0,9408.56558222199,0.0,0,20,3780
26214.0,9408.56558222199,0.0,0,20,3780
26215.0,9408.56558222199,0.0,0,20,3780
26216.0,9408.56558222199,0.0,0,20,3780
26217.0,9408.56558222199,0.0,0,20,3780
26218.0,9408.56558222199,0.0,0,20,3780
26219.0,9408.56558222199,0.0,0,20,3780
26220.0,9408.56558222199,0.0,0,20,3780
26221.0,9408.56558222199,0.0,0,20,3780
26222.0,9408.56558222199,0.0,0,20,3780
26223.0,9408.56558222199,0.0,0,20,3780
26224.0,9408.56558222199,0.0,0,20,3780
26225.0,9408.56558222199,0.0,0,20,3780
26226.0,9408.56558222199,0.0,0,20,3780
26227.0,9408.56558222199,0.0,0,20,3780
26228.0,9408.56558222199,0.0,0,20,3780
26229.0,9408.56558222199,0.0,0,20,3780
26230.0,9408.56558222199,0.0,0,20,3780
26231.0,9408.56558222199,0.0,0,20,3780
26232.0,9408.56558222199,0.0,0,20,3780
26233.0,9408.56558222199,0.0,0,20,3780
26234.0,9408.56558222199,0.0,0,20,3780
26235.0,9408.56558222199,0.0,0,20,3780
26236.0,9408.56558222199,0.0,0,20,3780
26237.0,9408.56558222199,0.0,0,20,3780
26238.0,9408.56558222199,0.0,0,20,3780
26239.0,9408.56558222199,0.0,0,20,3780
26240.0,9408.56558222199,0.0,0,20,3780
26241.0,9408.56558222199,0.0,0,20,3780
26242.0,9408.56558222199,0.0,0,20,3780
26243.0,9408.56558222199,0.0,0,20,3780
26244.0,9408.56558222199,0.0,0,20,3780
26245.0,9408.56558222199,0.0,0,20,3780
26246.0,9408.56558222199,0.0,0,20,3780
26247.0,9408.56558222199,0.0,0,20,3780
26248.0,9408.56558222199,0.0,0,20,3780
26249.0,9408.56558222199,0.0,0,20,3780
26250.0,9408.56558222199,0.0,0,20,3780
26251.0,9408.56558222199,0.0,0,20,3780
26252.0,9408.56558222199,0.0,0,20,3780
26253.0,9408.56558222199,0.0,0,20,3780
26254.0,9408.56558222199,0.0,0,20,3780
26255.0,9408.56558222199,0.0,0,20,3780
26256.0,9408.56558222199,0.0,0,20,3780
26257.0,9408.56558222199,0.0,0,20,3780
26258.0,9408.56558222199,0.0,0,20,3780
26259.0,9408.56558222199,0.0,0,20,3780
26260.0,9408.56558222199,0.0,0,20,3780
26261.0,9408.56558222199,0.0,0,20,3780
26262.0,9408.56558222199,0.0,0,20,3780
26263.0,9408.56558222199,0.0,0,20,3780
26264.0,9408.56558222199,0.0,0,20,3780
26265.0,9408.56558222199,0.0,0,20,3780
26266.0,9408.56558222199,0.0,0,20,3780
26267.0,9408.56558222199,0.0,0,20,3780
26268.0,9408.56558222199,0.0,0,20,3780
26269.0,9408.56558222199,0.0,0,20,3780
26270.0,9408.56558222199,0.0,0,20,3780
26271.0,9408.56558222199,0.0,0,20,3780
26272.0,9408.56558222199,0.0,0,20,3780
26273.0,9408.56558222199,0.0,0,20,3780
26274.0,9408.56558222199,0.0,0,20,3780
26275.0,9408.56558222199,0.0,0,20,3780
26276.0,9408.56558222199,0.0,0,20,3780
26277.0,9408.56558222199,0.0,0,20,3780
26278.0,9408.56558222199,0.0,0,20,3780
26279.0,9408.56558222199,0.0,0,20,3780
26280.0,9408.56558222199,0.0,0,20,3780
26281.0,9408.56558222199,0.0,0,20,3780
26282.0,9408.56558222199,0.0,0,20,3780
26283.0,9408.56558222199,0.0,0,20,3780
26284.0,9408.56558222199,0.0,0,20,3780
26285.0,9408.56558222199,0.0,0,20,3780
26286.0,9408.56558222199,0.0,0,20,3780
26287.0,9408.56558222199,0.0,0,20,3780
26288.0,9408.56558222199,0.0,0,20,3780
26289.0,9408.56558222199,0.0,0,20,3780
26290.0,9408.56558222199,0.0,0,20,3780
26291.0,9408.56558222199,0.0,0,20,3780
26292.0,9408.56558222199,0.0,0,20,3780
26293.0,9408.56558222199,0.0,0,20,3780
26294.0,9408.56558222199,0.0,0,20,3780
26295.0,9408.56558222199,0.0,0,20,3780
26296.0,9408.56558222199,0.0,0,20,3780
26297.0,9408.56558222199,0.0,0,20,3780
26298.0,9408.56558222199,0.0,0,20,3780
26299.0,9408.56558222199,0.0,0,20,3780
26300.0,9408.56558222199,0.0,0,20,3780
26301.0,9408.56558222199,0.0,0,20,3780
26302.0,9408.56558222199,0.0,0,20,3780
26303.0,9408.56558222199,0.0,0,20,3780
26304.0,9408.56558222199,0.0,0,20,3780
26305.0,9408.56558222199,0.0,0,20,3780
26306.0,9408.56558222199,0.0,0,20,3780
26307.0,9408.56558222199,0.0,0,20,3780
26308.0,9408.56558222199,0.0,0,20,3780
26309.0,9408.56558222199,0.0,0,20,3780
26310.0,9408.56558222199,0.0,0,20,3780
26311.0,9408.56558222199,0.0,0,20,3780
26312.0,9408.56558222199,0.0,0,20,3780
26313.0,9408.56558222199,0.0,0,20,3780
26314.0,9408.56558222199,0.0,0,20,3780
26315.0,9408.56558222199,0.0,0,20,3780
26316.0,9408.56558222199,0.0,0,20,3780
26317.0,9408.56558222199,0.0,0,20,3780
26318.0,9408.56558222199,0.0,0,20,3780
26319.0,9408.56558222199,0.0,0,20,3780
26320.0,9408.56558222199,0.0,0,20,3780
26321.0,9408.56558222199,0.0,0,20,3780
26322.0,9408.56558222199,0.0,0,20,3780
26323.0,9408.56558222199,0.0,0,20,3780
26324.0,9408.56558222199,0.0,0,20,3780
26325.0,9408.56558222199,0.0,0,20,3780
26326.0,9408.56558222199,0.0,0,20,3780
26327.0,9408.56558222199,0.0,0,20,3780
26328.0,9408.56558222199,0.0,0,20,3780
26329.0,9408.56558222199,0.0,0,20,3780
26330.0,9408.56558222199,0.0,0,20,3780
26331.0,9408.56558222199,0.0,0,20,3780
26332.0,9408.56558222199,0.0,0,20,3780
26333.0,9408.56558222199,0.0,0,20,3780
26334.0,9408.56558222199,0.0,0,20,3780
26335.0,9408.56558222199,0.0,0,20,3780
26336.0,9408.56558222199,0.0,0,20,3780
26337.0,9408.56558222199,0.0,0,20,3780
26338.0,9408.56558222199,0.0,0,20,3780
26339.0,9408.56558222199,0.0,0,20,3780
26340.0,9408.56558222199,0.0,0,20,3780
26341.0,9408.56558222199,0.0,0,20,3780
26342.0,9408.56558222199,0.0,0,20,3780
26343.0,9408.56558222199,0.0,0,20,3780
26344.0,9408.56558222199,0.0,0,20,3780
26345.0,9408.56558222199,0.0,0,20,3780
26346.0,9408.56558222199,0.0,0,20,3780
26347.0,9408.56558222199,0.0,0,20,3780
26348.0,9408.56558222199,0.0,0,20,3780
26349.0,9408.56558222199,0.0,0,20,3780
26350.0,9408.56558222199,0.0,0,20,3780
26351.0,9408.56558222199,0.0,0,20,3780
26352.0,9408.56558222199,0.0,0,20,3780
26353.0,9408.56558222199,0.0,0,20,3780
26354.0,9408.56558222199,0.0,0,20,3780
26355.0,9408.56558222199,0.0,0,20,3780
26356.0,9408.56558222199,0.0,0,20,3780
26357.0,9408.56558222199,0.0,0,20,3780
26358.0,9408.56558222199,0.0,0,20,3780
26359.0,9408.56558222199,0.0,0,20,3780
26360.0,9408.56558222199,0.0,0,20,3780
26361.0,9408.56558222199,0.0,0,20,3780
26362.0,9408.56558222199,0.0,0,20,3780
26363.0,9408.56558222199,0.0,0,20,3780
26364.0,9408.56558222199,0.0,0,20,3780
26365.0,9408.56558222199,0.0,0,20,3780
26366.0,9408.56558222199,0.0,0,20,3780
26367.0,9408.56558222199,0.0,0,20,3780
26368.0,9408.56558222199,0.0,0,20,3780
26369.0,9408.56558222199,0.0,0,20,3780
26370.0,9408.56558222199,0.0,0,20,3780
26371.0,9408.56558222199,0.0,0,20,3780
26372.0,9408.56558222199,0.0,0,20,3780
26373.0,9408.56558222199,0.0,0,20,3780
26374.0,9408.56558222199,0.0,0,20,3780
26375.0,9408.56558222199,0.0,0,20,3780
26376.0,9408.56558222199,0.0,0,20,3780
26377.0,9408.56558222199,0.0,0,20,3780
26378.0,9408.56558222199,0.0,0,20,3780
26379.0,9408.56558222199,0.0,0,20,3780
26380.0,9408.56558222199,0.0,0,20,3780
26381.0,9408.56558222199,0.0,0,20,3780
26382.0,9408.56558222199,0.0,0,20,3780
26383.0,9408.56558222199,0.0,0,20,3780
26384.0,9408.56558222199,0.0,0,20,3780
26385.0,9408.56558222199,0.0,0,20,3780
26386.0,9408.56558222199,0.0,0,20,3780
26387.0,9408.56558222199,0.0,0,20,3780
26388.0,9408.56558222199,0.0,0,20,3780
26389.0,9408.56558222199,0.0,0,20,3780
26390.0,9408.56558222199,0.0,0,20,3780
26391.0,9408.56558222199,0.0,0,20,3780
26392.0,9408.56558222199,0.0,0,20,3780
26393.0,9408.56558222199,0.0,0,20,3780
26394.0,9408.56558222199,0.0,0,20,3780
26395.0,9408.56558222199,0.0,0,20,3780
26396.0,9408.56558222199,0.0,0,20,3780
26397.0,9408.56558222199,0.0,0,20,3780
26398.0,9408.56558222199,0.0,0,20,3780
26399.0,9408.56558222199,0.0,0,20,3780
26400.0,9408.56558222199,0.0,0,20,3780
26401.0,9408.56558222199,0.0,0,20,3780
26402.0,9408.56558222199,0.0,0,20,3780
26403.0,9408.56558222199,0.0,0,20,3780
26404.0,9408.56558222199,0.0,0,20,3780
26405.0,9408.56558222199,0.0,0,20,3780
26406.0,9408.56558222199,0.0,0,20,3780
26407.0,9408.56558222199,0.0,0,20,3780
26408.0,9408.56558222199,0.0,0,20,3780
26409.0,9408.56558222199,0.0,0,20,3780
26410.0,9408.56558222199,0.0,0,20,3780
26411.0,9408.56558222199,0.0,0,20,3780
26412.0,9408.56558222199,0.0,0,20,3780
26413.0,9408.56558222199,0.0,0,20,3780
26414.0,9408.56558222199,0.0,0,20,3780
26415.0,9408.56558222199,0.0,0,20,3780
26416.0,9408.56558222199,0.0,0,20,3780
26417.0,9408.56558222199,0.0,0,20,3780
26418.0,9408.56558222199,0.0,0,20,3780
26419.0,9408.56558222199,0.0,0,20,3780
26420.0,9408.56558222199,0.0,0,20,3780
26421.0,9408.56558222199,0.0,0,20,3780
26422.0,9408.56558222199,0.0,0,20,3780
26423.0,9408.56558222199,0.0,0,20,3780
26424.0,9408.56558222199,0.0,0,20,3780
26425.0,9408.56558222199,0.0,0,20,3780
26426.0,9408.56558222199,0.0,0,20,3780
26427.0,9408.56558222199,0.0,0,20,3780
26428.0,9408.56558222199,0.0,0,20,3780
26429.0,9408.56558222199,0.0,0,20,3780
26430.0,9408.56558222199,0.0,0,20,3780
26431.0,9408.56558222199,0.0,0,20,3780
26432.0,9408.56558222199,0.0,0,20,3780
26433.0,9408.56558222199,0.0,0,20,3780
26434.0,9408.56558222199,0.0,0,20,3780
26435.0,9408.56558222199,0.0,0,20,3780
26436.0,9408.56558222199,0.0,0,20,3780
26437.0,9408.56558222199,0.0,0,20,3780
26438.0,9408.56558222199,0.0,0,20,3780
26439.0,9408.56558222199,0.0,0,20,3780
26440.0,9408.56558222199,0.0,0,20,3780
26441.0,9408.56558222199,0.0,0,20,3780
26442.0,9408.56558222199,0.0,0,20,3780
26443.0,9408.56558222199,0.0,0,20,3780
26444.0,9408.56558222199,0.0,0,20,3780
26445.0,9408.56558222199,0.0,0,20,3780
26446.0,9408.56558222199,0.0,0,20,3780
26447.0,9408.56558222199,0.0,0,20,3780
26448.0,9408.56558222199,0.0,0,20,3780
26449.0,9408.56558222199,0.0,0,20,3780
26450.0,9408.56558222199,0.0,0,20,3780
26451.0,9408.56558222199,0.0,0,20,3780
26452.0,9408.56558222199,0.0,0,20,3780
26453.0,9408.56558222199,0.0,0,20,3780
26454.0,9408.56558222199,0.0,0,20,3780
26455.0,9408.56558222199,0.0,0,20,3780
26456.0,9408.56558222199,0.0,0,20,3780
26457.0,9408.56558222199,0.0,0,20,3780
26458.0,9408.56558222199,0.0,0,20,3780
26459.0,9408.56558222199,0.0,0,20,3780
26460.0,9408.56558222199,0.0,0,20,3780
26461.0,9408.56558222199,0.0,0,20,3780
26462.0,9408.56558222199,0.0,0,20,3780
26463.0,9408.56558222199,0.0,0,20,3780
26464.0,9408.56558222199,0.0,0,20,3780
26465.0,9408.56558222199,0.0,0,20,3780
26466.0,9408.56558222199,0.0,0,20,3780
26467.0,9408.56558222199,0.0,0,20,3780
26468.0,9408.56558222199,0.0,0,20,3780
26469.0,9408.56558222199,0.0,0,20,3780
26470.0,9408.56558222199,0.0,0,20,3780
26471.0,9408.56558222199,0.0,0,20,3780
26472.0,9408.56558222199,0.0,0,20,3780
26473.0,9408.56558222199,0.0,0,20,3780
26474.0,9408.56558222199,0.0,0,20,3780
26475.0,9408.56558222199,0.0,0,20,3780
26476.0,9408.56558222199,0.0,0,20,3780
26477.0,9408.56558222199,0.0,0,20,3780
26478.0,9408.56558222199,0.0,0,20,3780
26479.0,9408.56558222199,0.0,0,20,3780
26480.0,9408.56558222199,0.0,0,20,3780
26481.0,9408.56558222199,0.0,0,20,3780
26482.0,9408.56558222199,0.0,0,20,3780
26483.0,9408.56558222199,0.0,0,20,3780
26484.0,9408.56558222199,0.0,0,20,3780
26485.0,9408.56558222199,0.0,0,20,3780
26486.0,9408.56558222199,0.0,0,20,3780
26487.0,9408.56558222199,0.0,0,20,3780
26488.0,9408.56558222199,0.0,0,20,3780
26489.0,9408.56558222199,0.0,0,20,3780
26490.0,9408.56558222199,0.0,0,20,3780
26491.0,9408.56558222199,0.0,0,20,3780
26492.0,9408.56558222199,0.0,0,20,3780
26493.0,9408.56558222199,0.0,0,20,3780
26494.0,9408.56558222199,0.0,0,20,3780
26495.0,9408.56558222199,0.0,0,20,3780
26496.0,9408.56558222199,0.0,0,20,3780
26497.0,9408.56558222199,0.0,0,20,3780
26498.0,9408.56558222199,0.0,0,20,3780
26499.0,9408.56558222199,0.0,0,20,3780
26500.0,9408.56558222199,0.0,0,20,3780
26501.0,9408.56558222199,0.0,0,20,3780
26502.0,9408.56558222199,0.0,0,20,3780
26503.0,9408.56558222199,0.0,0,20,3780
26504.0,9408.56558222199,0.0,0,20,3780
26505.0,9408.56558222199,0.0,0,20,3780
26506.0,9408.56558222199,0.0,0,20,3780
26507.0,9408.56558222199,0.0,0,20,3780
26508.0,9408.56558222199,0.0,0,20,3780
26509.0,9408.56558222199,0.0,0,20,3780
26510.0,9408.56558222199,0.0,0,20,3780
26511.0,9408.56558222199,0.0,0,20,3780
26512.0,9408.56558222199,0.0,0,20,3780
26513.0,9408.56558222199,0.0,0,20,3780
26514.0,9408.56558222199,0.0,0,20,3780
26515.0,9408.56558222199,0.0,0,20,3780
26516.0,9408.56558222199,0.0,0,20,3780
26517.0,9408.56558222199,0.0,0,20,3780
26518.0,9408.56558222199,0.0,0,20,3780
26519.0,9408.56558222199,0.0,0,20,3780
26520.0,9408.56558222199,0.0,0,20,3780
26521.0,9408.56558222199,0.0,0,20,3780
26522.0,9408.56558222199,0.0,0,20,3780
26523.0,9408.56558222199,0.0,0,20,3780
26524.0,9408.56558222199,0.0,0,20,3780
26525.0,9408.56558222199,0.0,0,20,3780
26526.0,9408.56558222199,0.0,0,20,3780
26527.0,9408.56558222199,0.0,0,20,3780
26528.0,9408.56558222199,0.0,0,20,3780
26529.0,9408.56558222199,0.0,0,20,3780
26530.0,9408.56558222199,0.0,0,20,3780
26531.0,9408.56558222199,0.0,0,20,3780
26532.0,9408.56558222199,0.0,0,20,3780
26533.0,9408.56558222199,0.0,0,20,3780
26534.0,9408.56558222199,0.0,0,20,3780
26535.0,9408.56558222199,0.0,0,20,3780
26536.0,9408.56558222199,0.0,0,20,3780
26537.0,9408.56558222199,0.0,0,20,3780
26538.0,9408.56558222199,0.0,0,20,3780
26539.0,9408.56558222199,0.0,0,20,3780
26540.0,9408.56558222199,0.0,0,20,3780
26541.0,9408.56558222199,0.0,0,20,3780
26542.0,9408.56558222199,0.0,0,20,3780
26543.0,9408.56558222199,0.0,0,20,3780
26544.0,9408.56558222199,0.0,0,20,3780
26545.0,9408.56558222199,0.0,0,20,3780
26546.0,9408.56558222199,0.0,0,20,3780
26547.0,9408.56558222199,0.0,0,20,3780
26548.0,9408.56558222199,0.0,0,20,3780
26549.0,9408.56558222199,0.0,0,20,3780
26550.0,9408.56558222199,0.0,0,20,3780
26551.0,9408.56558222199,0.0,0,20,3780
26552.0,9408.56558222199,0.0,0,20,3780
26553.0,9408.56558222199,0.0,0,20,3780
26554.0,9408.56558222199,0.0,0,20,3780
26555.0,9408.56558222199,0.0,0,20,3780
26556.0,9408.56558222199,0.0,0,20,3780
26557.0,9408.56558222199,0.0,0,20,3780
26558.0,9408.56558222199,0.0,0,20,3780
26559.0,9408.56558222199,0.0,0,20,3780
26560.0,9408.56558222199,0.0,0,20,3780
26561.0,9408.56558222199,0.0,0,20,3780
26562.0,9408.56558222199,0.0,0,20,3780
26563.0,9408.56558222199,0.0,0,20,3780
26564.0,9408.56558222199,0.0,0,20,3780
26565.0,9408.56558222199,0.0,0,20,3780
26566.0,9408.56558222199,0.0,0,20,3780
26567.0,9408.56558222199,0.0,0,20,3780
26568.0,9408.56558222199,0.0,0,20,3780
26569.0,9408.56558222199,0.0,0,20,3780
26570.0,9408.56558222199,0.0,0,20,3780
26571.0,9408.56558222199,0.0,0,20,3780
26572.0,9408.56558222199,0.0,0,20,3780
26573.0,9408.56558222199,0.0,0,20,3780
26574.0,9408.56558222199,0.0,0,20,3780
26575.0,9408.56558222199,0.0,0,20,3780
26576.0,9408.56558222199,0.0,0,20,3780
26577.0,9408.56558222199,0.0,0,20,3780
26578.0,9408.56558222199,0.0,0,20,3780
26579.0,9408.56558222199,0.0,0,20,3780
26580.0,9408.56558222199,0.0,0,20,3780
26581.0,9408.56558222199,0.0,0,20,3780
26582.0,9408.56558222199,0.0,0,20,3780
26583.0,9408.56558222199,0.0,0,20,3780
26584.0,9408.56558222199,0.0,0,20,3780
26585.0,9408.56558222199,0.0,0,20,3780
26586.0,9408.56558222199,0.0,0,20,3780
26587.0,9408.56558222199,0.0,0,20,3780
26588.0,9408.56558222199,0.0,0,20,3780
26589.0,9408.56558222199,0.0,0,20,3780
26590.0,9408.56558222199,0.0,0,20,3780
26591.0,9408.56558222199,0.0,0,20,3780
26592.0,9408.56558222199,0.0,0,20,3780
26593.0,9408.56558222199,0.0,0,20,3780
26594.0,9408.56558222199,0.0,0,20,3780
26595.0,9408.56558222199,0.0,0,20,3780
26596.0,9408.56558222199,0.0,0,20,3780
26597.0,9408.56558222199,0.0,0,20,3780
26598.0,9408.56558222199,0.0,0,20,3780
26599.0,9408.56558222199,0.0,0,20,3780
26600.0,9408.56558222199,0.0,0,20,3780
26601.0,9408.56558222199,0.0,0,20,3780
26602.0,9408.56558222199,0.0,0,20,3780
26603.0,9408.56558222199,0.0,0,20,3780
26604.0,9408.56558222199,0.0,0,20,3780
26605.0,9408.56558222199,0.0,0,20,3780
26606.0,9408.56558222199,0.0,0,20,3780
26607.0,9408.56558222199,0.0,0,20,3780
26608.0,9408.56558222199,0.0,0,20,3780
26609.0,9408.56558222199,0.0,0,20,3780
26610.0,9408.56558222199,0.0,0,20,3780
26611.0,9408.56558222199,0.0,0,20,3780
26612.0,9408.56558222199,0.0,0,20,3780
26613.0,9408.56558222199,0.0,0,20,3780
26614.0,9408.56558222199,0.0,0,20,3780
26615.0,9408.56558222199,0.0,0,20,3780
26616.0,9408.56558222199,0.0,0,20,3780
26617.0,9408.56558222199,0.0,0,20,3780
26618.0,9408.56558222199,0.0,0,20,3780
26619.0,9408.56558222199,0.0,0,20,3780
26620.0,9408.56558222199,0.0,0,20,3780
26621.0,9408.56558222199,0.0,0,20,3780
26622.0,9408.56558222199,0.0,0,20,3780
26623.0,9408.56558222199,0.0,0,20,3780
26624.0,9408.56558222199,0.0,0,20,3780
26625.0,9408.56558222199,0.0,0,20,3780
26626.0,9408.56558222199,0.0,0,20,3780
26627.0,9408.56558222199,0.0,0,20,3780
26628.0,9408.56558222199,0.0,0,20,3780
26629.0,9408.56558222199,0.0,0,20,3780
26630.0,9408.56558222199,0.0,0,20,3780
26631.0,9408.56558222199,0.0,0,20,3780
26632.0,9408.56558222199,0.0,0,20,3780
26633.0,9408.56558222199,0.0,0,20,3780
26634.0,9408.56558222199,0.0,0,20,3780
26635.0,9408.56558222199,0.0,0,20,3780
26636.0,9408.56558222199,0.0,0,20,3780
26637.0,9408.56558222199,0.0,0,20,3780
26638.0,9408.56558222199,0.0,0,20,3780
26639.0,9408.56558222199,0.0,0,20,3780
26640.0,9408.56558222199,0.0,0,20,3780
26641.0,9408.56558222199,0.0,0,20,3780
26642.0,9408.56558222199,0.0,0,20,3780
26643.0,9408.56558222199,0.0,0,20,3780
26644.0,9408.56558222199,0.0,0,20,3780
26645.0,9408.56558222199,0.0,0,20,3780
26646.0,9408.56558222199,0.0,0,20,3780
26647.0,9408.56558222199,0.0,0,20,3780
26648.0,9408.56558222199,0.0,0,20,3780
26649.0,9408.56558222199,0.0,0,20,3780
26650.0,9408.56558222199,0.0,0,20,3780
26651.0,9408.56558222199,0.0,0,20,3780
26652.0,9408.56558222199,0.0,0,20,3780
26653.0,9408.56558222199,0.0,0,20,3780
26654.0,9408.56558222199,0.0,0,20,3780
26655.0,9408.56558222199,0.0,0,20,3780
26656.0,9408.56558222199,0.0,0,20,3780
26657.0,9408.56558222199,0.0,0,20,3780
26658.0,9408.56558222199,0.0,0,20,3780
26659.0,9408.56558222199,0.0,0,20,3780
26660.0,9408.56558222199,0.0,0,20,3780
26661.0,9408.56558222199,0.0,0,20,3780
26662.0,9408.56558222199,0.0,0,20,3780
26663.0,9408.56558222199,0.0,0,20,3780
26664.0,9408.56558222199,0.0,0,20,3780
26665.0,9408.56558222199,0.0,0,20,3780
26666.0,9408.56558222199,0.0,0,20,3780
26667.0,9408.56558222199,0.0,0,20,3780
26668.0,9408.56558222199,0.0,0,20,3780
26669.0,9408.56558222199,0.0,0,20,3780
26670.0,9408.56558222199,0.0,0,20,3780
26671.0,9408.56558222199,0.0,0,20,3780
26672.0,9408.56558222199,0.0,0,20,3780
26673.0,9408.56558222199,0.0,0,20,3780
26674.0,9408.56558222199,0.0,0,20,3780
26675.0,9408.56558222199,0.0,0,20,3780
26676.0,9408.56558222199,0.0,0,20,3780
26677.0,9408.56558222199,0.0,0,20,3780
26678.0,9408.56558222199,0.0,0,20,3780
26679.0,9408.56558222199,0.0,0,20,3780
26680.0,9408.56558222199,0.0,0,20,3780
26681.0,9408.56558222199,0.0,0,20,3780
26682.0,9408.56558222199,0.0,0,20,3780
26683.0,9408.56558222199,0.0,0,20,3780
26684.0,9408.56558222199,0.0,0,20,3780
26685.0,9408.56558222199,0.0,0,20,3780
26686.0,9408.56558222199,0.0,0,20,3780
26687.0,9408.56558222199,0.0,0,20,3780
26688.0,9408.56558222199,0.0,0,20,3780
26689.0,9408.56558222199,0.0,0,20,3780
26690.0,9408.56558222199,0.0,0,20,3780
26691.0,9408.56558222199,0.0,0,20,3780
26692.0,9408.56558222199,0.0,0,20,3780
26693.0,9408.56558222199,0.0,0,20,3780
26694.0,9408.56558222199,0.0,0,20,3780
26695.0,9408.56558222199,0.0,0,20,3780
26696.0,9408.56558222199,0.0,0,20,3780
26697.0,9408.56558222199,0.0,0,20,3780
26698.0,9408.56558222199,0.0,0,20,3780
26699.0,9408.56558222199,0.0,0,20,3780
26700.0,9408.56558222199,0.0,0,20,3780
26701.0,9408.56558222199,0.0,0,20,3780
26702.0,9408.56558222199,0.0,0,20,3780
26703.0,9408.56558222199,0.0,0,20,3780
26704.0,9408.56558222199,0.0,0,20,3780
26705.0,9408.56558222199,0.0,0,20,3780
26706.0,9408.56558222199,0.0,0,20,3780
26707.0,9408.56558222199,0.0,0,20,3780
26708.0,9408.56558222199,0.0,0,20,3780
26709.0,9408.56558222199,0.0,0,20,3780
26710.0,9408.56558222199,0.0,0,20,3780
26711.0,9408.56558222199,0.0,0,20,3780
26712.0,9408.56558222199,0.0,0,20,3780
26713.0,9408.56558222199,0.0,0,20,3780
26714.0,9408.56558222199,0.0,0,20,3780
26715.0,9408.56558222199,0.0,0,20,3780
26716.0,9408.56558222199,0.0,0,20,3780
26717.0,9408.56558222199,0.0,0,20,3780
26718.0,9408.56558222199,0.0,0,20,3780
26719.0,9408.56558222199,0.0,0,20,3780
26720.0,9408.56558222199,0.0,0,20,3780
26721.0,9408.56558222199,0.0,0,20,3780
26722.0,9408.56558222199,0.0,0,20,3780
26723.0,9408.56558222199,0.0,0,20,3780
26724.0,9408.56558222199,0.0,0,20,3780
26725.0,9408.56558222199,0.0,0,20,3780
26726.0,9408.56558222199,0.0,0,20,3780
26727.0,9408.56558222199,0.0,0,20,3780
26728.0,9408.56558222199,0.0,0,20,3780
26729.0,9408.56558222199,0.0,0,20,3780
26730.0,9408.56558222199,0.0,0,20,3780
26731.0,9408.56558222199,0.0,0,20,3780
26732.0,9408.56558222199,0.0,0,20,3780
26733.0,9408.56558222199,0.0,0,20,3780
26734.0,9408.56558222199,0.0,0,20,3780
26735.0,9408.56558222199,0.0,0,20,3780
26736.0,9408.56558222199,0.0,0,20,3780
26737.0,9408.56558222199,0.0,0,20,3780
26738.0,9408.56558222199,0.0,0,20,3780
26739.0,9408.56558222199,0.0,0,20,3780
26740.0,9408.56558222199,0.0,0,20,3780
26741.0,9408.56558222199,0.0,0,20,3780
26742.0,9408.56558222199,0.0,0,20,3780
26743.0,9408.56558222199,0.0,0,20,3780
26744.0,9408.56558222199,0.0,0,20,3780
26745.0,9408.56558222199,0.0,0,20,3780
26746.0,9408.56558222199,0.0,0,20,3780
26747.0,9408.56558222199,0.0,0,20,3780
26748.0,9408.56558222199,0.0,0,20,3780
26749.0,9408.56558222199,0.0,0,20,3780
26750.0,9408.56558222199,0.0,0,20,3780
26751.0,9408.56558222199,0.0,0,20,3780
26752.0,9408.56558222199,0.0,0,20,3780
26753.0,9408.56558222199,0.0,0,20,3780
26754.0,9408.56558222199,0.0,0,20,3780
26755.0,9408.56558222199,0.0,0,20,3780
26756.0,9408.56558222199,0.0,0,20,3780
26757.0,9408.56558222199,0.0,0,20,3780
26758.0,9408.56558222199,0.0,0,20,3780
26759.0,9408.56558222199,0.0,0,20,3780
26760.0,9408.56558222199,0.0,0,20,3780
26761.0,9408.56558222199,0.0,0,20,3780
26762.0,9408.56558222199,0.0,0,20,3780
26763.0,9408.56558222199,0.0,0,20,3780
26764.0,9408.56558222199,0.0,0,20,3780
26765.0,9408.56558222199,0.0,0,20,3780
26766.0,9408.56558222199,0.0,0,20,3780
26767.0,9408.56558222199,0.0,0,20,3780
26768.0,9408.56558222199,0.0,0,20,3780
26769.0,9408.56558222199,0.0,0,20,3780
26770.0,9408.56558222199,0.0,0,20,3780
26771.0,9408.56558222199,0.0,0,20,3780
26772.0,9408.56558222199,0.0,0,20,3780
26773.0,9408.56558222199,0.0,0,20,3780
26774.0,9408.56558222199,0.0,0,20,3780
26775.0,9408.56558222199,0.0,0,20,3780
26776.0,9408.56558222199,0.0,0,20,3780
26777.0,9408.56558222199,0.0,0,20,3780
26778.0,9408.56558222199,0.0,0,20,3780
26779.0,9408.56558222199,0.0,0,20,3780
26780.0,9408.56558222199,0.0,0,20,3780
26781.0,9408.56558222199,0.0,0,20,3780
26782.0,9408.56558222199,0.0,0,20,3780
26783.0,9408.56558222199,0.0,0,20,3780
26784.0,9408.56558222199,0.0,0,20,3780
26785.0,9408.56558222199,0.0,0,20,3780
26786.0,9408.56558222199,0.0,0,20,3780
26787.0,9408.56558222199,0.0,0,20,3780
26788.0,9408.56558222199,0.0,0,20,3780
26789.0,9408.56558222199,0.0,0,20,3780
26790.0,9408.56558222199,0.0,0,20,3780
26791.0,9408.56558222199,0.0,0,20,3780
26792.0,9408.56558222199,0.0,0,20,3780
26793.0,9408.56558222199,0.0,0,20,3780
26794.0,9408.56558222199,0.0,0,20,3780
26795.0,9408.56558222199,0.0,0,20,3780
26796.0,9408.56558222199,0.0,0,20,3780
26797.0,9408.56558222199,0.0,0,20,3780
26798.0,9408.56558222199,0.0,0,20,3780
26799.0,9408.56558222199,0.0,0,20,3780
26800.0,9408.56558222199,0.0,0,20,3780
26801.0,9408.56558222199,0.0,0,20,3780
26802.0,9408.56558222199,0.0,0,20,3780
26803.0,9408.56558222199,0.0,0,20,3780
26804.0,9408.56558222199,0.0,0,20,3780
26805.0,9408.56558222199,0.0,0,20,3780
26806.0,9408.56558222199,0.0,0,20,3780
26807.0,9408.56558222199,0.0,0,20,3780
26808.0,9408.56558222199,0.0,0,20,3780
26809.0,9408.56558222199,0.0,0,20,3780
26810.0,9408.56558222199,0.0,0,20,3780
26811.0,9408.56558222199,0.0,0,20,3780
26812.0,9408.56558222199,0.0,0,20,3780
26813.0,9408.56558222199,0.0,0,20,3780
26814.0,9408.56558222199,0.0,0,20,3780
26815.0,9408.56558222199,0.0,0,20,3780
26816.0,9408.56558222199,0.0,0,20,3780
26817.0,9408.56558222199,0.0,0,20,3780
26818.0,9408.56558222199,0.0,0,20,3780
26819.0,9408.56558222199,0.0,0,20,3780
26820.0,9408.56558222199,0.0,0,20,3780
26821.0,9408.56558222199,0.0,0,20,3780
26822.0,9408.56558222199,0.0,0,20,3780
26823.0,9408.56558222199,0.0,0,20,3780
26824.0,9408.56558222199,0.0,0,20,3780
26825.0,9408.56558222199,0.0,0,20,3780
26826.0,9408.56558222199,0.0,0,20,3780
26827.0,9408.56558222199,0.0,0,20,3780
26828.0,9408.56558222199,0.0,0,20,3780
26829.0,9408.56558222199,0.0,0,20,3780
26830.0,9408.56558222199,0.0,0,20,3780
26831.0,9408.56558222199,0.0,0,20,3780
26832.0,9408.56558222199,0.0,0,20,3780
26833.0,9408.56558222199,0.0,0,20,3780
26834.0,9408.56558222199,0.0,0,20,3780
26835.0,9408.56558222199,0.0,0,20,3780
26836.0,9408.56558222199,0.0,0,20,3780
26837.0,9408.56558222199,0.0,0,20,3780
26838.0,9408.56558222199,0.0,0,20,3780
26839.0,9408.56558222199,0.0,0,20,3780
26840.0,9408.56558222199,0.0,0,20,3780
26841.0,9408.56558222199,0.0,0,20,3780
26842.0,9408.56558222199,0.0,0,20,3780
26843.0,9408.56558222199,0.0,0,20,3780
26844.0,9408.56558222199,0.0,0,20,3780
26845.0,9408.56558222199,0.0,0,20,3780
26846.0,9408.56558222199,0.0,0,20,3780
26847.0,9408.56558222199,0.0,0,20,3780
26848.0,9408.56558222199,0.0,0,20,3780
26849.0,9408.56558222199,0.0,0,20,3780
26850.0,9408.56558222199,0.0,0,20,3780
26851.0,9408.56558222199,0.0,0,20,3780
26852.0,9408.56558222199,0.0,0,20,3780
26853.0,9408.56558222199,0.0,0,20,3780
26854.0,9408.56558222199,0.0,0,20,3780
26855.0,9408.56558222199,0.0,0,20,3780
26856.0,9408.56558222199,0.0,0,20,3780
26857.0,9408.56558222199,0.0,0,20,3780
26858.0,9408.56558222199,0.0,0,20,3780
26859.0,9408.56558222199,0.0,0,20,3780
26860.0,9408.56558222199,0.0,0,20,3780
26861.0,9408.56558222199,0.0,0,20,3780
26862.0,9408.56558222199,0.0,0,20,3780
26863.0,9408.56558222199,0.0,0,20,3780
26864.0,9408.56558222199,0.0,0,20,3780
26865.0,9408.56558222199,0.0,0,20,3780
26866.0,9408.56558222199,0.0,0,20,3780
26867.0,9408.56558222199,0.0,0,20,3780
26868.0,9408.56558222199,0.0,0,20,3780
26869.0,9408.56558222199,0.0,0,20,3780
26870.0,9408.56558222199,0.0,0,20,3780
26871.0,9408.56558222199,0.0,0,20,3780
26872.0,9408.56558222199,0.0,0,20,3780
26873.0,9408.56558222199,0.0,0,20,3780
26874.0,9408.56558222199,0.0,0,20,3780
26875.0,9408.56558222199,0.0,0,20,3780
26876.0,9408.56558222199,0.0,0,20,3780
26877.0,9408.56558222199,0.0,0,20,3780
26878.0,9408.56558222199,0.0,0,20,3780
26879.0,9408.56558222199,0.0,0,20,3780
26880.0,9408.56558222199,0.0,0,20,3780
26881.0,9408.56558222199,0.0,0,20,3780
26882.0,9408.56558222199,0.0,0,20,3780
26883.0,9408.56558222199,0.0,0,20,3780
26884.0,9408.56558222199,0.0,0,20,3780
26885.0,9408.56558222199,0.0,0,20,3780
26886.0,9408.56558222199,0.0,0,20,3780
26887.0,9408.56558222199,0.0,0,20,3780
26888.0,9408.56558222199,0.0,0,20,3780
26889.0,9408.56558222199,0.0,0,20,3780
26890.0,9408.56558222199,0.0,0,20,3780
26891.0,9408.56558222199,0.0,0,20,3780
26892.0,9408.56558222199,0.0,0,20,3780
26893.0,9408.56558222199,0.0,0,20,3780
26894.0,9408.56558222199,0.0,0,20,3780
26895.0,9408.56558222199,0.0,0,20,3780
26896.0,9408.56558222199,0.0,0,20,3780
26897.0,9408.56558222199,0.0,0,20,3780
26898.0,9408.56558222199,0.0,0,20,3780
26899.0,9408.56558222199,0.0,0,20,3780
26900.0,9408.56558222199,0.0,0,20,3780
26901.0,9408.56558222199,0.0,0,20,3780
26902.0,9408.56558222199,0.0,0,20,3780
26903.0,9408.56558222199,0.0,0,20,3780
26904.0,9408.56558222199,0.0,0,20,3780
26905.0,9408.56558222199,0.0,0,20,3780
26906.0,9408.56558222199,0.0,0,20,3780
26907.0,9408.56558222199,0.0,0,20,3780
26908.0,9408.56558222199,0.0,0,20,3780
26909.0,9408.56558222199,0.0,0,20,3780
26910.0,9408.56558222199,0.0,0,20,3780
26911.0,9408.56558222199,0.0,0,20,3780
26912.0,9408.56558222199,0.0,0,20,3780
26913.0,9408.56558222199,0.0,0,20,3780
26914.0,9408.56558222199,0.0,0,20,3780
26915.0,9408.56558222199,0.0,0,20,3780
26916.0,9408.56558222199,0.0,0,20,3780
26917.0,9408.56558222199,0.0,0,20,3780
26918.0,9408.56558222199,0.0,0,20,3780
26919.0,9408.56558222199,0.0,0,20,3780
26920.0,9408.56558222199,0.0,0,20,3780
26921.0,9408.56558222199,0.0,0,20,3780
26922.0,9408.56558222199,0.0,0,20,3780
26923.0,9408.56558222199,0.0,0,20,3780
26924.0,9408.56558222199,0.0,0,20,3780
26925.0,9408.56558222199,0.0,0,20,3780
26926.0,9408.56558222199,0.0,0,20,3780
26927.0,9408.56558222199,0.0,0,20,3780
26928.0,9408.56558222199,0.0,0,20,3780
26929.0,9408.56558222199,0.0,0,20,3780
26930.0,9408.56558222199,0.0,0,20,3780
26931.0,9408.56558222199,0.0,0,20,3780
26932.0,9408.56558222199,0.0,0,20,3780
26933.0,9408.56558222199,0.0,0,20,3780
26934.0,9408.56558222199,0.0,0,20,3780
26935.0,9408.56558222199,0.0,0,20,3780
26936.0,9408.56558222199,0.0,0,20,3780
26937.0,9408.56558222199,0.0,0,20,3780
26938.0,9408.56558222199,0.0,0,20,3780
26939.0,9408.56558222199,0.0,0,20,3780
26940.0,9408.56558222199,0.0,0,20,3780
26941.0,9408.56558222199,0.0,0,20,3780
26942.0,9408.56558222199,0.0,0,20,3780
26943.0,9408.56558222199,0.0,0,20,3780
26944.0,9408.56558222199,0.0,0,20,3780
26945.0,9408.56558222199,0.0,0,20,3780
26946.0,9408.56558222199,0.0,0,20,3780
26947.0,9408.56558222199,0.0,0,20,3780
26948.0,9408.56558222199,0.0,0,20,3780
26949.0,9408.56558222199,0.0,0,20,3780
26950.0,9408.56558222199,0.0,0,20,3780
26951.0,9408.56558222199,0.0,0,20,3780
26952.0,9408.56558222199,0.0,0,20,3780
26953.0,9408.56558222199,0.0,0,20,3780
26954.0,9408.56558222199,0.0,0,20,3780
26955.0,9408.56558222199,0.0,0,20,3780
26956.0,9408.56558222199,0.0,0,20,3780
26957.0,9408.56558222199,0.0,0,20,3780
26958.0,9408.56558222199,0.0,0,20,3780
26959.0,9408.56558222199,0.0,0,20,3780
26960.0,9408.56558222199,0.0,0,20,3780
26961.0,9408.56558222199,0.0,0,20,3780
26962.0,9408.56558222199,0.0,0,20,3780
26963.0,9408.56558222199,0.0,0,20,3780
26964.0,9408.56558222199,0.0,0,20,3780
26965.0,9408.56558222199,0.0,0,20,3780
26966.0,9408.56558222199,0.0,0,20,3780
26967.0,9408.56558222199,0.0,0,20,3780
26968.0,9408.56558222199,0.0,0,20,3780
26969.0,9408.56558222199,0.0,0,20,3780
26970.0,9408.56558222199,0.0,0,20,3780
26971.0,9408.56558222199,0.0,0,20,3780
26972.0,9408.56558222199,0.0,0,20,3780
26973.0,9408.56558222199,0.0,0,20,3780
26974.0,9408.56558222199,0.0,0,20,3780
26975.0,9408.56558222199,0.0,0,20,3780
26976.0,9408.56558222199,0.0,0,20,3780
26977.0,9408.56558222199,0.0,0,20,3780
26978.0,9408.56558222199,0.0,0,20,3780
26979.0,9408.56558222199,0.0,0,20,3780
26980.0,9408.56558222199,0.0,0,20,3780
26981.0,9408.56558222199,0.0,0,20,3780
26982.0,9408.56558222199,0.0,0,20,3780
26983.0,9408.56558222199,0.0,0,20,3780
26984.0,9408.56558222199,0.0,0,20,3780
26985.0,9408.56558222199,0.0,0,20,3780
26986.0,9408.56558222199,0.0,0,20,3780
26987.0,9408.56558222199,0.0,0,20,3780
26988.0,9408.56558222199,0.0,0,20,3780
26989.0,9408.56558222199,0.0,0,20,3780
26990.0,9408.56558222199,0.0,0,20,3780
26991.0,9408.56558222199,0.0,0,20,3780
26992.0,9408.56558222199,0.0,0,20,3780
26993.0,9408.56558222199,0.0,0,20,3780
26994.0,9408.56558222199,0.0,0,20,3780
26995.0,9408.56558222199,0.0,0,20,3780
26996.0,9408.56558222199,0.0,0,20,3780
26997.0,9408.56558222199,0.0,0,20,3780
26998.0,9408.56558222199,0.0,0,20,3780
26999.0,9408.56558222199,0.0,0,20,3780
27000.0,9408.56558222199,0.0,0,20,3780
27001.0,9408.56558222199,0.0,0,20,3780
27002.0,9408.56558222199,0.0,0,20,3780
27003.0,9408.56558222199,0.0,0,20,3780
27004.0,9408.56558222199,0.0,0,20,3780
27005.0,9408.56558222199,0.0,0,20,3780
27006.0,9408.56558222199,0.0,0,20,3780
27007.0,9408.56558222199,0.0,0,20,3780
27008.0,9408.56558222199,0.0,0,20,3780
27009.0,9408.56558222199,0.0,0,20,3780
27010.0,9408.56558222199,0.0,0,20,3780
27011.0,9408.56558222199,0.0,0,20,3780
27012.0,9408.56558222199,0.0,0,20,3780
27013.0,9408.56558222199,0.0,0,20,3780
27014.0,9408.56558222199,0.0,0,20,3780
27015.0,9408.56558222199,0.0,0,20,3780
27016.0,9408.56558222199,0.0,0,20,3780
27017.0,9408.56558222199,0.0,0,20,3780
27018.0,9408.56558222199,0.0,0,20,3780
27019.0,9408.56558222199,0.0,0,20,3780
27020.0,9408.56558222199,0.0,0,20,3780
27021.0,9408.56558222199,0.0,0,20,3780
27022.0,9408.56558222199,0.0,0,20,3780
27023.0,9408.56558222199,0.0,0,20,3780
27024.0,9408.56558222199,0.0,0,20,3780
27025.0,9408.56558222199,0.0,0,20,3780
27026.0,9408.56558222199,0.0,0,20,3780
27027.0,9408.56558222199,0.0,0,20,3780
27028.0,9408.56558222199,0.0,0,20,3780
27029.0,9408.56558222199,0.0,0,20,3780
27030.0,9408.56558222199,0.0,0,20,3780
27031.0,9408.56558222199,0.0,0,20,3780
27032.0,9408.56558222199,0.0,0,20,3780
27033.0,9408.56558222199,0.0,0,20,3780
27034.0,9408.56558222199,0.0,0,20,3780
27035.0,9408.56558222199,0.0,0,20,3780
27036.0,9408.56558222199,0.0,0,20,3780
27037.0,9408.56558222199,0.0,0,20,3780
27038.0,9408.56558222199,0.0,0,20,3780
27039.0,9408.56558222199,0.0,0,20,3780
27040.0,9408.56558222199,0.0,0,20,3780
27041.0,9408.56558222199,0.0,0,20,3780
27042.0,9408.56558222199,0.0,0,20,3780
27043.0,9408.56558222199,0.0,0,20,3780
27044.0,9408.56558222199,0.0,0,20,3780
27045.0,9408.56558222199,0.0,0,20,3780
27046.0,9408.56558222199,0.0,0,20,3780
27047.0,9408.56558222199,0.0,0,20,3780
27048.0,9408.56558222199,0.0,0,20,3780
27049.0,9408.56558222199,0.0,0,20,3780
27050.0,9408.56558222199,0.0,0,20,3780
27051.0,9408.56558222199,0.0,0,20,3780
27052.0,9408.56558222199,0.0,0,20,3780
27053.0,9408.56558222199,0.0,0,20,3780
27054.0,9408.56558222199,0.0,0,20,3780
27055.0,9408.56558222199,0.0,0,20,3780
27056.0,9408.56558222199,0.0,0,20,3780
27057.0,9408.56558222199,0.0,0,20,3780
27058.0,9408.56558222199,0.0,0,20,3780
27059.0,9408.56558222199,0.0,0,20,3780
27060.0,9408.56558222199,0.0,0,20,3780
27061.0,9408.56558222199,0.0,0,20,3780
27062.0,9408.56558222199,0.0,0,20,3780
27063.0,9408.56558222199,0.0,0,20,3780
27064.0,9408.56558222199,0.0,0,20,3780
27065.0,9408.56558222199,0.0,0,20,3780
27066.0,9408.56558222199,0.0,0,20,3780
27067.0,9408.56558222199,0.0,0,20,3780
27068.0,9408.56558222199,0.0,0,20,3780
27069.0,9408.56558222199,0.0,0,20,3780
27070.0,9408.56558222199,0.0,0,20,3780
27071.0,9408.56558222199,0.0,0,20,3780
27072.0,9408.56558222199,0.0,0,20,3780
27073.0,9408.56558222199,0.0,0,20,3780
27074.0,9408.56558222199,0.0,0,20,3780
27075.0,9408.56558222199,0.0,0,20,3780
27076.0,9408.56558222199,0.0,0,20,3780
27077.0,9408.56558222199,0.0,0,20,3780
27078.0,9408.56558222199,0.0,0,20,3780
27079.0,9408.56558222199,0.0,0,20,3780
27080.0,9408.56558222199,0.0,0,20,3780
27081.0,9408.56558222199,0.0,0,20,3780
27082.0,9408.56558222199,0.0,0,20,3780
27083.0,9408.56558222199,0.0,0,20,3780
27084.0,9408.56558222199,0.0,0,20,3780
27085.0,9408.56558222199,0.0,0,20,3780
27086.0,9408.56558222199,0.0,0,20,3780
27087.0,9408.56558222199,0.0,0,20,3780
27088.0,9408.56558222199,0.0,0,20,3780
27089.0,9408.56558222199,0.0,0,20,3780
27090.0,9408.56558222199,0.0,0,20,3780
27091.0,9408.56558222199,0.0,0,20,3780
27092.0,9408.56558222199,0.0,0,20,3780
27093.0,9408.56558222199,0.0,0,20,3780
27094.0,9408.56558222199,0.0,0,20,3780
27095.0,9408.56558222199,0.0,0,20,3780
27096.0,9408.56558222199,0.0,0,20,3780
27097.0,9408.56558222199,0.0,0,20,3780
27098.0,9408.56558222199,0.0,0,20,3780
27099.0,9408.56558222199,0.0,0,20,3780
27100.0,9408.56558222199,0.0,0,20,3780
27101.0,9408.56558222199,0.0,0,20,3780
27102.0,9408.56558222199,0.0,0,20,3780
27103.0,9408.56558222199,0.0,0,20,3780
27104.0,9408.56558222199,0.0,0,20,3780
27105.0,9408.56558222199,0.0,0,20,3780
27106.0,9408.56558222199,0.0,0,20,3780
27107.0,9408.56558222199,0.0,0,20,3780
27108.0,9408.56558222199,0.0,0,20,3780
27109.0,9408.56558222199,0.0,0,20,3780
27110.0,9408.56558222199,0.0,0,20,3780
27111.0,9408.56558222199,0.0,0,20,3780
27112.0,9408.56558222199,0.0,0,20,3780
27113.0,9408.56558222199,0.0,0,20,3780
27114.0,9408.56558222199,0.0,0,20,3780
27115.0,9408.56558222199,0.0,0,20,3780
27116.0,9408.56558222199,0.0,0,20,3780
27117.0,9408.56558222199,0.0,0,20,3780
27118.0,9408.56558222199,0.0,0,20,3780
27119.0,9408.56558222199,0.0,0,20,3780
27120.0,9408.56558222199,0.0,0,20,3780
27121.0,9408.56558222199,0.0,0,20,3780
27122.0,9408.56558222199,0.0,0,20,3780
27123.0,9408.56558222199,0.0,0,20,3780
27124.0,9408.56558222199,0.0,0,20,3780
27125.0,9408.56558222199,0.0,0,20,3780
27126.0,9408.56558222199,0.0,0,20,3780
27127.0,9408.56558222199,0.0,0,20,3780
27128.0,9408.56558222199,0.0,0,20,3780
27129.0,9408.56558222199,0.0,0,20,3780
27130.0,9408.56558222199,0.0,0,20,3780
27131.0,9408.56558222199,0.0,0,20,3780
27132.0,9408.56558222199,0.0,0,20,3780
27133.0,9408.56558222199,0.0,0,20,3780
27134.0,9408.56558222199,0.0,0,20,3780
27135.0,9408.56558222199,0.0,0,20,3780
27136.0,9408.56558222199,0.0,0,20,3780
27137.0,9408.56558222199,0.0,0,20,3780
27138.0,9408.56558222199,0.0,0,20,3780
27139.0,9408.56558222199,0.0,0,20,3780
27140.0,9408.56558222199,0.0,0,20,3780
27141.0,9408.56558222199,0.0,0,20,3780
27142.0,9408.56558222199,0.0,0,20,3780
27143.0,9408.56558222199,0.0,0,20,3780
27144.0,9408.56558222199,0.0,0,20,3780
27145.0,9408.56558222199,0.0,0,20,3780
27146.0,9408.56558222199,0.0,0,20,3780
27147.0,9408.56558222199,0.0,0,20,3780
27148.0,9408.56558222199,0.0,0,20,3780
27149.0,9408.56558222199,0.0,0,20,3780
27150.0,9408.56558222199,0.0,0,20,3780
27151.0,9408.56558222199,0.0,0,20,3780
27152.0,9408.56558222199,0.0,0,20,3780
27153.0,9408.56558222199,0.0,0,20,3780
27154.0,9408.56558222199,0.0,0,20,3780
27155.0,9408.56558222199,0.0,0,20,3780
27156.0,9408.56558222199,0.0,0,20,3780
27157.0,9408.56558222199,0.0,0,20,3780
27158.0,9408.56558222199,0.0,0,20,3780
27159.0,9408.56558222199,0.0,0,20,3780
27160.0,9408.56558222199,0.0,0,20,3780
27161.0,9408.56558222199,0.0,0,20,3780
27162.0,9408.56558222199,0.0,0,20,3780
27163.0,9408.56558222199,0.0,0,20,3780
27164.0,9408.56558222199,0.0,0,20,3780
27165.0,9408.56558222199,0.0,0,20,3780
27166.0,9408.56558222199,0.0,0,20,3780
27167.0,9408.56558222199,0.0,0,20,3780
27168.0,9408.56558222199,0.0,0,20,3780
27169.0,9408.56558222199,0.0,0,20,3780
27170.0,9408.56558222199,0.0,0,20,3780
27171.0,9408.56558222199,0.0,0,20,3780
27172.0,9408.56558222199,0.0,0,20,3780
27173.0,9408.56558222199,0.0,0,20,3780
27174.0,9408.56558222199,0.0,0,20,3780
27175.0,9408.56558222199,0.0,0,20,3780
27176.0,9408.56558222199,0.0,0,20,3780
27177.0,9408.56558222199,0.0,0,20,3780
27178.0,9408.56558222199,0.0,0,20,3780
27179.0,9408.56558222199,0.0,0,20,3780
27180.0,9408.56558222199,0.0,0,20,3780
27181.0,9408.56558222199,0.0,0,20,3780
27182.0,9408.56558222199,0.0,0,20,3780
27183.0,9408.56558222199,0.0,0,20,3780
27184.0,9408.56558222199,0.0,0,20,3780
27185.0,9408.56558222199,0.0,0,20,3780
27186.0,9408.56558222199,0.0,0,20,3780
27187.0,9408.56558222199,0.0,0,20,3780
27188.0,9408.56558222199,0.0,0,20,3780
27189.0,9408.56558222199,0.0,0,20,3780
27190.0,9408.56558222199,0.0,0,20,3780
27191.0,9408.56558222199,0.0,0,20,3780
27192.0,9408.56558222199,0.0,0,20,3780
27193.0,9408.56558222199,0.0,0,20,3780
27194.0,9408.56558222199,0.0,0,20,3780
27195.0,9408.56558222199,0.0,0,20,3780
27196.0,9408.56558222199,0.0,0,20,3780
27197.0,9408.56558222199,0.0,0,20,3780
27198.0,9408.56558222199,0.0,0,20,3780
27199.0,9408.56558222199,0.0,0,20,3780
27200.0,9408.56558222199,0.0,0,20,3780
27201.0,9408.56558222199,0.0,0,20,3780
27202.0,9408.56558222199,0.0,0,20,3780
27203.0,9408.56558222199,0.0,0,20,3780
27204.0,9408.56558222199,0.0,0,20,3780
27205.0,9408.56558222199,0.0,0,20,3780
27206.0,9408.56558222199,0.0,0,20,3780
27207.0,9408.56558222199,0.0,0,20,3780
27208.0,9408.56558222199,0.0,0,20,3780
27209.0,9408.56558222199,0.0,0,20,3780
27210.0,9408.56558222199,0.0,0,20,3780
27211.0,9408.56558222199,0.0,0,20,3780
27212.0,9408.56558222199,0.0,0,20,3780
27213.0,9408.56558222199,0.0,0,20,3780
27214.0,9408.56558222199,0.0,0,20,3780
27215.0,9408.56558222199,0.0,0,20,3780
27216.0,9408.56558222199,0.0,0,20,3780
27217.0,9408.56558222199,0.0,0,20,3780
27218.0,9408.56558222199,0.0,0,20,3780
27219.0,9408.56558222199,0.0,0,20,3780
27220.0,9408.56558222199,0.0,0,20,3780
27221.0,9408.56558222199,0.0,0,20,3780
27222.0,9408.56558222199,0.0,0,20,3780
27223.0,9408.56558222199,0.0,0,20,3780
27224.0,9408.56558222199,0.0,0,20,3780
27225.0,9408.56558222199,0.0,0,20,3780
27226.0,9408.56558222199,0.0,0,20,3780
27227.0,9408.56558222199,0.0,0,20,3780
27228.0,9408.56558222199,0.0,0,20,3780
27229.0,9408.56558222199,0.0,0,20,3780
27230.0,9408.56558222199,0.0,0,20,3780
27231.0,9408.56558222199,0.0,0,20,3780
27232.0,9408.56558222199,0.0,0,20,3780
27233.0,9408.56558222199,0.0,0,20,3780
27234.0,9408.56558222199,0.0,0,20,3780
27235.0,9408.56558222199,0.0,0,20,3780
27236.0,9408.56558222199,0.0,0,20,3780
27237.0,9408.56558222199,0.0,0,20,3780
27238.0,9408.56558222199,0.0,0,20,3780
27239.0,9408.56558222199,0.0,0,20,3780
27240.0,9408.56558222199,0.0,0,20,3780
27241.0,9408.56558222199,0.0,0,20,3780
27242.0,9408.56558222199,0.0,0,20,3780
27243.0,9408.56558222199,0.0,0,20,3780
27244.0,9408.56558222199,0.0,0,20,3780
27245.0,9408.56558222199,0.0,0,20,3780
27246.0,9408.56558222199,0.0,0,20,3780
27247.0,9408.56558222199,0.0,0,20,3780
27248.0,9408.56558222199,0.0,0,20,3780
27249.0,9408.56558222199,0.0,0,20,3780
27250.0,9408.56558222199,0.0,0,20,3780
27251.0,9408.56558222199,0.0,0,20,3780
27252.0,9408.56558222199,0.0,0,20,3780
27253.0,9408.56558222199,0.0,0,20,3780
27254.0,9408.56558222199,0.0,0,20,3780
27255.0,9408.56558222199,0.0,0,20,3780
27256.0,9408.56558222199,0.0,0,20,3780
27257.0,9408.56558222199,0.0,0,20,3780
27258.0,9408.56558222199,0.0,0,20,3780
27259.0,9408.56558222199,0.0,0,20,3780
27260.0,9408.56558222199,0.0,0,20,3780
27261.0,9408.56558222199,0.0,0,20,3780
27262.0,9408.56558222199,0.0,0,20,3780
27263.0,9408.56558222199,0.0,0,20,3780
27264.0,9408.56558222199,0.0,0,20,3780
27265.0,9408.56558222199,0.0,0,20,3780
27266.0,9408.56558222199,0.0,0,20,3780
27267.0,9408.56558222199,0.0,0,20,3780
27268.0,9408.56558222199,0.0,0,20,3780
27269.0,9408.56558222199,0.0,0,20,3780
27270.0,9408.56558222199,0.0,0,20,3780
27271.0,9408.56558222199,0.0,0,20,3780
27272.0,9408.56558222199,0.0,0,20,3780
27273.0,9408.56558222199,0.0,0,20,3780
27274.0,9408.56558222199,0.0,0,20,3780
27275.0,9408.56558222199,0.0,0,20,3780
27276.0,9408.56558222199,0.0,0,20,3780
27277.0,9408.56558222199,0.0,0,20,3780
27278.0,9408.56558222199,0.0,0,20,3780
27279.0,9408.56558222199,0.0,0,20,3780
27280.0,9408.56558222199,0.0,0,20,3780
27281.0,9408.56558222199,0.0,0,20,3780
27282.0,9408.56558222199,0.0,0,20,3780
27283.0,9408.56558222199,0.0,0,20,3780
27284.0,9408.56558222199,0.0,0,20,3780
27285.0,9408.56558222199,0.0,0,20,3780
27286.0,9408.56558222199,0.0,0,20,3780
27287.0,9408.56558222199,0.0,0,20,3780
27288.0,9408.56558222199,0.0,0,20,3780
27289.0,9408.56558222199,0.0,0,20,3780
27290.0,9408.56558222199,0.0,0,20,3780
27291.0,9408.56558222199,0.0,0,20,3780
27292.0,9408.56558222199,0.0,0,20,3780
27293.0,9408.56558222199,0.0,0,20,3780
27294.0,9408.56558222199,0.0,0,20,3780
27295.0,9408.56558222199,0.0,0,20,3780
27296.0,9408.56558222199,0.0,0,20,3780
27297.0,9408.56558222199,0.0,0,20,3780
27298.0,9408.56558222199,0.0,0,20,3780
27299.0,9408.56558222199,0.0,0,20,3780
27300.0,9408.56558222199,0.0,0,20,3780
27301.0,9408.56558222199,0.0,0,20,3780
27302.0,9408.56558222199,0.0,0,20,3780
27303.0,9408.56558222199,0.0,0,20,3780
27304.0,9408.56558222199,0.0,0,20,3780
27305.0,9408.56558222199,0.0,0,20,3780
27306.0,9408.56558222199,0.0,0,20,3780
27307.0,9408.56558222199,0.0,0,20,3780
27308.0,9408.56558222199,0.0,0,20,3780
27309.0,9408.56558222199,0.0,0,20,3780
27310.0,9408.56558222199,0.0,0,20,3780
27311.0,9408.56558222199,0.0,0,20,3780
27312.0,9408.56558222199,0.0,0,20,3780
27313.0,9408.56558222199,0.0,0,20,3780
27314.0,9408.56558222199,0.0,0,20,3780
27315.0,9408.56558222199,0.0,0,20,3780
27316.0,9408.56558222199,0.0,0,20,3780
27317.0,9408.56558222199,0.0,0,20,3780
27318.0,9408.56558222199,0.0,0,20,3780
27319.0,9408.56558222199,0.0,0,20,3780
27320.0,9408.56558222199,0.0,0,20,3780
27321.0,9408.56558222199,0.0,0,20,3780
27322.0,9408.56558222199,0.0,0,20,3780
27323.0,9408.56558222199,0.0,0,20,3780
27324.0,9408.56558222199,0.0,0,20,3780
27325.0,9408.56558222199,0.0,0,20,3780
27326.0,9408.56558222199,0.0,0,20,3780
27327.0,9408.56558222199,0.0,0,20,3780
27328.0,9408.56558222199,0.0,0,20,3780
27329.0,9408.56558222199,0.0,0,20,3780
27330.0,9408.56558222199,0.0,0,20,3780
27331.0,9408.56558222199,0.0,0,20,3780
27332.0,9408.56558222199,0.0,0,20,3780
27333.0,9408.56558222199,0.0,0,20,3780
27334.0,9408.56558222199,0.0,0,20,3780
27335.0,9408.56558222199,0.0,0,20,3780
27336.0,9408.56558222199,0.0,0,20,3780
27337.0,9408.56558222199,0.0,0,20,3780
27338.0,9408.56558222199,0.0,0,20,3780
27339.0,9408.56558222199,0.0,0,20,3780
27340.0,9408.56558222199,0.0,0,20,3780
27341.0,9408.56558222199,0.0,0,20,3780
27342.0,9408.56558222199,0.0,0,20,3780
27343.0,9408.56558222199,0.0,0,20,3780
27344.0,9408.56558222199,0.0,0,20,3780
27345.0,9408.56558222199,0.0,0,20,3780
27346.0,9408.56558222199,0.0,0,20,3780
27347.0,9408.56558222199,0.0,0,20,3780
27348.0,9408.56558222199,0.0,0,20,3780
27349.0,9408.56558222199,0.0,0,20,3780
27350.0,9408.56558222199,0.0,0,20,3780
27351.0,9408.56558222199,0.0,0,20,3780
27352.0,9408.56558222199,0.0,0,20,3780
27353.0,9408.56558222199,0.0,0,20,3780
27354.0,9408.56558222199,0.0,0,20,3780
27355.0,9408.56558222199,0.0,0,20,3780
27356.0,9408.56558222199,0.0,0,20,3780
27357.0,9408.56558222199,0.0,0,20,3780
27358.0,9408.56558222199,0.0,0,20,3780
27359.0,9408.56558222199,0.0,0,20,3780
27360.0,9408.56558222199,0.0,0,20,3780
27361.0,9408.56558222199,0.0,0,20,3780
27362.0,9408.56558222199,0.0,0,20,3780
27363.0,9408.56558222199,0.0,0,20,3780
27364.0,9408.56558222199,0.0,0,20,3780
27365.0,9408.56558222199,0.0,0,20,3780
27366.0,9408.56558222199,0.0,0,20,3780
27367.0,9408.56558222199,0.0,0,20,3780
27368.0,9408.56558222199,0.0,0,20,3780
27369.0,9408.56558222199,0.0,0,20,3780
27370.0,9408.56558222199,0.0,0,20,3780
27371.0,9408.56558222199,0.0,0,20,3780
27372.0,9408.56558222199,0.0,0,20,3780
27373.0,9408.56558222199,0.0,0,20,3780
27374.0,9408.56558222199,0.0,0,20,3780
27375.0,9408.56558222199,0.0,0,20,3780
27376.0,9408.56558222199,0.0,0,20,3780
27377.0,9408.56558222199,0.0,0,20,3780
27378.0,9408.56558222199,0.0,0,20,3780
27379.0,9408.56558222199,0.0,0,20,3780
27380.0,9408.56558222199,0.0,0,20,3780
27381.0,9408.56558222199,0.0,0,20,3780
27382.0,9408.56558222199,0.0,0,20,3780
27383.0,9408.56558222199,0.0,0,20,3780
27384.0,9408.56558222199,0.0,0,20,3780
27385.0,9408.56558222199,0.0,0,20,3780
27386.0,9408.56558222199,0.0,0,20,3780
27387.0,9408.56558222199,0.0,0,20,3780
27388.0,9408.56558222199,0.0,0,20,3780
27389.0,9408.56558222199,0.0,0,20,3780
27390.0,9408.56558222199,0.0,0,20,3780
27391.0,9408.56558222199,0.0,0,20,3780
27392.0,9408.56558222199,0.0,0,20,3780
27393.0,9408.56558222199,0.0,0,20,3780
27394.0,9408.56558222199,0.0,0,20,3780
27395.0,9408.56558222199,0.0,0,20,3780
27396.0,9408.56558222199,0.0,0,20,3780
27397.0,9408.56558222199,0.0,0,20,3780
27398.0,9408.56558222199,0.0,0,20,3780
27399.0,9408.56558222199,0.0,0,20,3780
27400.0,9408.56558222199,0.0,0,20,3780
27401.0,9408.56558222199,0.0,0,20,3780
27402.0,9408.56558222199,0.0,0,20,3780
27403.0,9408.56558222199,0.0,0,20,3780
27404.0,9408.56558222199,0.0,0,20,3780
27405.0,9408.56558222199,0.0,0,20,3780
27406.0,9408.56558222199,0.0,0,20,3780
27407.0,9408.56558222199,0.0,0,20,3780
27408.0,9408.56558222199,0.0,0,20,3780
27409.0,9408.56558222199,0.0,0,20,3780
27410.0,9408.56558222199,0.0,0,20,3780
27411.0,9408.56558222199,0.0,0,20,3780
27412.0,9408.56558222199,0.0,0,20,3780
27413.0,9408.56558222199,0.0,0,20,3780
27414.0,9408.56558222199,0.0,0,20,3780
27415.0,9408.56558222199,0.0,0,20,3780
27416.0,9408.56558222199,0.0,0,20,3780
27417.0,9408.56558222199,0.0,0,20,3780
27418.0,9408.56558222199,0.0,0,20,3780
27419.0,9408.56558222199,0.0,0,20,3780
27420.0,9408.56558222199,0.0,0,20,3780
27421.0,9408.56558222199,0.0,0,20,3780
27422.0,9408.56558222199,0.0,0,20,3780
27423.0,9408.56558222199,0.0,0,20,3780
27424.0,9408.56558222199,0.0,0,20,3780
27425.0,9408.56558222199,0.0,0,20,3780
27426.0,9408.56558222199,0.0,0,20,3780
27427.0,9408.56558222199,0.0,0,20,3780
27428.0,9408.56558222199,0.0,0,20,3780
27429.0,9408.56558222199,0.0,0,20,3780
27430.0,9408.56558222199,0.0,0,20,3780
27431.0,9408.56558222199,0.0,0,20,3780
27432.0,9408.56558222199,0.0,0,20,3780
27433.0,9408.56558222199,0.0,0,20,3780
27434.0,9408.56558222199,0.0,0,20,3780
27435.0,9408.56558222199,0.0,0,20,3780
27436.0,9408.56558222199,0.0,0,20,3780
27437.0,9408.56558222199,0.0,0,20,3780
27438.0,9408.56558222199,0.0,0,20,3780
27439.0,9408.56558222199,0.0,0,20,3780
27440.0,9408.56558222199,0.0,0,20,3780
27441.0,9408.56558222199,0.0,0,20,3780
27442.0,9408.56558222199,0.0,0,20,3780
27443.0,9408.56558222199,0.0,0,20,3780
27444.0,9408.56558222199,0.0,0,20,3780
27445.0,9408.56558222199,0.0,0,20,3780
27446.0,9408.56558222199,0.0,0,20,3780
27447.0,9408.56558222199,0.0,0,20,3780
27448.0,9408.56558222199,0.0,0,20,3780
27449.0,9408.56558222199,0.0,0,20,3780
27450.0,9408.56558222199,0.0,0,20,3780
27451.0,9408.56558222199,0.0,0,20,3780
27452.0,9408.56558222199,0.0,0,20,3780
27453.0,9408.56558222199,0.0,0,20,3780
27454.0,9408.56558222199,0.0,0,20,3780
27455.0,9408.56558222199,0.0,0,20,3780
27456.0,9408.56558222199,0.0,0,20,3780
27457.0,9408.56558222199,0.0,0,20,3780
27458.0,9408.56558222199,0.0,0,20,3780
27459.0,9408.56558222199,0.0,0,20,3780
27460.0,9408.56558222199,0.0,0,20,3780
27461.0,9408.56558222199,0.0,0,20,3780
27462.0,9408.56558222199,0.0,0,20,3780
27463.0,9408.56558222199,0.0,0,20,3780
27464.0,9408.56558222199,0.0,0,20,3780
27465.0,9408.56558222199,0.0,0,20,3780
27466.0,9408.56558222199,0.0,0,20,3780
27467.0,9408.56558222199,0.0,0,20,3780
27468.0,9408.56558222199,0.0,0,20,3780
27469.0,9408.56558222199,0.0,0,20,3780
27470.0,9408.56558222199,0.0,0,20,3780
27471.0,9408.56558222199,0.0,0,20,3780
27472.0,9408.56558222199,0.0,0,20,3780
27473.0,9408.56558222199,0.0,0,20,3780
27474.0,9408.56558222199,0.0,0,20,3780
27475.0,9408.56558222199,0.0,0,20,3780
27476.0,9408.56558222199,0.0,0,20,3780
27477.0,9408.56558222199,0.0,0,20,3780
27478.0,9408.56558222199,0.0,0,20,3780
27479.0,9408.56558222199,0.0,0,20,3780
27480.0,9408.56558222199,0.0,0,20,3780
27481.0,9408.56558222199,0.0,0,20,3780
27482.0,9408.56558222199,0.0,0,20,3780
27483.0,9408.56558222199,0.0,0,20,3780
27484.0,9408.56558222199,0.0,0,20,3780
27485.0,9408.56558222199,0.0,0,20,3780
27486.0,9408.56558222199,0.0,0,20,3780
27487.0,9408.56558222199,0.0,0,20,3780
27488.0,9408.56558222199,0.0,0,20,3780
27489.0,9408.56558222199,0.0,0,20,3780
27490.0,9408.56558222199,0.0,0,20,3780
27491.0,9408.56558222199,0.0,0,20,3780
27492.0,9408.56558222199,0.0,0,20,3780
27493.0,9408.56558222199,0.0,0,20,3780
27494.0,9408.56558222199,0.0,0,20,3780
27495.0,9408.56558222199,0.0,0,20,3780
27496.0,9408.56558222199,0.0,0,20,3780
27497.0,9408.56558222199,0.0,0,20,3780
27498.0,9408.56558222199,0.0,0,20,3780
27499.0,9408.56558222199,0.0,0,20,3780
27500.0,9408.56558222199,0.0,0,20,3780
27501.0,9408.56558222199,0.0,0,20,3780
27502.0,9408.56558222199,0.0,0,20,3780
27503.0,9408.56558222199,0.0,0,20,3780
27504.0,9408.56558222199,0.0,0,20,3780
27505.0,9408.56558222199,0.0,0,20,3780
27506.0,9408.56558222199,0.0,0,20,3780
27507.0,9408.56558222199,0.0,0,20,3780
27508.0,9408.56558222199,0.0,0,20,3780
27509.0,9408.56558222199,0.0,0,20,3780
27510.0,9408.56558222199,0.0,0,20,3780
27511.0,9408.56558222199,0.0,0,20,3780
27512.0,9408.56558222199,0.0,0,20,3780
27513.0,9408.56558222199,0.0,0,20,3780
27514.0,9408.56558222199,0.0,0,20,3780
27515.0,9408.56558222199,0.0,0,20,3780
27516.0,9408.56558222199,0.0,0,20,3780
27517.0,9408.56558222199,0.0,0,20,3780
27518.0,9408.56558222199,0.0,0,20,3780
27519.0,9408.56558222199,0.0,0,20,3780
27520.0,9408.56558222199,0.0,0,20,3780
27521.0,9408.56558222199,0.0,0,20,3780
27522.0,9408.56558222199,0.0,0,20,3780
27523.0,9408.56558222199,0.0,0,20,3780
27524.0,9408.56558222199,0.0,0,20,3780
27525.0,9408.56558222199,0.0,0,20,3780
27526.0,9408.56558222199,0.0,0,20,3780
27527.0,9408.56558222199,0.0,0,20,3780
27528.0,9408.56558222199,0.0,0,20,3780
27529.0,9408.56558222199,0.0,0,20,3780
27530.0,9408.56558222199,0.0,0,20,3780
27531.0,9408.56558222199,0.0,0,20,3780
27532.0,9408.56558222199,0.0,0,20,3780
27533.0,9408.56558222199,0.0,0,20,3780
27534.0,9408.56558222199,0.0,0,20,3780
27535.0,9408.56558222199,0.0,0,20,3780
27536.0,9408.56558222199,0.0,0,20,3780
27537.0,9408.56558222199,0.0,0,20,3780
27538.0,9408.56558222199,0.0,0,20,3780
27539.0,9408.56558222199,0.0,0,20,3780
27540.0,9408.56558222199,0.0,0,20,3780
27541.0,9408.56558222199,0.0,0,20,3780
27542.0,9408.56558222199,0.0,0,20,3780
27543.0,9408.56558222199,0.0,0,20,3780
27544.0,9408.56558222199,0.0,0,20,3780
27545.0,9408.56558222199,0.0,0,20,3780
27546.0,9408.56558222199,0.0,0,20,3780
27547.0,9408.56558222199,0.0,0,20,3780
27548.0,9408.56558222199,0.0,0,20,3780
27549.0,9408.56558222199,0.0,0,20,3780
27550.0,9408.56558222199,0.0,0,20,3780
27551.0,9408.56558222199,0.0,0,20,3780
27552.0,9408.56558222199,0.0,0,20,3780
27553.0,9408.56558222199,0.0,0,20,3780
27554.0,9408.56558222199,0.0,0,20,3780
27555.0,9408.56558222199,0.0,0,20,3780
27556.0,9408.56558222199,0.0,0,20,3780
27557.0,9408.56558222199,0.0,0,20,3780
27558.0,9408.56558222199,0.0,0,20,3780
27559.0,9408.56558222199,0.0,0,20,3780
27560.0,9408.56558222199,0.0,0,20,3780
27561.0,9408.56558222199,0.0,0,20,3780
27562.0,9408.56558222199,0.0,0,20,3780
27563.0,9408.56558222199,0.0,0,20,3780
27564.0,9408.56558222199,0.0,0,20,3780
27565.0,9408.56558222199,0.0,0,20,3780
27566.0,9408.56558222199,0.0,0,20,3780
27567.0,9408.56558222199,0.0,0,20,3780
27568.0,9408.56558222199,0.0,0,20,3780
27569.0,9408.56558222199,0.0,0,20,3780
27570.0,9408.56558222199,0.0,0,20,3780
27571.0,9408.56558222199,0.0,0,20,3780
27572.0,9408.56558222199,0.0,0,20,3780
27573.0,9408.56558222199,0.0,0,20,3780
27574.0,9408.56558222199,0.0,0,20,3780
27575.0,9408.56558222199,0.0,0,20,3780
27576.0,9408.56558222199,0.0,0,20,3780
27577.0,9408.56558222199,0.0,0,20,3780
27578.0,9408.56558222199,0.0,0,20,3780
27579.0,9408.56558222199,0.0,0,20,3780
27580.0,9408.56558222199,0.0,0,20,3780
27581.0,9408.56558222199,0.0,0,20,3780
27582.0,9408.56558222199,0.0,0,20,3780
27583.0,9408.56558222199,0.0,0,20,3780
27584.0,9408.56558222199,0.0,0,20,3780
27585.0,9408.56558222199,0.0,0,20,3780
27586.0,9408.56558222199,0.0,0,20,3780
27587.0,9408.56558222199,0.0,0,20,3780
27588.0,9408.56558222199,0.0,0,20,3780
27589.0,9408.56558222199,0.0,0,20,3780
27590.0,9408.56558222199,0.0,0,20,3780
27591.0,9408.56558222199,0.0,0,20,3780
27592.0,9408.56558222199,0.0,0,20,3780
27593.0,9408.56558222199,0.0,0,20,3780
27594.0,9408.56558222199,0.0,0,20,3780
27595.0,9408.56558222199,0.0,0,20,3780
27596.0,9408.56558222199,0.0,0,20,3780
27597.0,9408.56558222199,0.0,0,20,3780
27598.0,9408.56558222199,0.0,0,20,3780
27599.0,9408.56558222199,0.0,0,20,3780
27600.0,9408.56558222199,0.0,0,20,3780
27601.0,9408.56558222199,0.0,0,20,3780
27602.0,9408.56558222199,0.0,0,20,3780
27603.0,9408.56558222199,0.0,0,20,3780
27604.0,9408.56558222199,0.0,0,20,3780
27605.0,9408.56558222199,0.0,0,20,3780
27606.0,9408.56558222199,0.0,0,20,3780
27607.0,9408.56558222199,0.0,0,20,3780
27608.0,9408.56558222199,0.0,0,20,3780
27609.0,9408.56558222199,0.0,0,20,3780
27610.0,9408.56558222199,0.0,0,20,3780
27611.0,9408.56558222199,0.0,0,20,3780
27612.0,9408.56558222199,0.0,0,20,3780
27613.0,9408.56558222199,0.0,0,20,3780
27614.0,9408.56558222199,0.0,0,20,3780
27615.0,9408.56558222199,0.0,0,20,3780
27616.0,9408.56558222199,0.0,0,20,3780
27617.0,9408.56558222199,0.0,0,20,3780
27618.0,9408.56558222199,0.0,0,20,3780
27619.0,9408.56558222199,0.0,0,20,3780
27620.0,9408.56558222199,0.0,0,20,3780
27621.0,9408.56558222199,0.0,0,20,3780
27622.0,9408.56558222199,0.0,0,20,3780
27623.0,9408.56558222199,0.0,0,20,3780
27624.0,9408.56558222199,0.0,0,20,3780
27625.0,9408.56558222199,0.0,0,20,3780
27626.0,9408.56558222199,0.0,0,20,3780
27627.0,9408.56558222199,0.0,0,20,3780
27628.0,9408.56558222199,0.0,0,20,3780
27629.0,9408.56558222199,0.0,0,20,3780
27630.0,9408.56558222199,0.0,0,20,3780
27631.0,9408.56558222199,0.0,0,20,3780
27632.0,9408.56558222199,0.0,0,20,3780
27633.0,9408.56558222199,0.0,0,20,3780
27634.0,9408.56558222199,0.0,0,20,3780
27635.0,9408.56558222199,0.0,0,20,3780
27636.0,9408.56558222199,0.0,0,20,3780
27637.0,9408.56558222199,0.0,0,20,3780
27638.0,9408.56558222199,0.0,0,20,3780
27639.0,9408.56558222199,0.0,0,20,3780
27640.0,9408.56558222199,0.0,0,20,3780
27641.0,9408.56558222199,0.0,0,20,3780
27642.0,9408.56558222199,0.0,0,20,3780
27643.0,9408.56558222199,0.0,0,20,3780
27644.0,9408.56558222199,0.0,0,20,3780
27645.0,9408.56558222199,0.0,0,20,3780
27646.0,9408.56558222199,0.0,0,20,3780
27647.0,9408.56558222199,0.0,0,20,3780
27648.0,9408.56558222199,0.0,0,20,3780
27649.0,9408.56558222199,0.0,0,20,3780
27650.0,9408.56558222199,0.0,0,20,3780
27651.0,9408.56558222199,0.0,0,20,3780
27652.0,9408.56558222199,0.0,0,20,3780
27653.0,9408.56558222199,0.0,0,20,3780
27654.0,9408.56558222199,0.0,0,20,3780
27655.0,9408.56558222199,0.0,0,20,3780
27656.0,9408.56558222199,0.0,0,20,3780
27657.0,9408.56558222199,0.0,0,20,3780
27658.0,9408.56558222199,0.0,0,20,3780
27659.0,9408.56558222199,0.0,0,20,3780
27660.0,9408.56558222199,0.0,0,20,3780
27661.0,9408.56558222199,0.0,0,20,3780
27662.0,9408.56558222199,0.0,0,20,3780
27663.0,9408.56558222199,0.0,0,20,3780
27664.0,9408.56558222199,0.0,0,20,3780
27665.0,9408.56558222199,0.0,0,20,3780
27666.0,9408.56558222199,0.0,0,20,3780
27667.0,9408.56558222199,0.0,0,20,3780
27668.0,9408.56558222199,0.0,0,20,3780
27669.0,9408.56558222199,0.0,0,20,3780
27670.0,9408.56558222199,0.0,0,20,3780
27671.0,9408.56558222199,0.0,0,20,3780
27672.0,9408.56558222199,0.0,0,20,3780
27673.0,9408.56558222199,0.0,0,20,3780
27674.0,9408.56558222199,0.0,0,20,3780
27675.0,9408.56558222199,0.0,0,20,3780
27676.0,9408.56558222199,0.0,0,20,3780
27677.0,9408.56558222199,0.0,0,20,3780
27678.0,9408.56558222199,0.0,0,20,3780
27679.0,9408.56558222199,0.0,0,20,3780
27680.0,9408.56558222199,0.0,0,20,3780
27681.0,9408.56558222199,0.0,0,20,3780
27682.0,9408.56558222199,0.0,0,20,3780
27683.0,9408.56558222199,0.0,0,20,3780
27684.0,9408.56558222199,0.0,0,20,3780
27685.0,9408.56558222199,0.0,0,20,3780
27686.0,9408.56558222199,0.0,0,20,3780
27687.0,9408.56558222199,0.0,0,20,3780
27688.0,9408.56558222199,0.0,0,20,3780
27689.0,9408.56558222199,0.0,0,20,3780
27690.0,9408.56558222199,0.0,0,20,3780
27691.0,9408.56558222199,0.0,0,20,3780
27692.0,9408.56558222199,0.0,0,20,3780
27693.0,9408.56558222199,0.0,0,20,3780
27694.0,9408.56558222199,0.0,0,20,3780
27695.0,9408.56558222199,0.0,0,20,3780
27696.0,9408.56558222199,0.0,0,20,3780
27697.0,9408.56558222199,0.0,0,20,3780
27698.0,9408.56558222199,0.0,0,20,3780
27699.0,9408.56558222199,0.0,0,20,3780
27700.0,9408.56558222199,0.0,0,20,3780
27701.0,9408.56558222199,0.0,0,20,3780
27702.0,9408.56558222199,0.0,0,20,3780
27703.0,9408.56558222199,0.0,0,20,3780
27704.0,9408.56558222199,0.0,0,20,3780
27705.0,9408.56558222199,0.0,0,20,3780
27706.0,9408.56558222199,0.0,0,20,3780
27707.0,9408.56558222199,0.0,0,20,3780
27708.0,9408.56558222199,0.0,0,20,3780
27709.0,9408.56558222199,0.0,0,20,3780
27710.0,9408.56558222199,0.0,0,20,3780
27711.0,9408.56558222199,0.0,0,20,3780
27712.0,9408.56558222199,0.0,0,20,3780
27713.0,9408.56558222199,0.0,0,20,3780
27714.0,9408.56558222199,0.0,0,20,3780
27715.0,9408.56558222199,0.0,0,20,3780
27716.0,9408.56558222199,0.0,0,20,3780
27717.0,9408.56558222199,0.0,0,20,3780
27718.0,9408.56558222199,0.0,0,20,3780
27719.0,9408.56558222199,0.0,0,20,3780
27720.0,9408.56558222199,0.0,0,20,3780
27721.0,9408.56558222199,0.0,0,20,3780
27722.0,9408.56558222199,0.0,0,20,3780
27723.0,9408.56558222199,0.0,0,20,3780
27724.0,9408.56558222199,0.0,0,20,3780
27725.0,9408.56558222199,0.0,0,20,3780
27726.0,9408.56558222199,0.0,0,20,3780
27727.0,9408.56558222199,0.0,0,20,3780
27728.0,9408.56558222199,0.0,0,20,3780
27729.0,9408.56558222199,0.0,0,20,3780
27730.0,9408.56558222199,0.0,0,20,3780
27731.0,9408.56558222199,0.0,0,20,3780
27732.0,9408.56558222199,0.0,0,20,3780
27733.0,9408.56558222199,0.0,0,20,3780
27734.0,9408.56558222199,0.0,0,20,3780
27735.0,9408.56558222199,0.0,0,20,3780
27736.0,9408.56558222199,0.0,0,20,3780
27737.0,9408.56558222199,0.0,0,20,3780
27738.0,9408.56558222199,0.0,0,20,3780
27739.0,9408.56558222199,0.0,0,20,3780
27740.0,9408.56558222199,0.0,0,20,3780
27741.0,9408.56558222199,0.0,0,20,3780
27742.0,9408.56558222199,0.0,0,20,3780
27743.0,9408.56558222199,0.0,0,20,3780
27744.0,9408.56558222199,0.0,0,20,3780
27745.0,9408.56558222199,0.0,0,20,3780
27746.0,9408.56558222199,0.0,0,20,3780
27747.0,9408.56558222199,0.0,0,20,3780
27748.0,9408.56558222199,0.0,0,20,3780
27749.0,9408.56558222199,0.0,0,20,3780
27750.0,9408.56558222199,0.0,0,20,3780
27751.0,9408.56558222199,0.0,0,20,3780
27752.0,9408.56558222199,0.0,0,20,3780
27753.0,9408.56558222199,0.0,0,20,3780
27754.0,9408.56558222199,0.0,0,20,3780
27755.0,9408.56558222199,0.0,0,20,3780
27756.0,9408.56558222199,0.0,0,20,3780
27757.0,9408.56558222199,0.0,0,20,3780
27758.0,9408.56558222199,0.0,0,20,3780
27759.0,9408.56558222199,0.0,0,20,3780
27760.0,9408.56558222199,0.0,0,20,3780
27761.0,9408.56558222199,0.0,0,20,3780
27762.0,9408.56558222199,0.0,0,20,3780
27763.0,9408.56558222199,0.0,0,20,3780
27764.0,9408.56558222199,0.0,0,20,3780
27765.0,9408.56558222199,0.0,0,20,3780
27766.0,9408.56558222199,0.0,0,20,3780
27767.0,9408.56558222199,0.0,0,20,3780
27768.0,9408.56558222199,0.0,0,20,3780
27769.0,9408.56558222199,0.0,0,20,3780
27770.0,9408.56558222199,0.0,0,20,3780
27771.0,9408.56558222199,0.0,0,20,3780
27772.0,9408.56558222199,0.0,0,20,3780
27773.0,9408.56558222199,0.0,0,20,3780
27774.0,9408.56558222199,0.0,0,20,3780
27775.0,9408.56558222199,0.0,0,20,3780
27776.0,9408.56558222199,0.0,0,20,3780
27777.0,9408.56558222199,0.0,0,20,3780
27778.0,9408.56558222199,0.0,0,20,3780
27779.0,9408.56558222199,0.0,0,20,3780
27780.0,9408.56558222199,0.0,0,20,3780
27781.0,9408.56558222199,0.0,0,20,3780
27782.0,9408.56558222199,0.0,0,20,3780
27783.0,9408.56558222199,0.0,0,20,3780
27784.0,9408.56558222199,0.0,0,20,3780
27785.0,9408.56558222199,0.0,0,20,3780
27786.0,9408.56558222199,0.0,0,20,3780
27787.0,9408.56558222199,0.0,0,20,3780
27788.0,9408.56558222199,0.0,0,20,3780
27789.0,9408.56558222199,0.0,0,20,3780
27790.0,9408.56558222199,0.0,0,20,3780
27791.0,9408.56558222199,0.0,0,20,3780
27792.0,9408.56558222199,0.0,0,20,3780
27793.0,9408.56558222199,0.0,0,20,3780
27794.0,9408.56558222199,0.0,0,20,3780
27795.0,9408.56558222199,0.0,0,20,3780
27796.0,9408.56558222199,0.0,0,20,3780
27797.0,9408.56558222199,0.0,0,20,3780
27798.0,9408.56558222199,0.0,0,20,3780
27799.0,9408.56558222199,0.0,0,20,3780
27800.0,9408.56558222199,0.0,0,20,3780
27801.0,9408.56558222199,0.0,0,20,3780
27802.0,9408.56558222199,0.0,0,20,3780
27803.0,9408.56558222199,0.0,0,20,3780
27804.0,9408.56558222199,0.0,0,20,3780
27805.0,9408.56558222199,0.0,0,20,3780
27806.0,9408.56558222199,0.0,0,20,3780
27807.0,9408.56558222199,0.0,0,20,3780
27808.0,9408.56558222199,0.0,0,20,3780
27809.0,9408.56558222199,0.0,0,20,3780
27810.0,9408.56558222199,0.0,0,20,3780
27811.0,9408.56558222199,0.0,0,20,3780
27812.0,9408.56558222199,0.0,0,20,3780
27813.0,9408.56558222199,0.0,0,20,3780
27814.0,9408.56558222199,0.0,0,20,3780
27815.0,9408.56558222199,0.0,0,20,3780
27816.0,9408.56558222199,0.0,0,20,3780
27817.0,9408.56558222199,0.0,0,20,3780
27818.0,9408.56558222199,0.0,0,20,3780
27819.0,9408.56558222199,0.0,0,20,3780
27820.0,9408.56558222199,0.0,0,20,3780
27821.0,9408.56558222199,0.0,0,20,3780
27822.0,9408.56558222199,0.0,0,20,3780
27823.0,9408.56558222199,0.0,0,20,3780
27824.0,9408.56558222199,0.0,0,20,3780
27825.0,9408.56558222199,0.0,0,20,3780
27826.0,9408.56558222199,0.0,0,20,3780
27827.0,9408.56558222199,0.0,0,20,3780
27828.0,9408.56558222199,0.0,0,20,3780
27829.0,9408.56558222199,0.0,0,20,3780
27830.0,9408.56558222199,0.0,0,20,3780
27831.0,9408.56558222199,0.0,0,20,3780
27832.0,9408.56558222199,0.0,0,20,3780
27833.0,9408.56558222199,0.0,0,20,3780
27834.0,9408.56558222199,0.0,0,20,3780
27835.0,9408.56558222199,0.0,0,20,3780
27836.0,9408.56558222199,0.0,0,20,3780
27837.0,9408.56558222199,0.0,0,20,3780
27838.0,9408.56558222199,0.0,0,20,3780
27839.0,9408.56558222199,0.0,0,20,3780
27840.0,9408.56558222199,0.0,0,20,3780
27841.0,9408.56558222199,0.0,0,20,3780
27842.0,9408.56558222199,0.0,0,20,3780
27843.0,9408.56558222199,0.0,0,20,3780
27844.0,9408.56558222199,0.0,0,20,3780
27845.0,9408.56558222199,0.0,0,20,3780
27846.0,9408.56558222199,0.0,0,20,3780
27847.0,9408.56558222199,0.0,0,20,3780
27848.0,9408.56558222199,0.0,0,20,3780
27849.0,9408.56558222199,0.0,0,20,3780
27850.0,9408.56558222199,0.0,0,20,3780
27851.0,9408.56558222199,0.0,0,20,3780
27852.0,9408.56558222199,0.0,0,20,3780
27853.0,9408.56558222199,0.0,0,20,3780
27854.0,9408.56558222199,0.0,0,20,3780
27855.0,9408.56558222199,0.0,0,20,3780
27856.0,9408.56558222199,0.0,0,20,3780
27857.0,9408.56558222199,0.0,0,20,3780
27858.0,9408.56558222199,0.0,0,20,3780
27859.0,9408.56558222199,0.0,0,20,3780
27860.0,9408.56558222199,0.0,0,20,3780
27861.0,9408.56558222199,0.0,0,20,3780
27862.0,9408.56558222199,0.0,0,20,3780
27863.0,9408.56558222199,0.0,0,20,3780
27864.0,9408.56558222199,0.0,0,20,3780
27865.0,9408.56558222199,0.0,0,20,3780
27866.0,9408.56558222199,0.0,0,20,3780
27867.0,9408.56558222199,0.0,0,20,3780
27868.0,9408.56558222199,0.0,0,20,3780
27869.0,9408.56558222199,0.0,0,20,3780
27870.0,9408.56558222199,0.0,0,20,3780
27871.0,9408.56558222199,0.0,0,20,3780
27872.0,9408.56558222199,0.0,0,20,3780
27873.0,9408.56558222199,0.0,0,20,3780
27874.0,9408.56558222199,0.0,0,20,3780
27875.0,9408.56558222199,0.0,0,20,3780
27876.0,9408.56558222199,0.0,0,20,3780
27877.0,9408.56558222199,0.0,0,20,3780
27878.0,9408.56558222199,0.0,0,20,3780
27879.0,9408.56558222199,0.0,0,20,3780
27880.0,9408.56558222199,0.0,0,20,3780
27881.0,9408.56558222199,0.0,0,20,3780
27882.0,9408.56558222199,0.0,0,20,3780
27883.0,9408.56558222199,0.0,0,20,3780
27884.0,9408.56558222199,0.0,0,20,3780
27885.0,9408.56558222199,0.0,0,20,3780
27886.0,9408.56558222199,0.0,0,20,3780
27887.0,9408.56558222199,0.0,0,20,3780
27888.0,9408.56558222199,0.0,0,20,3780
27889.0,9408.56558222199,0.0,0,20,3780
27890.0,9408.56558222199,0.0,0,20,3780
27891.0,9408.56558222199,0.0,0,20,3780
27892.0,9408.56558222199,0.0,0,20,3780
27893.0,9408.56558222199,0.0,0,20,3780
27894.0,9408.56558222199,0.0,0,20,3780
27895.0,9408.56558222199,0.0,0,20,3780
27896.0,9408.56558222199,0.0,0,20,3780
27897.0,9408.56558222199,0.0,0,20,3780
27898.0,9408.56558222199,0.0,0,20,3780
27899.0,9408.56558222199,0.0,0,20,3780
27900.0,9408.56558222199,0.0,0,20,3780
27901.0,9408.56558222199,0.0,0,20,3780
27902.0,9408.56558222199,0.0,0,20,3780
27903.0,9408.56558222199,0.0,0,20,3780
27904.0,9408.56558222199,0.0,0,20,3780
27905.0,9408.56558222199,0.0,0,20,3780
27906.0,9408.56558222199,0.0,0,20,3780
27907.0,9408.56558222199,0.0,0,20,3780
27908.0,9408.56558222199,0.0,0,20,3780
27909.0,9408.56558222199,0.0,0,20,3780
27910.0,9408.56558222199,0.0,0,20,3780
27911.0,9408.56558222199,0.0,0,20,3780
27912.0,9408.56558222199,0.0,0,20,3780
27913.0,9408.56558222199,0.0,0,20,3780
27914.0,9408.56558222199,0.0,0,20,3780
27915.0,9408.56558222199,0.0,0,20,3780
27916.0,9408.56558222199,0.0,0,20,3780
27917.0,9408.56558222199,0.0,0,20,3780
27918.0,9408.56558222199,0.0,0,20,3780
27919.0,9408.56558222199,0.0,0,20,3780
27920.0,9408.56558222199,0.0,0,20,3780
27921.0,9408.56558222199,0.0,0,20,3780
27922.0,9408.56558222199,0.0,0,20,3780
27923.0,9408.56558222199,0.0,0,20,3780
27924.0,9408.56558222199,0.0,0,20,3780
27925.0,9408.56558222199,0.0,0,20,3780
27926.0,9408.56558222199,0.0,0,20,3780
27927.0,9408.56558222199,0.0,0,20,3780
27928.0,9408.56558222199,0.0,0,20,3780
27929.0,9408.56558222199,0.0,0,20,3780
27930.0,9408.56558222199,0.0,0,20,3780
27931.0,9408.56558222199,0.0,0,20,3780
27932.0,9408.56558222199,0.0,0,20,3780
27933.0,9408.56558222199,0.0,0,20,3780
27934.0,9408.56558222199,0.0,0,20,3780
27935.0,9408.56558222199,0.0,0,20,3780
27936.0,9408.56558222199,0.0,0,20,3780
27937.0,9408.56558222199,0.0,0,20,3780
27938.0,9408.56558222199,0.0,0,20,3780
27939.0,9408.56558222199,0.0,0,20,3780
27940.0,9408.56558222199,0.0,0,20,3780
27941.0,9408.56558222199,0.0,0,20,3780
27942.0,9408.56558222199,0.0,0,20,3780
27943.0,9408.56558222199,0.0,0,20,3780
27944.0,9408.56558222199,0.0,0,20,3780
27945.0,9408.56558222199,0.0,0,20,3780
27946.0,9408.56558222199,0.0,0,20,3780
27947.0,9408.56558222199,0.0,0,20,3780
27948.0,9408.56558222199,0.0,0,20,3780
27949.0,9408.56558222199,0.0,0,20,3780
27950.0,9408.56558222199,0.0,0,20,3780
27951.0,9408.56558222199,0.0,0,20,3780
27952.0,9408.56558222199,0.0,0,20,3780
27953.0,9408.56558222199,0.0,0,20,3780
27954.0,9408.56558222199,0.0,0,20,3780
27955.0,9408.56558222199,0.0,0,20,3780
27956.0,9408.56558222199,0.0,0,20,3780
27957.0,9408.56558222199,0.0,0,20,3780
27958.0,9408.56558222199,0.0,0,20,3780
27959.0,9408.56558222199,0.0,0,20,3780
27960.0,9408.56558222199,0.0,0,20,3780
27961.0,9408.56558222199,0.0,0,20,3780
27962.0,9408.56558222199,0.0,0,20,3780
27963.0,9408.56558222199,0.0,0,20,3780
27964.0,9408.56558222199,0.0,0,20,3780
27965.0,9408.56558222199,0.0,0,20,3780
27966.0,9408.56558222199,0.0,0,20,3780
27967.0,9408.56558222199,0.0,0,20,3780
27968.0,9408.56558222199,0.0,0,20,3780
27969.0,9408.56558222199,0.0,0,20,3780
27970.0,9408.56558222199,0.0,0,20,3780
27971.0,9408.56558222199,0.0,0,20,3780
27972.0,9408.56558222199,0.0,0,20,3780
27973.0,9408.56558222199,0.0,0,20,3780
27974.0,9408.56558222199,0.0,0,20,3780
27975.0,9408.56558222199,0.0,0,20,3780
27976.0,9408.56558222199,0.0,0,20,3780
27977.0,9408.56558222199,0.0,0,20,3780
27978.0,9408.56558222199,0.0,0,20,3780
27979.0,9408.56558222199,0.0,0,20,3780
27980.0,9408.56558222199,0.0,0,20,3780
27981.0,9408.56558222199,0.0,0,20,3780
27982.0,9408.56558222199,0.0,0,20,3780
27983.0,9408.56558222199,0.0,0,20,3780
27984.0,9408.56558222199,0.0,0,20,3780
27985.0,9408.56558222199,0.0,0,20,3780
27986.0,9408.56558222199,0.0,0,20,3780
27987.0,9408.56558222199,0.0,0,20,3780
27988.0,9408.56558222199,0.0,0,20,3780
27989.0,9408.56558222199,0.0,0,20,3780
27990.0,9408.56558222199,0.0,0,20,3780
27991.0,9408.56558222199,0.0,0,20,3780
27992.0,9408.56558222199,0.0,0,20,3780
27993.0,9408.56558222199,0.0,0,20,3780
27994.0,9408.56558222199,0.0,0,20,3780
27995.0,9408.56558222199,0.0,0,20,3780
27996.0,9408.56558222199,0.0,0,20,3780
27997.0,9408.56558222199,0.0,0,20,3780
27998.0,9408.56558222199,0.0,0,20,3780
27999.0,9408.56558222199,0.0,0,20,3780
28000.0,9408.56558222199,0.0,0,20,3780
28001.0,9408.56558222199,0.0,0,20,3780
28002.0,9408.56558222199,0.0,0,20,3780
28003.0,9408.56558222199,0.0,0,20,3780
28004.0,9408.56558222199,0.0,0,20,3780
28005.0,9408.56558222199,0.0,0,20,3780
28006.0,9408.56558222199,0.0,0,20,3780
28007.0,9408.56558222199,0.0,0,20,3780
28008.0,9408.56558222199,0.0,0,20,3780
28009.0,9408.56558222199,0.0,0,20,3780
28010.0,9408.56558222199,0.0,0,20,3780
28011.0,9408.56558222199,0.0,0,20,3780
28012.0,9408.56558222199,0.0,0,20,3780
28013.0,9408.56558222199,0.0,0,20,3780
28014.0,9408.56558222199,0.0,0,20,3780
28015.0,9408.56558222199,0.0,0,20,3780
28016.0,9408.56558222199,0.0,0,20,3780
28017.0,9408.56558222199,0.0,0,20,3780
28018.0,9408.56558222199,0.0,0,20,3780
28019.0,9408.56558222199,0.0,0,20,3780
28020.0,9408.56558222199,0.0,0,20,3780
28021.0,9408.56558222199,0.0,0,20,3780
28022.0,9408.56558222199,0.0,0,20,3780
28023.0,9408.56558222199,0.0,0,20,3780
28024.0,9408.56558222199,0.0,0,20,3780
28025.0,9408.56558222199,0.0,0,20,3780
28026.0,9408.56558222199,0.0,0,20,3780
28027.0,9408.56558222199,0.0,0,20,3780
28028.0,9408.56558222199,0.0,0,20,3780
28029.0,9408.56558222199,0.0,0,20,3780
28030.0,9408.56558222199,0.0,0,20,3780
28031.0,9408.56558222199,0.0,0,20,3780
28032.0,9408.56558222199,0.0,0,20,3780
28033.0,9408.56558222199,0.0,0,20,3780
28034.0,9408.56558222199,0.0,0,20,3780
28035.0,9408.56558222199,0.0,0,20,3780
28036.0,9408.56558222199,0.0,0,20,3780
28037.0,9408.56558222199,0.0,0,20,3780
28038.0,9408.56558222199,0.0,0,20,3780
28039.0,9408.56558222199,0.0,0,20,3780
28040.0,9408.56558222199,0.0,0,20,3780
28041.0,9408.56558222199,0.0,0,20,3780
28042.0,9408.56558222199,0.0,0,20,3780
28043.0,9408.56558222199,0.0,0,20,3780
28044.0,9408.56558222199,0.0,0,20,3780
28045.0,9408.56558222199,0.0,0,20,3780
28046.0,9408.56558222199,0.0,0,20,3780
28047.0,9408.56558222199,0.0,0,20,3780
28048.0,9408.56558222199,0.0,0,20,3780
28049.0,9408.56558222199,0.0,0,20,3780
28050.0,9408.56558222199,0.0,0,20,3780
28051.0,9408.56558222199,0.0,0,20,3780
28052.0,9408.56558222199,0.0,0,20,3780
28053.0,9408.56558222199,0.0,0,20,3780
28054.0,9408.56558222199,0.0,0,20,3780
28055.0,9408.56558222199,0.0,0,20,3780
28056.0,9408.56558222199,0.0,0,20,3780
28057.0,9408.56558222199,0.0,0,20,3780
28058.0,9408.56558222199,0.0,0,20,3780
28059.0,9408.56558222199,0.0,0,20,3780
28060.0,9408.56558222199,0.0,0,20,3780
28061.0,9408.56558222199,0.0,0,20,3780
28062.0,9408.56558222199,0.0,0,20,3780
28063.0,9408.56558222199,0.0,0,20,3780
28064.0,9408.56558222199,0.0,0,20,3780
28065.0,9408.56558222199,0.0,0,20,3780
28066.0,9408.56558222199,0.0,0,20,3780
28067.0,9408.56558222199,0.0,0,20,3780
28068.0,9408.56558222199,0.0,0,20,3780
28069.0,9408.56558222199,0.0,0,20,3780
28070.0,9408.56558222199,0.0,0,20,3780
28071.0,9408.56558222199,0.0,0,20,3780
28072.0,9408.56558222199,0.0,0,20,3780
28073.0,9408.56558222199,0.0,0,20,3780
28074.0,9408.56558222199,0.0,0,20,3780
28075.0,9408.56558222199,0.0,0,20,3780
28076.0,9408.56558222199,0.0,0,20,3780
28077.0,9408.56558222199,0.0,0,20,3780
28078.0,9408.56558222199,0.0,0,20,3780
28079.0,9408.56558222199,0.0,0,20,3780
28080.0,9408.56558222199,0.0,0,20,3780
28081.0,9408.56558222199,0.0,0,20,3780
28082.0,9408.56558222199,0.0,0,20,3780
28083.0,9408.56558222199,0.0,0,20,3780
28084.0,9408.56558222199,0.0,0,20,3780
28085.0,9408.56558222199,0.0,0,20,3780
28086.0,9408.56558222199,0.0,0,20,3780
28087.0,9408.56558222199,0.0,0,20,3780
28088.0,9408.56558222199,0.0,0,20,3780
28089.0,9408.56558222199,0.0,0,20,3780
28090.0,9408.56558222199,0.0,0,20,3780
28091.0,9408.56558222199,0.0,0,20,3780
28092.0,9408.56558222199,0.0,0,20,3780
28093.0,9408.56558222199,0.0,0,20,3780
28094.0,9408.56558222199,0.0,0,20,3780
28095.0,9408.56558222199,0.0,0,20,3780
28096.0,9408.56558222199,0.0,0,20,3780
28097.0,9408.56558222199,0.0,0,20,3780
28098.0,9408.56558222199,0.0,0,20,3780
28099.0,9408.56558222199,0.0,0,20,3780
28100.0,9408.56558222199,0.0,0,20,3780
28101.0,9408.56558222199,0.0,0,20,3780
28102.0,9408.56558222199,0.0,0,20,3780
28103.0,9408.56558222199,0.0,0,20,3780
28104.0,9408.56558222199,0.0,0,20,3780
28105.0,9408.56558222199,0.0,0,20,3780
28106.0,9408.56558222199,0.0,0,20,3780
28107.0,9408.56558222199,0.0,0,20,3780
28108.0,9408.56558222199,0.0,0,20,3780
28109.0,9408.56558222199,0.0,0,20,3780
28110.0,9408.56558222199,0.0,0,20,3780
28111.0,9408.56558222199,0.0,0,20,3780
28112.0,9408.56558222199,0.0,0,20,3780
28113.0,9408.56558222199,0.0,0,20,3780
28114.0,9408.56558222199,0.0,0,20,3780
28115.0,9408.56558222199,0.0,0,20,3780
28116.0,9408.56558222199,0.0,0,20,3780
28117.0,9408.56558222199,0.0,0,20,3780
28118.0,9408.56558222199,0.0,0,20,3780
28119.0,9408.56558222199,0.0,0,20,3780
28120.0,9408.56558222199,0.0,0,20,3780
28121.0,9408.56558222199,0.0,0,20,3780
28122.0,9408.56558222199,0.0,0,20,3780
28123.0,9408.56558222199,0.0,0,20,3780
28124.0,9408.56558222199,0.0,0,20,3780
28125.0,9408.56558222199,0.0,0,20,3780
28126.0,9408.56558222199,0.0,0,20,3780
28127.0,9408.56558222199,0.0,0,20,3780
28128.0,9408.56558222199,0.0,0,20,3780
28129.0,9408.56558222199,0.0,0,20,3780
28130.0,9408.56558222199,0.0,0,20,3780
28131.0,9408.56558222199,0.0,0,20,3780
28132.0,9408.56558222199,0.0,0,20,3780
28133.0,9408.56558222199,0.0,0,20,3780
28134.0,9408.56558222199,0.0,0,20,3780
28135.0,9408.56558222199,0.0,0,20,3780
28136.0,9408.56558222199,0.0,0,20,3780
28137.0,9408.56558222199,0.0,0,20,3780
28138.0,9408.56558222199,0.0,0,20,3780
28139.0,9408.56558222199,0.0,0,20,3780
28140.0,9408.56558222199,0.0,0,20,3780
28141.0,9408.56558222199,0.0,0,20,3780
28142.0,9408.56558222199,0.0,0,20,3780
28143.0,9408.56558222199,0.0,0,20,3780
28144.0,9408.56558222199,0.0,0,20,3780
28145.0,9408.56558222199,0.0,0,20,3780
28146.0,9408.56558222199,0.0,0,20,3780
28147.0,9408.56558222199,0.0,0,20,3780
28148.0,9408.56558222199,0.0,0,20,3780
28149.0,9408.56558222199,0.0,0,20,3780
28150.0,9408.56558222199,0.0,0,20,3780
28151.0,9408.56558222199,0.0,0,20,3780
28152.0,9408.56558222199,0.0,0,20,3780
28153.0,9408.56558222199,0.0,0,20,3780
28154.0,9408.56558222199,0.0,0,20,3780
28155.0,9408.56558222199,0.0,0,20,3780
28156.0,9408.56558222199,0.0,0,20,3780
28157.0,9408.56558222199,0.0,0,20,3780
28158.0,9408.56558222199,0.0,0,20,3780
28159.0,9408.56558222199,0.0,0,20,3780
28160.0,9408.56558222199,0.0,0,20,3780
28161.0,9408.56558222199,0.0,0,20,3780
28162.0,9408.56558222199,0.0,0,20,3780
28163.0,9408.56558222199,0.0,0,20,3780
28164.0,9408.56558222199,0.0,0,20,3780
28165.0,9408.56558222199,0.0,0,20,3780
28166.0,9408.56558222199,0.0,0,20,3780
28167.0,9408.56558222199,0.0,0,20,3780
28168.0,9408.56558222199,0.0,0,20,3780
28169.0,9408.56558222199,0.0,0,20,3780
28170.0,9408.56558222199,0.0,0,20,3780
28171.0,9408.56558222199,0.0,0,20,3780
28172.0,9408.56558222199,0.0,0,20,3780
28173.0,9408.56558222199,0.0,0,20,3780
28174.0,9408.56558222199,0.0,0,20,3780
28175.0,9408.56558222199,0.0,0,20,3780
28176.0,9408.56558222199,0.0,0,20,3780
28177.0,9408.56558222199,0.0,0,20,3780
28178.0,9408.56558222199,0.0,0,20,3780
28179.0,9408.56558222199,0.0,0,20,3780
28180.0,9408.56558222199,0.0,0,20,3780
28181.0,9408.56558222199,0.0,0,20,3780
28182.0,9408.56558222199,0.0,0,20,3780
28183.0,9408.56558222199,0.0,0,20,3780
28184.0,9408.56558222199,0.0,0,20,3780
28185.0,9408.56558222199,0.0,0,20,3780
28186.0,9408.56558222199,0.0,0,20,3780
28187.0,9408.56558222199,0.0,0,20,3780
28188.0,9408.56558222199,0.0,0,20,3780
28189.0,9408.56558222199,0.0,0,20,3780
28190.0,9408.56558222199,0.0,0,20,3780
28191.0,9408.56558222199,0.0,0,20,3780
28192.0,9408.56558222199,0.0,0,20,3780
28193.0,9408.56558222199,0.0,0,20,3780
28194.0,9408.56558222199,0.0,0,20,3780
28195.0,9408.56558222199,0.0,0,20,3780
28196.0,9408.56558222199,0.0,0,20,3780
28197.0,9408.56558222199,0.0,0,20,3780
28198.0,9408.56558222199,0.0,0,20,3780
28199.0,9408.56558222199,0.0,0,20,3780
28200.0,9408.56558222199,0.0,0,20,3780
28201.0,9408.56558222199,0.0,0,20,3780
28202.0,9408.56558222199,0.0,0,20,3780
28203.0,9408.56558222199,0.0,0,20,3780
28204.0,9408.56558222199,0.0,0,20,3780
28205.0,9408.56558222199,0.0,0,20,3780
28206.0,9408.56558222199,0.0,0,20,3780
28207.0,9408.56558222199,0.0,0,20,3780
28208.0,9408.56558222199,0.0,0,20,3780
28209.0,9408.56558222199,0.0,0,20,3780
28210.0,9408.56558222199,0.0,0,20,3780
28211.0,9408.56558222199,0.0,0,20,3780
28212.0,9408.56558222199,0.0,0,20,3780
28213.0,9408.56558222199,0.0,0,20,3780
28214.0,9408.56558222199,0.0,0,20,3780
28215.0,9408.56558222199,0.0,0,20,3780
28216.0,9408.56558222199,0.0,0,20,3780
28217.0,9408.56558222199,0.0,0,20,3780
28218.0,9408.56558222199,0.0,0,20,3780
28219.0,9408.56558222199,0.0,0,20,3780
28220.0,9408.56558222199,0.0,0,20,3780
28221.0,9408.56558222199,0.0,0,20,3780
28222.0,9408.56558222199,0.0,0,20,3780
28223.0,9408.56558222199,0.0,0,20,3780
28224.0,9408.56558222199,0.0,0,20,3780
28225.0,9408.56558222199,0.0,0,20,3780
28226.0,9408.56558222199,0.0,0,20,3780
28227.0,9408.56558222199,0.0,0,20,3780
28228.0,9408.56558222199,0.0,0,20,3780
28229.0,9408.56558222199,0.0,0,20,3780
28230.0,9408.56558222199,0.0,0,20,3780
28231.0,9408.56558222199,0.0,0,20,3780
28232.0,9408.56558222199,0.0,0,20,3780
28233.0,9408.56558222199,0.0,0,20,3780
28234.0,9408.56558222199,0.0,0,20,3780
28235.0,9408.56558222199,0.0,0,20,3780
28236.0,9408.56558222199,0.0,0,20,3780
28237.0,9408.56558222199,0.0,0,20,3780
28238.0,9408.56558222199,0.0,0,20,3780
28239.0,9408.56558222199,0.0,0,20,3780
28240.0,9408.56558222199,0.0,0,20,3780
28241.0,9408.56558222199,0.0,0,20,3780
28242.0,9408.56558222199,0.0,0,20,3780
28243.0,9408.56558222199,0.0,0,20,3780
28244.0,9408.56558222199,0.0,0,20,3780
28245.0,9408.56558222199,0.0,0,20,3780
28246.0,9408.56558222199,0.0,0,20,3780
28247.0,9408.56558222199,0.0,0,20,3780
28248.0,9408.56558222199,0.0,0,20,3780
28249.0,9408.56558222199,0.0,0,20,3780
28250.0,9408.56558222199,0.0,0,20,3780
28251.0,9408.56558222199,0.0,0,20,3780
28252.0,9408.56558222199,0.0,0,20,3780
28253.0,9408.56558222199,0.0,0,20,3780
28254.0,9408.56558222199,0.0,0,20,3780
28255.0,9408.56558222199,0.0,0,20,3780
28256.0,9408.56558222199,0.0,0,20,3780
28257.0,9408.56558222199,0.0,0,20,3780
28258.0,9408.56558222199,0.0,0,20,3780
28259.0,9408.56558222199,0.0,0,20,3780
28260.0,9408.56558222199,0.0,0,20,3780
28261.0,9408.56558222199,0.0,0,20,3780
28262.0,9408.56558222199,0.0,0,20,3780
28263.0,9408.56558222199,0.0,0,20,3780
28264.0,9408.56558222199,0.0,0,20,3780
28265.0,9408.56558222199,0.0,0,20,3780
28266.0,9408.56558222199,0.0,0,20,3780
28267.0,9408.56558222199,0.0,0,20,3780
28268.0,9408.56558222199,0.0,0,20,3780
28269.0,9408.56558222199,0.0,0,20,3780
28270.0,9408.56558222199,0.0,0,20,3780
28271.0,9408.56558222199,0.0,0,20,3780
28272.0,9408.56558222199,0.0,0,20,3780
28273.0,9408.56558222199,0.0,0,20,3780
28274.0,9408.56558222199,0.0,0,20,3780
28275.0,9408.56558222199,0.0,0,20,3780
28276.0,9408.56558222199,0.0,0,20,3780
28277.0,9408.56558222199,0.0,0,20,3780
28278.0,9408.56558222199,0.0,0,20,3780
28279.0,9408.56558222199,0.0,0,20,3780
28280.0,9408.56558222199,0.0,0,20,3780
28281.0,9408.56558222199,0.0,0,20,3780
28282.0,9408.56558222199,0.0,0,20,3780
28283.0,9408.56558222199,0.0,0,20,3780
28284.0,9408.56558222199,0.0,0,20,3780
28285.0,9408.56558222199,0.0,0,20,3780
28286.0,9408.56558222199,0.0,0,20,3780
28287.0,9408.56558222199,0.0,0,20,3780
28288.0,9408.56558222199,0.0,0,20,3780
28289.0,9408.56558222199,0.0,0,20,3780
28290.0,9408.56558222199,0.0,0,20,3780
28291.0,9408.56558222199,0.0,0,20,3780
28292.0,9408.56558222199,0.0,0,20,3780
28293.0,9408.56558222199,0.0,0,20,3780
28294.0,9408.56558222199,0.0,0,20,3780
28295.0,9408.56558222199,0.0,0,20,3780
28296.0,9408.56558222199,0.0,0,20,3780
28297.0,9408.56558222199,0.0,0,20,3780
28298.0,9408.56558222199,0.0,0,20,3780
28299.0,9408.56558222199,0.0,0,20,3780
28300.0,9408.56558222199,0.0,0,20,3780
28301.0,9408.56558222199,0.0,0,20,3780
28302.0,9408.56558222199,0.0,0,20,3780
28303.0,9408.56558222199,0.0,0,20,3780
28304.0,9408.56558222199,0.0,0,20,3780
28305.0,9408.56558222199,0.0,0,20,3780
28306.0,9408.56558222199,0.0,0,20,3780
28307.0,9408.56558222199,0.0,0,20,3780
28308.0,9408.56558222199,0.0,0,20,3780
28309.0,9408.56558222199,0.0,0,20,3780
28310.0,9408.56558222199,0.0,0,20,3780
28311.0,9408.56558222199,0.0,0,20,3780
28312.0,9408.56558222199,0.0,0,20,3780
28313.0,9408.56558222199,0.0,0,20,3780
28314.0,9408.56558222199,0.0,0,20,3780
28315.0,9408.56558222199,0.0,0,20,3780
28316.0,9408.56558222199,0.0,0,20,3780
28317.0,9408.56558222199,0.0,0,20,3780
28318.0,9408.56558222199,0.0,0,20,3780
28319.0,9408.56558222199,0.0,0,20,3780
28320.0,9408.56558222199,0.0,0,20,3780
28321.0,9408.56558222199,0.0,0,20,3780
28322.0,9408.56558222199,0.0,0,20,3780
28323.0,9408.56558222199,0.0,0,20,3780
28324.0,9408.56558222199,0.0,0,20,3780
28325.0,9408.56558222199,0.0,0,20,3780
28326.0,9408.56558222199,0.0,0,20,3780
28327.0,9408.56558222199,0.0,0,20,3780
28328.0,9408.56558222199,0.0,0,20,3780
28329.0,9408.56558222199,0.0,0,20,3780
28330.0,9408.56558222199,0.0,0,20,3780
28331.0,9408.56558222199,0.0,0,20,3780
28332.0,9408.56558222199,0.0,0,20,3780
28333.0,9408.56558222199,0.0,0,20,3780
28334.0,9408.56558222199,0.0,0,20,3780
28335.0,9408.56558222199,0.0,0,20,3780
28336.0,9408.56558222199,0.0,0,20,3780
28337.0,9408.56558222199,0.0,0,20,3780
28338.0,9408.56558222199,0.0,0,20,3780
28339.0,9408.56558222199,0.0,0,20,3780
28340.0,9408.56558222199,0.0,0,20,3780
28341.0,9408.56558222199,0.0,0,20,3780
28342.0,9408.56558222199,0.0,0,20,3780
28343.0,9408.56558222199,0.0,0,20,3780
28344.0,9408.56558222199,0.0,0,20,3780
28345.0,9408.56558222199,0.0,0,20,3780
28346.0,9408.56558222199,0.0,0,20,3780
28347.0,9408.56558222199,0.0,0,20,3780
28348.0,9408.56558222199,0.0,0,20,3780
28349.0,9408.56558222199,0.0,0,20,3780
28350.0,9408.56558222199,0.0,0,20,3780
28351.0,9408.56558222199,0.0,0,20,3780
28352.0,9408.56558222199,0.0,0,20,3780
28353.0,9408.56558222199,0.0,0,20,3780
28354.0,9408.56558222199,0.0,0,20,3780
28355.0,9408.56558222199,0.0,0,20,3780
28356.0,9408.56558222199,0.0,0,20,3780
28357.0,9408.56558222199,0.0,0,20,3780
28358.0,9408.56558222199,0.0,0,20,3780
28359.0,9408.56558222199,0.0,0,20,3780
28360.0,9408.56558222199,0.0,0,20,3780
28361.0,9408.56558222199,0.0,0,20,3780
28362.0,9408.56558222199,0.0,0,20,3780
28363.0,9408.56558222199,0.0,0,20,3780
28364.0,9408.56558222199,0.0,0,20,3780
28365.0,9408.56558222199,0.0,0,20,3780
28366.0,9408.56558222199,0.0,0,20,3780
28367.0,9408.56558222199,0.0,0,20,3780
28368.0,9408.56558222199,0.0,0,20,3780
28369.0,9408.56558222199,0.0,0,20,3780
28370.0,9408.56558222199,0.0,0,20,3780
28371.0,9408.56558222199,0.0,0,20,3780
28372.0,9408.56558222199,0.0,0,20,3780
28373.0,9408.56558222199,0.0,0,20,3780
28374.0,9408.56558222199,0.0,0,20,3780
28375.0,9408.56558222199,0.0,0,20,3780
28376.0,9408.56558222199,0.0,0,20,3780
28377.0,9408.56558222199,0.0,0,20,3780
28378.0,9408.56558222199,0.0,0,20,3780
28379.0,9408.56558222199,0.0,0,20,3780
28380.0,9408.56558222199,0.0,0,20,3780
28381.0,9408.56558222199,0.0,0,20,3780
28382.0,9408.56558222199,0.0,0,20,3780
28383.0,9408.56558222199,0.0,0,20,3780
28384.0,9408.56558222199,0.0,0,20,3780
28385.0,9408.56558222199,0.0,0,20,3780
28386.0,9408.56558222199,0.0,0,20,3780
28387.0,9408.56558222199,0.0,0,20,3780
28388.0,9408.56558222199,0.0,0,20,3780
28389.0,9408.56558222199,0.0,0,20,3780
28390.0,9408.56558222199,0.0,0,20,3780
28391.0,9408.56558222199,0.0,0,20,3780
28392.0,9408.56558222199,0.0,0,20,3780
28393.0,9408.56558222199,0.0,0,20,3780
28394.0,9408.56558222199,0.0,0,20,3780
28395.0,9408.56558222199,0.0,0,20,3780
28396.0,9408.56558222199,0.0,0,20,3780
28397.0,9408.56558222199,0.0,0,20,3780
28398.0,9408.56558222199,0.0,0,20,3780
28399.0,9408.56558222199,0.0,0,20,3780
28400.0,9408.56558222199,0.0,0,20,3780
28401.0,9408.56558222199,0.0,0,20,3780
28402.0,9408.56558222199,0.0,0,20,3780
28403.0,9408.56558222199,0.0,0,20,3780
28404.0,9408.56558222199,0.0,0,20,3780
28405.0,9408.56558222199,0.0,0,20,3780
28406.0,9408.56558222199,0.0,0,20,3780
28407.0,9408.56558222199,0.0,0,20,3780
28408.0,9408.56558222199,0.0,0,20,3780
28409.0,9408.56558222199,0.0,0,20,3780
28410.0,9408.56558222199,0.0,0,20,3780
28411.0,9408.56558222199,0.0,0,20,3780
28412.0,9408.56558222199,0.0,0,20,3780
28413.0,9408.56558222199,0.0,0,20,3780
28414.0,9408.56558222199,0.0,0,20,3780
28415.0,9408.56558222199,0.0,0,20,3780
28416.0,9408.56558222199,0.0,0,20,3780
28417.0,9408.56558222199,0.0,0,20,3780
28418.0,9408.56558222199,0.0,0,20,3780
28419.0,9408.56558222199,0.0,0,20,3780
28420.0,9408.56558222199,0.0,0,20,3780
28421.0,9408.56558222199,0.0,0,20,3780
28422.0,9408.56558222199,0.0,0,20,3780
28423.0,9408.56558222199,0.0,0,20,3780
28424.0,9408.56558222199,0.0,0,20,3780
28425.0,9408.56558222199,0.0,0,20,3780
28426.0,9408.56558222199,0.0,0,20,3780
28427.0,9408.56558222199,0.0,0,20,3780
28428.0,9408.56558222199,0.0,0,20,3780
28429.0,9408.56558222199,0.0,0,20,3780
28430.0,9408.56558222199,0.0,0,20,3780
28431.0,9408.56558222199,0.0,0,20,3780
28432.0,9408.56558222199,0.0,0,20,3780
28433.0,9408.56558222199,0.0,0,20,3780
28434.0,9408.56558222199,0.0,0,20,3780
28435.0,9408.56558222199,0.0,0,20,3780
28436.0,9408.56558222199,0.0,0,20,3780
28437.0,9408.56558222199,0.0,0,20,3780
28438.0,9408.56558222199,0.0,0,20,3780
28439.0,9408.56558222199,0.0,0,20,3780
28440.0,9408.56558222199,0.0,0,20,3780
28441.0,9408.56558222199,0.0,0,20,3780
28442.0,9408.56558222199,0.0,0,20,3780
28443.0,9408.56558222199,0.0,0,20,3780
28444.0,9408.56558222199,0.0,0,20,3780
28445.0,9408.56558222199,0.0,0,20,3780
28446.0,9408.56558222199,0.0,0,20,3780
28447.0,9408.56558222199,0.0,0,20,3780
28448.0,9408.56558222199,0.0,0,20,3780
28449.0,9408.56558222199,0.0,0,20,3780
28450.0,9408.56558222199,0.0,0,20,3780
28451.0,9408.56558222199,0.0,0,20,3780
28452.0,9408.56558222199,0.0,0,20,3780
28453.0,9408.56558222199,0.0,0,20,3780
28454.0,9408.56558222199,0.0,0,20,3780
28455.0,9408.56558222199,0.0,0,20,3780
28456.0,9408.56558222199,0.0,0,20,3780
28457.0,9408.56558222199,0.0,0,20,3780
28458.0,9408.56558222199,0.0,0,20,3780
28459.0,9408.56558222199,0.0,0,20,3780
28460.0,9408.56558222199,0.0,0,20,3780
28461.0,9408.56558222199,0.0,0,20,3780
28462.0,9408.56558222199,0.0,0,20,3780
28463.0,9408.56558222199,0.0,0,20,3780
28464.0,9408.56558222199,0.0,0,20,3780
28465.0,9408.56558222199,0.0,0,20,3780
28466.0,9408.56558222199,0.0,0,20,3780
28467.0,9408.56558222199,0.0,0,20,3780
28468.0,9408.56558222199,0.0,0,20,3780
28469.0,9408.56558222199,0.0,0,20,3780
28470.0,9408.56558222199,0.0,0,20,3780
28471.0,9408.56558222199,0.0,0,20,3780
28472.0,9408.56558222199,0.0,0,20,3780
28473.0,9408.56558222199,0.0,0,20,3780
28474.0,9408.56558222199,0.0,0,20,3780
28475.0,9408.56558222199,0.0,0,20,3780
28476.0,9408.56558222199,0.0,0,20,3780
28477.0,9408.56558222199,0.0,0,20,3780
28478.0,9408.56558222199,0.0,0,20,3780
28479.0,9408.56558222199,0.0,0,20,3780
28480.0,9408.56558222199,0.0,0,20,3780
28481.0,9408.56558222199,0.0,0,20,3780
28482.0,9408.56558222199,0.0,0,20,3780
28483.0,9408.56558222199,0.0,0,20,3780
28484.0,9408.56558222199,0.0,0,20,3780
28485.0,9408.56558222199,0.0,0,20,3780
28486.0,9408.56558222199,0.0,0,20,3780
28487.0,9408.56558222199,0.0,0,20,3780
28488.0,9408.56558222199,0.0,0,20,3780
28489.0,9408.56558222199,0.0,0,20,3780
28490.0,9408.56558222199,0.0,0,20,3780
28491.0,9408.56558222199,0.0,0,20,3780
28492.0,9408.56558222199,0.0,0,20,3780
28493.0,9408.56558222199,0.0,0,20,3780
28494.0,9408.56558222199,0.0,0,20,3780
28495.0,9408.56558222199,0.0,0,20,3780
28496.0,9408.56558222199,0.0,0,20,3780
28497.0,9408.56558222199,0.0,0,20,3780
28498.0,9408.56558222199,0.0,0,20,3780
28499.0,9408.56558222199,0.0,0,20,3780
28500.0,9408.56558222199,0.0,0,20,3780
28501.0,9408.56558222199,0.0,0,20,3780
28502.0,9408.56558222199,0.0,0,20,3780
28503.0,9408.56558222199,0.0,0,20,3780
28504.0,9408.56558222199,0.0,0,20,3780
28505.0,9408.56558222199,0.0,0,20,3780
28506.0,9408.56558222199,0.0,0,20,3780
28507.0,9408.56558222199,0.0,0,20,3780
28508.0,9408.56558222199,0.0,0,20,3780
28509.0,9408.56558222199,0.0,0,20,3780
28510.0,9408.56558222199,0.0,0,20,3780
28511.0,9408.56558222199,0.0,0,20,3780
28512.0,9408.56558222199,0.0,0,20,3780
28513.0,9408.56558222199,0.0,0,20,3780
28514.0,9408.56558222199,0.0,0,20,3780
28515.0,9408.56558222199,0.0,0,20,3780
28516.0,9408.56558222199,0.0,0,20,3780
28517.0,9408.56558222199,0.0,0,20,3780
28518.0,9408.56558222199,0.0,0,20,3780
28519.0,9408.56558222199,0.0,0,20,3780
28520.0,9408.56558222199,0.0,0,20,3780
28521.0,9408.56558222199,0.0,0,20,3780
28522.0,9408.56558222199,0.0,0,20,3780
28523.0,9408.56558222199,0.0,0,20,3780
28524.0,9408.56558222199,0.0,0,20,3780
28525.0,9408.56558222199,0.0,0,20,3780
28526.0,9408.56558222199,0.0,0,20,3780
28527.0,9408.56558222199,0.0,0,20,3780
28528.0,9408.56558222199,0.0,0,20,3780
28529.0,9408.56558222199,0.0,0,20,3780
28530.0,9408.56558222199,0.0,0,20,3780
28531.0,9408.56558222199,0.0,0,20,3780
28532.0,9408.56558222199,0.0,0,20,3780
28533.0,9408.56558222199,0.0,0,20,3780
28534.0,9408.56558222199,0.0,0,20,3780
28535.0,9408.56558222199,0.0,0,20,3780
28536.0,9408.56558222199,0.0,0,20,3780
28537.0,9408.56558222199,0.0,0,20,3780
28538.0,9408.56558222199,0.0,0,20,3780
28539.0,9408.56558222199,0.0,0,20,3780
28540.0,9408.56558222199,0.0,0,20,3780
28541.0,9408.56558222199,0.0,0,20,3780
28542.0,9408.56558222199,0.0,0,20,3780
28543.0,9408.56558222199,0.0,0,20,3780
28544.0,9408.56558222199,0.0,0,20,3780
28545.0,9408.56558222199,0.0,0,20,3780
28546.0,9408.56558222199,0.0,0,20,3780
28547.0,9408.56558222199,0.0,0,20,3780
28548.0,9408.56558222199,0.0,0,20,3780
28549.0,9408.56558222199,0.0,0,20,3780
28550.0,9408.56558222199,0.0,0,20,3780
28551.0,9408.56558222199,0.0,0,20,3780
28552.0,9408.56558222199,0.0,0,20,3780
28553.0,9408.56558222199,0.0,0,20,3780
28554.0,9408.56558222199,0.0,0,20,3780
28555.0,9408.56558222199,0.0,0,20,3780
28556.0,9408.56558222199,0.0,0,20,3780
28557.0,9408.56558222199,0.0,0,20,3780
28558.0,9408.56558222199,0.0,0,20,3780
28559.0,9408.56558222199,0.0,0,20,3780
28560.0,9408.56558222199,0.0,0,20,3780
28561.0,9408.56558222199,0.0,0,20,3780
28562.0,9408.56558222199,0.0,0,20,3780
28563.0,9408.56558222199,0.0,0,20,3780
28564.0,9408.56558222199,0.0,0,20,3780
28565.0,9408.56558222199,0.0,0,20,3780
28566.0,9408.56558222199,0.0,0,20,3780
28567.0,9408.56558222199,0.0,0,20,3780
28568.0,9408.56558222199,0.0,0,20,3780
28569.0,9408.56558222199,0.0,0,20,3780
28570.0,9408.56558222199,0.0,0,20,3780
28571.0,9408.56558222199,0.0,0,20,3780
28572.0,9408.56558222199,0.0,0,20,3780
28573.0,9408.56558222199,0.0,0,20,3780
28574.0,9408.56558222199,0.0,0,20,3780
28575.0,9408.56558222199,0.0,0,20,3780
28576.0,9408.56558222199,0.0,0,20,3780
28577.0,9408.56558222199,0.0,0,20,3780
28578.0,9408.56558222199,0.0,0,20,3780
28579.0,9408.56558222199,0.0,0,20,3780
28580.0,9408.56558222199,0.0,0,20,3780
28581.0,9408.56558222199,0.0,0,20,3780
28582.0,9408.56558222199,0.0,0,20,3780
28583.0,9408.56558222199,0.0,0,20,3780
28584.0,9408.56558222199,0.0,0,20,3780
28585.0,9408.56558222199,0.0,0,20,3780
28586.0,9408.56558222199,0.0,0,20,3780
28587.0,9408.56558222199,0.0,0,20,3780
28588.0,9408.56558222199,0.0,0,20,3780
28589.0,9408.56558222199,0.0,0,20,3780
28590.0,9408.56558222199,0.0,0,20,3780
28591.0,9408.56558222199,0.0,0,20,3780
28592.0,9408.56558222199,0.0,0,20,3780
28593.0,9408.56558222199,0.0,0,20,3780
28594.0,9408.56558222199,0.0,0,20,3780
28595.0,9408.56558222199,0.0,0,20,3780
28596.0,9408.56558222199,0.0,0,20,3780
28597.0,9408.56558222199,0.0,0,20,3780
28598.0,9408.56558222199,0.0,0,20,3780
28599.0,9408.56558222199,0.0,0,20,3780
28600.0,9408.56558222199,0.0,0,20,3780
28601.0,9408.56558222199,0.0,0,20,3780
28602.0,9408.56558222199,0.0,0,20,3780
28603.0,9408.56558222199,0.0,0,20,3780
28604.0,9408.56558222199,0.0,0,20,3780
28605.0,9408.56558222199,0.0,0,20,3780
28606.0,9408.56558222199,0.0,0,20,3780
28607.0,9408.56558222199,0.0,0,20,3780
28608.0,9408.56558222199,0.0,0,20,3780
28609.0,9408.56558222199,0.0,0,20,3780
28610.0,9408.56558222199,0.0,0,20,3780
28611.0,9408.56558222199,0.0,0,20,3780
28612.0,9408.56558222199,0.0,0,20,3780
28613.0,9408.56558222199,0.0,0,20,3780
28614.0,9408.56558222199,0.0,0,20,3780
28615.0,9408.56558222199,0.0,0,20,3780
28616.0,9408.56558222199,0.0,0,20,3780
28617.0,9408.56558222199,0.0,0,20,3780
28618.0,9408.56558222199,0.0,0,20,3780
28619.0,9408.56558222199,0.0,0,20,3780
28620.0,9408.56558222199,0.0,0,20,3780
28621.0,9408.56558222199,0.0,0,20,3780
28622.0,9408.56558222199,0.0,0,20,3780
28623.0,9408.56558222199,0.0,0,20,3780
28624.0,9408.56558222199,0.0,0,20,3780
28625.0,9408.56558222199,0.0,0,20,3780
28626.0,9408.56558222199,0.0,0,20,3780
28627.0,9408.56558222199,0.0,0,20,3780
28628.0,9408.56558222199,0.0,0,20,3780
28629.0,9408.56558222199,0.0,0,20,3780
28630.0,9408.56558222199,0.0,0,20,3780
28631.0,9408.56558222199,0.0,0,20,3780
28632.0,9408.56558222199,0.0,0,20,3780
28633.0,9408.56558222199,0.0,0,20,3780
28634.0,9408.56558222199,0.0,0,20,3780
28635.0,9408.56558222199,0.0,0,20,3780
28636.0,9408.56558222199,0.0,0,20,3780
28637.0,9408.56558222199,0.0,0,20,3780
28638.0,9408.56558222199,0.0,0,20,3780
28639.0,9408.56558222199,0.0,0,20,3780
28640.0,9408.56558222199,0.0,0,20,3780
28641.0,9408.56558222199,0.0,0,20,3780
28642.0,9408.56558222199,0.0,0,20,3780
28643.0,9408.56558222199,0.0,0,20,3780
28644.0,9408.56558222199,0.0,0,20,3780
28645.0,9408.56558222199,0.0,0,20,3780
28646.0,9408.56558222199,0.0,0,20,3780
28647.0,9408.56558222199,0.0,0,20,3780
28648.0,9408.56558222199,0.0,0,20,3780
28649.0,9408.56558222199,0.0,0,20,3780
28650.0,9408.56558222199,0.0,0,20,3780
28651.0,9408.56558222199,0.0,0,20,3780
28652.0,9408.56558222199,0.0,0,20,3780
28653.0,9408.56558222199,0.0,0,20,3780
28654.0,9408.56558222199,0.0,0,20,3780
28655.0,9408.56558222199,0.0,0,20,3780
28656.0,9408.56558222199,0.0,0,20,3780
28657.0,9408.56558222199,0.0,0,20,3780
28658.0,9408.56558222199,0.0,0,20,3780
28659.0,9408.56558222199,0.0,0,20,3780
28660.0,9408.56558222199,0.0,0,20,3780
28661.0,9408.56558222199,0.0,0,20,3780
28662.0,9408.56558222199,0.0,0,20,3780
28663.0,9408.56558222199,0.0,0,20,3780
28664.0,9408.56558222199,0.0,0,20,3780
28665.0,9408.56558222199,0.0,0,20,3780
28666.0,9408.56558222199,0.0,0,20,3780
28667.0,9408.56558222199,0.0,0,20,3780
28668.0,9408.56558222199,0.0,0,20,3780
28669.0,9408.56558222199,0.0,0,20,3780
28670.0,9408.56558222199,0.0,0,20,3780
28671.0,9408.56558222199,0.0,0,20,3780
28672.0,9408.56558222199,0.0,0,20,3780
28673.0,9408.56558222199,0.0,0,20,3780
28674.0,9408.56558222199,0.0,0,20,3780
28675.0,9408.56558222199,0.0,0,20,3780
28676.0,9408.56558222199,0.0,0,20,3780
28677.0,9408.56558222199,0.0,0,20,3780
28678.0,9408.56558222199,0.0,0,20,3780
28679.0,9408.56558222199,0.0,0,20,3780
28680.0,9408.56558222199,0.0,0,20,3780
28681.0,9408.56558222199,0.0,0,20,3780
28682.0,9408.56558222199,0.0,0,20,3780
28683.0,9408.56558222199,0.0,0,20,3780
28684.0,9408.56558222199,0.0,0,20,3780
28685.0,9408.56558222199,0.0,0,20,3780
28686.0,9408.56558222199,0.0,0,20,3780
28687.0,9408.56558222199,0.0,0,20,3780
28688.0,9408.56558222199,0.0,0,20,3780
28689.0,9408.56558222199,0.0,0,20,3780
28690.0,9408.56558222199,0.0,0,20,3780
28691.0,9408.56558222199,0.0,0,20,3780
28692.0,9408.56558222199,0.0,0,20,3780
28693.0,9408.56558222199,0.0,0,20,3780
28694.0,9408.56558222199,0.0,0,20,3780
28695.0,9408.56558222199,0.0,0,20,3780
28696.0,9408.56558222199,0.0,0,20,3780
28697.0,9408.56558222199,0.0,0,20,3780
28698.0,9408.56558222199,0.0,0,20,3780
28699.0,9408.56558222199,0.0,0,20,3780
28700.0,9408.56558222199,0.0,0,20,3780
28701.0,9408.56558222199,0.0,0,20,3780
28702.0,9408.56558222199,0.0,0,20,3780
28703.0,9408.56558222199,0.0,0,20,3780
28704.0,9408.56558222199,0.0,0,20,3780
28705.0,9408.56558222199,0.0,0,20,3780
28706.0,9408.56558222199,0.0,0,20,3780
28707.0,9408.56558222199,0.0,0,20,3780
28708.0,9408.56558222199,0.0,0,20,3780
28709.0,9408.56558222199,0.0,0,20,3780
28710.0,9408.56558222199,0.0,0,20,3780
28711.0,9408.56558222199,0.0,0,20,3780
28712.0,9408.56558222199,0.0,0,20,3780
28713.0,9408.56558222199,0.0,0,20,3780
28714.0,9408.56558222199,0.0,0,20,3780
28715.0,9408.56558222199,0.0,0,20,3780
28716.0,9408.56558222199,0.0,0,20,3780
28717.0,9408.56558222199,0.0,0,20,3780
28718.0,9408.56558222199,0.0,0,20,3780
28719.0,9408.56558222199,0.0,0,20,3780
28720.0,9408.56558222199,0.0,0,20,3780
28721.0,9408.56558222199,0.0,0,20,3780
28722.0,9408.56558222199,0.0,0,20,3780
28723.0,9408.56558222199,0.0,0,20,3780
28724.0,9408.56558222199,0.0,0,20,3780
28725.0,9408.56558222199,0.0,0,20,3780
28726.0,9408.56558222199,0.0,0,20,3780
28727.0,9408.56558222199,0.0,0,20,3780
28728.0,9408.56558222199,0.0,0,20,3780
28729.0,9408.56558222199,0.0,0,20,3780
28730.0,9408.56558222199,0.0,0,20,3780
28731.0,9408.56558222199,0.0,0,20,3780
28732.0,9408.56558222199,0.0,0,20,3780
28733.0,9408.56558222199,0.0,0,20,3780
28734.0,9408.56558222199,0.0,0,20,3780
28735.0,9408.56558222199,0.0,0,20,3780
28736.0,9408.56558222199,0.0,0,20,3780
28737.0,9408.56558222199,0.0,0,20,3780
28738.0,9408.56558222199,0.0,0,20,3780
28739.0,9408.56558222199,0.0,0,20,3780
28740.0,9408.56558222199,0.0,0,20,3780
28741.0,9408.56558222199,0.0,0,20,3780
28742.0,9408.56558222199,0.0,0,20,3780
28743.0,9408.56558222199,0.0,0,20,3780
28744.0,9408.56558222199,0.0,0,20,3780
28745.0,9408.56558222199,0.0,0,20,3780
28746.0,9408.56558222199,0.0,0,20,3780
28747.0,9408.56558222199,0.0,0,20,3780
28748.0,9408.56558222199,0.0,0,20,3780
28749.0,9408.56558222199,0.0,0,20,3780
28750.0,9408.56558222199,0.0,0,20,3780
28751.0,9408.56558222199,0.0,0,20,3780
28752.0,9408.56558222199,0.0,0,20,3780
28753.0,9408.56558222199,0.0,0,20,3780
28754.0,9408.56558222199,0.0,0,20,3780
28755.0,9408.56558222199,0.0,0,20,3780
28756.0,9408.56558222199,0.0,0,20,3780
28757.0,9408.56558222199,0.0,0,20,3780
28758.0,9408.56558222199,0.0,0,20,3780
28759.0,9408.56558222199,0.0,0,20,3780
28760.0,9408.56558222199,0.0,0,20,3780
28761.0,9408.56558222199,0.0,0,20,3780
28762.0,9408.56558222199,0.0,0,20,3780
28763.0,9408.56558222199,0.0,0,20,3780
28764.0,9408.56558222199,0.0,0,20,3780
28765.0,9408.56558222199,0.0,0,20,3780
28766.0,9408.56558222199,0.0,0,20,3780
28767.0,9408.56558222199,0.0,0,20,3780
28768.0,9408.56558222199,0.0,0,20,3780
28769.0,9408.56558222199,0.0,0,20,3780
28770.0,9408.56558222199,0.0,0,20,3780
28771.0,9408.56558222199,0.0,0,20,3780
28772.0,9408.56558222199,0.0,0,20,3780
28773.0,9408.56558222199,0.0,0,20,3780
28774.0,9408.56558222199,0.0,0,20,3780
28775.0,9408.56558222199,0.0,0,20,3780
28776.0,9408.56558222199,0.0,0,20,3780
28777.0,9408.56558222199,0.0,0,20,3780
28778.0,9408.56558222199,0.0,0,20,3780
28779.0,9408.56558222199,0.0,0,20,3780
28780.0,9408.56558222199,0.0,0,20,3780
28781.0,9408.56558222199,0.0,0,20,3780
28782.0,9408.56558222199,0.0,0,20,3780
28783.0,9408.56558222199,0.0,0,20,3780
28784.0,9408.56558222199,0.0,0,20,3780
28785.0,9408.56558222199,0.0,0,20,3780
28786.0,9408.56558222199,0.0,0,20,3780
28787.0,9408.56558222199,0.0,0,20,3780
28788.0,9408.56558222199,0.0,0,20,3780
28789.0,9408.56558222199,0.0,0,20,3780
28790.0,9408.56558222199,0.0,0,20,3780
28791.0,9408.56558222199,0.0,0,20,3780
28792.0,9408.56558222199,0.0,0,20,3780
28793.0,9408.56558222199,0.0,0,20,3780
28794.0,9408.56558222199,0.0,0,20,3780
28795.0,9408.56558222199,0.0,0,20,3780
28796.0,9408.56558222199,0.0,0,20,3780
28797.0,9408.56558222199,0.0,0,20,3780
28798.0,9408.56558222199,0.0,0,20,3780
28799.0,9408.56558222199,0.0,0,20,3780
28800.0,9408.56558222199,0.0,0,20,3780
28801.0,9408.56558222199,0.0,0,20,3780
28802.0,9408.56558222199,0.0,0,20,3780
28803.0,9408.56558222199,0.0,0,20,3780
28804.0,9408.56558222199,0.0,0,20,3780
28805.0,9408.56558222199,0.0,0,20,3780
28806.0,9408.56558222199,0.0,0,20,3780
28807.0,9408.56558222199,0.0,0,20,3780
28808.0,9408.56558222199,0.0,0,20,3780
28809.0,9408.56558222199,0.0,0,20,3780
28810.0,9408.56558222199,0.0,0,20,3780
28811.0,9408.56558222199,0.0,0,20,3780
28812.0,9408.56558222199,0.0,0,20,3780
28813.0,9408.56558222199,0.0,0,20,3780
28814.0,9408.56558222199,0.0,0,20,3780
28815.0,9408.56558222199,0.0,0,20,3780
28816.0,9408.56558222199,0.0,0,20,3780
28817.0,9408.56558222199,0.0,0,20,3780
28818.0,9408.56558222199,0.0,0,20,3780
28819.0,9408.56558222199,0.0,0,20,3780
28820.0,9408.56558222199,0.0,0,20,3780
28821.0,9408.56558222199,0.0,0,20,3780
28822.0,9408.56558222199,0.0,0,20,3780
28823.0,9408.56558222199,0.0,0,20,3780
28824.0,9408.56558222199,0.0,0,20,3780
28825.0,9408.56558222199,0.0,0,20,3780
28826.0,9408.56558222199,0.0,0,20,3780
28827.0,9408.56558222199,0.0,0,20,3780
28828.0,9408.56558222199,0.0,0,20,3780
28829.0,9408.56558222199,0.0,0,20,3780
28830.0,9408.56558222199,0.0,0,20,3780
28831.0,9408.56558222199,0.0,0,20,3780
28832.0,9408.56558222199,0.0,0,20,3780
28833.0,9408.56558222199,0.0,0,20,3780
28834.0,9408.56558222199,0.0,0,20,3780
28835.0,9408.56558222199,0.0,0,20,3780
28836.0,9408.56558222199,0.0,0,20,3780
28837.0,9408.56558222199,0.0,0,20,3780
28838.0,9408.56558222199,0.0,0,20,3780
28839.0,9408.56558222199,0.0,0,20,3780
28840.0,9408.56558222199,0.0,0,20,3780
28841.0,9408.56558222199,0.0,0,20,3780
28842.0,9408.56558222199,0.0,0,20,3780
28843.0,9408.56558222199,0.0,0,20,3780
28844.0,9408.56558222199,0.0,0,20,3780
28845.0,9408.56558222199,0.0,0,20,3780
28846.0,9408.56558222199,0.0,0,20,3780
28847.0,9408.56558222199,0.0,0,20,3780
28848.0,9408.56558222199,0.0,0,20,3780
28849.0,9408.56558222199,0.0,0,20,3780
28850.0,9408.56558222199,0.0,0,20,3780
28851.0,9408.56558222199,0.0,0,20,3780
28852.0,9408.56558222199,0.0,0,20,3780
28853.0,9408.56558222199,0.0,0,20,3780
28854.0,9408.56558222199,0.0,0,20,3780
28855.0,9408.56558222199,0.0,0,20,3780
28856.0,9408.56558222199,0.0,0,20,3780
28857.0,9408.56558222199,0.0,0,20,3780
28858.0,9408.56558222199,0.0,0,20,3780
28859.0,9408.56558222199,0.0,0,20,3780
28860.0,9408.56558222199,0.0,0,20,3780
28861.0,9408.56558222199,0.0,0,20,3780
28862.0,9408.56558222199,0.0,0,20,3780
28863.0,9408.56558222199,0.0,0,20,3780
28864.0,9408.56558222199,0.0,0,20,3780
28865.0,9408.56558222199,0.0,0,20,3780
28866.0,9408.56558222199,0.0,0,20,3780
28867.0,9408.56558222199,0.0,0,20,3780
28868.0,9408.56558222199,0.0,0,20,3780
28869.0,9408.56558222199,0.0,0,20,3780
28870.0,9408.56558222199,0.0,0,20,3780
28871.0,9408.56558222199,0.0,0,20,3780
28872.0,9408.56558222199,0.0,0,20,3780
28873.0,9408.56558222199,0.0,0,20,3780
28874.0,9408.56558222199,0.0,0,20,3780
28875.0,9408.56558222199,0.0,0,20,3780
28876.0,9408.56558222199,0.0,0,20,3780
28877.0,9408.56558222199,0.0,0,20,3780
28878.0,9408.56558222199,0.0,0,20,3780
28879.0,9408.56558222199,0.0,0,20,3780
28880.0,9408.56558222199,0.0,0,20,3780
28881.0,9408.56558222199,0.0,0,20,3780
28882.0,9408.56558222199,0.0,0,20,3780
28883.0,9408.56558222199,0.0,0,20,3780
28884.0,9408.56558222199,0.0,0,20,3780
28885.0,9408.56558222199,0.0,0,20,3780
28886.0,9408.56558222199,0.0,0,20,3780
28887.0,9408.56558222199,0.0,0,20,3780
28888.0,9408.56558222199,0.0,0,20,3780
28889.0,9408.56558222199,0.0,0,20,3780
28890.0,9408.56558222199,0.0,0,20,3780
28891.0,9408.56558222199,0.0,0,20,3780
28892.0,9408.56558222199,0.0,0,20,3780
28893.0,9408.56558222199,0.0,0,20,3780
28894.0,9408.56558222199,0.0,0,20,3780
28895.0,9408.56558222199,0.0,0,20,3780
28896.0,9408.56558222199,0.0,0,20,3780
28897.0,9408.56558222199,0.0,0,20,3780
28898.0,9408.56558222199,0.0,0,20,3780
28899.0,9408.56558222199,0.0,0,20,3780
28900.0,9408.56558222199,0.0,0,20,3780
28901.0,9408.56558222199,0.0,0,20,3780
28902.0,9408.56558222199,0.0,0,20,3780
28903.0,9408.56558222199,0.0,0,20,3780
28904.0,9408.56558222199,0.0,0,20,3780
28905.0,9408.56558222199,0.0,0,20,3780
28906.0,9408.56558222199,0.0,0,20,3780
28907.0,9408.56558222199,0.0,0,20,3780
28908.0,9408.56558222199,0.0,0,20,3780
28909.0,9408.56558222199,0.0,0,20,3780
28910.0,9408.56558222199,0.0,0,20,3780
28911.0,9408.56558222199,0.0,0,20,3780
28912.0,9408.56558222199,0.0,0,20,3780
28913.0,9408.56558222199,0.0,0,20,3780
28914.0,9408.56558222199,0.0,0,20,3780
28915.0,9408.56558222199,0.0,0,20,3780
28916.0,9408.56558222199,0.0,0,20,3780
28917.0,9408.56558222199,0.0,0,20,3780
28918.0,9408.56558222199,0.0,0,20,3780
28919.0,9408.56558222199,0.0,0,20,3780
28920.0,9408.56558222199,0.0,0,20,3780
28921.0,9408.56558222199,0.0,0,20,3780
28922.0,9408.56558222199,0.0,0,20,3780
28923.0,9408.56558222199,0.0,0,20,3780
28924.0,9408.56558222199,0.0,0,20,3780
28925.0,9408.56558222199,0.0,0,20,3780
28926.0,9408.56558222199,0.0,0,20,3780
28927.0,9408.56558222199,0.0,0,20,3780
28928.0,9408.56558222199,0.0,0,20,3780
28929.0,9408.56558222199,0.0,0,20,3780
28930.0,9408.56558222199,0.0,0,20,3780
28931.0,9408.56558222199,0.0,0,20,3780
28932.0,9408.56558222199,0.0,0,20,3780
28933.0,9408.56558222199,0.0,0,20,3780
28934.0,9408.56558222199,0.0,0,20,3780
28935.0,9408.56558222199,0.0,0,20,3780
28936.0,9408.56558222199,0.0,0,20,3780
28937.0,9408.56558222199,0.0,0,20,3780
28938.0,9408.56558222199,0.0,0,20,3780
28939.0,9408.56558222199,0.0,0,20,3780
28940.0,9408.56558222199,0.0,0,20,3780
28941.0,9408.56558222199,0.0,0,20,3780
28942.0,9408.56558222199,0.0,0,20,3780
28943.0,9408.56558222199,0.0,0,20,3780
28944.0,9408.56558222199,0.0,0,20,3780
28945.0,9408.56558222199,0.0,0,20,3780
28946.0,9408.56558222199,0.0,0,20,3780
28947.0,9408.56558222199,0.0,0,20,3780
28948.0,9408.56558222199,0.0,0,20,3780
28949.0,9408.56558222199,0.0,0,20,3780
28950.0,9408.56558222199,0.0,0,20,3780
28951.0,9408.56558222199,0.0,0,20,3780
28952.0,9408.56558222199,0.0,0,20,3780
28953.0,9408.56558222199,0.0,0,20,3780
28954.0,9408.56558222199,0.0,0,20,3780
28955.0,9408.56558222199,0.0,0,20,3780
28956.0,9408.56558222199,0.0,0,20,3780
28957.0,9408.56558222199,0.0,0,20,3780
28958.0,9408.56558222199,0.0,0,20,3780
28959.0,9408.56558222199,0.0,0,20,3780
28960.0,9408.56558222199,0.0,0,20,3780
28961.0,9408.56558222199,0.0,0,20,3780
28962.0,9408.56558222199,0.0,0,20,3780
28963.0,9408.56558222199,0.0,0,20,3780
28964.0,9408.56558222199,0.0,0,20,3780
28965.0,9408.56558222199,0.0,0,20,3780
28966.0,9408.56558222199,0.0,0,20,3780
28967.0,9408.56558222199,0.0,0,20,3780
28968.0,9408.56558222199,0.0,0,20,3780
28969.0,9408.56558222199,0.0,0,20,3780
28970.0,9408.56558222199,0.0,0,20,3780
28971.0,9408.56558222199,0.0,0,20,3780
28972.0,9408.56558222199,0.0,0,20,3780
28973.0,9408.56558222199,0.0,0,20,3780
28974.0,9408.56558222199,0.0,0,20,3780
28975.0,9408.56558222199,0.0,0,20,3780
28976.0,9408.56558222199,0.0,0,20,3780
28977.0,9408.56558222199,0.0,0,20,3780
28978.0,9408.56558222199,0.0,0,20,3780
28979.0,9408.56558222199,0.0,0,20,3780
28980.0,9408.56558222199,0.0,0,20,3780
28981.0,9408.56558222199,0.0,0,20,3780
28982.0,9408.56558222199,0.0,0,20,3780
28983.0,9408.56558222199,0.0,0,20,3780
28984.0,9408.56558222199,0.0,0,20,3780
28985.0,9408.56558222199,0.0,0,20,3780
28986.0,9408.56558222199,0.0,0,20,3780
28987.0,9408.56558222199,0.0,0,20,3780
28988.0,9408.56558222199,0.0,0,20,3780
28989.0,9408.56558222199,0.0,0,20,3780
28990.0,9408.56558222199,0.0,0,20,3780
28991.0,9408.56558222199,0.0,0,20,3780
28992.0,9408.56558222199,0.0,0,20,3780
28993.0,9408.56558222199,0.0,0,20,3780
28994.0,9408.56558222199,0.0,0,20,3780
28995.0,9408.56558222199,0.0,0,20,3780
28996.0,9408.56558222199,0.0,0,20,3780
28997.0,9408.56558222199,0.0,0,20,3780
28998.0,9408.56558222199,0.0,0,20,3780
28999.0,9408.56558222199,0.0,0,20,3780
29000.0,9408.56558222199,0.0,0,20,3780
29001.0,9408.56558222199,0.0,0,20,3780
29002.0,9408.56558222199,0.0,0,20,3780
29003.0,9408.56558222199,0.0,0,20,3780
29004.0,9408.56558222199,0.0,0,20,3780
29005.0,9408.56558222199,0.0,0,20,3780
29006.0,9408.56558222199,0.0,0,20,3780
29007.0,9408.56558222199,0.0,0,20,3780
29008.0,9408.56558222199,0.0,0,20,3780
29009.0,9408.56558222199,0.0,0,20,3780
29010.0,9408.56558222199,0.0,0,20,3780
29011.0,9408.56558222199,0.0,0,20,3780
29012.0,9408.56558222199,0.0,0,20,3780
29013.0,9408.56558222199,0.0,0,20,3780
29014.0,9408.56558222199,0.0,0,20,3780
29015.0,9408.56558222199,0.0,0,20,3780
29016.0,9408.56558222199,0.0,0,20,3780
29017.0,9408.56558222199,0.0,0,20,3780
29018.0,9408.56558222199,0.0,0,20,3780
29019.0,9408.56558222199,0.0,0,20,3780
29020.0,9408.56558222199,0.0,0,20,3780
29021.0,9408.56558222199,0.0,0,20,3780
29022.0,9408.56558222199,0.0,0,20,3780
29023.0,9408.56558222199,0.0,0,20,3780
29024.0,9408.56558222199,0.0,0,20,3780
29025.0,9408.56558222199,0.0,0,20,3780
29026.0,9408.56558222199,0.0,0,20,3780
29027.0,9408.56558222199,0.0,0,20,3780
29028.0,9408.56558222199,0.0,0,20,3780
29029.0,9408.56558222199,0.0,0,20,3780
29030.0,9408.56558222199,0.0,0,20,3780
29031.0,9408.56558222199,0.0,0,20,3780
29032.0,9408.56558222199,0.0,0,20,3780
29033.0,9408.56558222199,0.0,0,20,3780
29034.0,9408.56558222199,0.0,0,20,3780
29035.0,9408.56558222199,0.0,0,20,3780
29036.0,9408.56558222199,0.0,0,20,3780
29037.0,9408.56558222199,0.0,0,20,3780
29038.0,9408.56558222199,0.0,0,20,3780
29039.0,9408.56558222199,0.0,0,20,3780
29040.0,9408.56558222199,0.0,0,20,3780
29041.0,9408.56558222199,0.0,0,20,3780
29042.0,9408.56558222199,0.0,0,20,3780
29043.0,9408.56558222199,0.0,0,20,3780
29044.0,9408.56558222199,0.0,0,20,3780
29045.0,9408.56558222199,0.0,0,20,3780
29046.0,9408.56558222199,0.0,0,20,3780
29047.0,9408.56558222199,0.0,0,20,3780
29048.0,9408.56558222199,0.0,0,20,3780
29049.0,9408.56558222199,0.0,0,20,3780
29050.0,9408.56558222199,0.0,0,20,3780
29051.0,9408.56558222199,0.0,0,20,3780
29052.0,9408.56558222199,0.0,0,20,3780
29053.0,9408.56558222199,0.0,0,20,3780
29054.0,9408.56558222199,0.0,0,20,3780
29055.0,9408.56558222199,0.0,0,20,3780
29056.0,9408.56558222199,0.0,0,20,3780
29057.0,9408.56558222199,0.0,0,20,3780
29058.0,9408.56558222199,0.0,0,20,3780
29059.0,9408.56558222199,0.0,0,20,3780
29060.0,9408.56558222199,0.0,0,20,3780
29061.0,9408.56558222199,0.0,0,20,3780
29062.0,9408.56558222199,0.0,0,20,3780
29063.0,9408.56558222199,0.0,0,20,3780
29064.0,9408.56558222199,0.0,0,20,3780
29065.0,9408.56558222199,0.0,0,20,3780
29066.0,9408.56558222199,0.0,0,20,3780
29067.0,9408.56558222199,0.0,0,20,3780
29068.0,9408.56558222199,0.0,0,20,3780
29069.0,9408.56558222199,0.0,0,20,3780
29070.0,9408.56558222199,0.0,0,20,3780
29071.0,9408.56558222199,0.0,0,20,3780
29072.0,9408.56558222199,0.0,0,20,3780
29073.0,9408.56558222199,0.0,0,20,3780
29074.0,9408.56558222199,0.0,0,20,3780
29075.0,9408.56558222199,0.0,0,20,3780
29076.0,9408.56558222199,0.0,0,20,3780
29077.0,9408.56558222199,0.0,0,20,3780
29078.0,9408.56558222199,0.0,0,20,3780
29079.0,9408.56558222199,0.0,0,20,3780
29080.0,9408.56558222199,0.0,0,20,3780
29081.0,9408.56558222199,0.0,0,20,3780
29082.0,9408.56558222199,0.0,0,20,3780
29083.0,9408.56558222199,0.0,0,20,3780
29084.0,9408.56558222199,0.0,0,20,3780
29085.0,9408.56558222199,0.0,0,20,3780
29086.0,9408.56558222199,0.0,0,20,3780
29087.0,9408.56558222199,0.0,0,20,3780
29088.0,9408.56558222199,0.0,0,20,3780
29089.0,9408.56558222199,0.0,0,20,3780
29090.0,9408.56558222199,0.0,0,20,3780
29091.0,9408.56558222199,0.0,0,20,3780
29092.0,9408.56558222199,0.0,0,20,3780
29093.0,9408.56558222199,0.0,0,20,3780
29094.0,9408.56558222199,0.0,0,20,3780
29095.0,9408.56558222199,0.0,0,20,3780
29096.0,9408.56558222199,0.0,0,20,3780
29097.0,9408.56558222199,0.0,0,20,3780
29098.0,9408.56558222199,0.0,0,20,3780
29099.0,9408.56558222199,0.0,0,20,3780
29100.0,9408.56558222199,0.0,0,20,3780
29101.0,9408.56558222199,0.0,0,20,3780
29102.0,9408.56558222199,0.0,0,20,3780
29103.0,9408.56558222199,0.0,0,20,3780
29104.0,9408.56558222199,0.0,0,20,3780
29105.0,9408.56558222199,0.0,0,20,3780
29106.0,9408.56558222199,0.0,0,20,3780
29107.0,9408.56558222199,0.0,0,20,3780
29108.0,9408.56558222199,0.0,0,20,3780
29109.0,9408.56558222199,0.0,0,20,3780
29110.0,9408.56558222199,0.0,0,20,3780
29111.0,9408.56558222199,0.0,0,20,3780
29112.0,9408.56558222199,0.0,0,20,3780
29113.0,9408.56558222199,0.0,0,20,3780
29114.0,9408.56558222199,0.0,0,20,3780
29115.0,9408.56558222199,0.0,0,20,3780
29116.0,9408.56558222199,0.0,0,20,3780
29117.0,9408.56558222199,0.0,0,20,3780
29118.0,9408.56558222199,0.0,0,20,3780
29119.0,9408.56558222199,0.0,0,20,3780
29120.0,9408.56558222199,0.0,0,20,3780
29121.0,9408.56558222199,0.0,0,20,3780
29122.0,9408.56558222199,0.0,0,20,3780
29123.0,9408.56558222199,0.0,0,20,3780
29124.0,9408.56558222199,0.0,0,20,3780
29125.0,9408.56558222199,0.0,0,20,3780
29126.0,9408.56558222199,0.0,0,20,3780
29127.0,9408.56558222199,0.0,0,20,3780
29128.0,9408.56558222199,0.0,0,20,3780
29129.0,9408.56558222199,0.0,0,20,3780
29130.0,9408.56558222199,0.0,0,20,3780
29131.0,9408.56558222199,0.0,0,20,3780
29132.0,9408.56558222199,0.0,0,20,3780
29133.0,9408.56558222199,0.0,0,20,3780
29134.0,9408.56558222199,0.0,0,20,3780
29135.0,9408.56558222199,0.0,0,20,3780
29136.0,9408.56558222199,0.0,0,20,3780
29137.0,9408.56558222199,0.0,0,20,3780
29138.0,9408.56558222199,0.0,0,20,3780
29139.0,9408.56558222199,0.0,0,20,3780
29140.0,9408.56558222199,0.0,0,20,3780
29141.0,9408.56558222199,0.0,0,20,3780
29142.0,9408.56558222199,0.0,0,20,3780
29143.0,9408.56558222199,0.0,0,20,3780
29144.0,9408.56558222199,0.0,0,20,3780
29145.0,9408.56558222199,0.0,0,20,3780
29146.0,9408.56558222199,0.0,0,20,3780
29147.0,9408.56558222199,0.0,0,20,3780
29148.0,9408.56558222199,0.0,0,20,3780
29149.0,9408.56558222199,0.0,0,20,3780
29150.0,9408.56558222199,0.0,0,20,3780
29151.0,9408.56558222199,0.0,0,20,3780
29152.0,9408.56558222199,0.0,0,20,3780
29153.0,9408.56558222199,0.0,0,20,3780
29154.0,9408.56558222199,0.0,0,20,3780
29155.0,9408.56558222199,0.0,0,20,3780
29156.0,9408.56558222199,0.0,0,20,3780
29157.0,9408.56558222199,0.0,0,20,3780
29158.0,9408.56558222199,0.0,0,20,3780
29159.0,9408.56558222199,0.0,0,20,3780
29160.0,9408.56558222199,0.0,0,20,3780
29161.0,9408.56558222199,0.0,0,20,3780
29162.0,9408.56558222199,0.0,0,20,3780
29163.0,9408.56558222199,0.0,0,20,3780
29164.0,9408.56558222199,0.0,0,20,3780
29165.0,9408.56558222199,0.0,0,20,3780
29166.0,9408.56558222199,0.0,0,20,3780
29167.0,9408.56558222199,0.0,0,20,3780
29168.0,9408.56558222199,0.0,0,20,3780
29169.0,9408.56558222199,0.0,0,20,3780
29170.0,9408.56558222199,0.0,0,20,3780
29171.0,9408.56558222199,0.0,0,20,3780
29172.0,9408.56558222199,0.0,0,20,3780
29173.0,9408.56558222199,0.0,0,20,3780
29174.0,9408.56558222199,0.0,0,20,3780
29175.0,9408.56558222199,0.0,0,20,3780
29176.0,9408.56558222199,0.0,0,20,3780
29177.0,9408.56558222199,0.0,0,20,3780
29178.0,9408.56558222199,0.0,0,20,3780
29179.0,9408.56558222199,0.0,0,20,3780
29180.0,9408.56558222199,0.0,0,20,3780
29181.0,9408.56558222199,0.0,0,20,3780
29182.0,9408.56558222199,0.0,0,20,3780
29183.0,9408.56558222199,0.0,0,20,3780
29184.0,9408.56558222199,0.0,0,20,3780
29185.0,9408.56558222199,0.0,0,20,3780
29186.0,9408.56558222199,0.0,0,20,3780
29187.0,9408.56558222199,0.0,0,20,3780
29188.0,9408.56558222199,0.0,0,20,3780
29189.0,9408.56558222199,0.0,0,20,3780
29190.0,9408.56558222199,0.0,0,20,3780
29191.0,9408.56558222199,0.0,0,20,3780
29192.0,9408.56558222199,0.0,0,20,3780
29193.0,9408.56558222199,0.0,0,20,3780
29194.0,9408.56558222199,0.0,0,20,3780
29195.0,9408.56558222199,0.0,0,20,3780
29196.0,9408.56558222199,0.0,0,20,3780
29197.0,9408.56558222199,0.0,0,20,3780
29198.0,9408.56558222199,0.0,0,20,3780
29199.0,9408.56558222199,0.0,0,20,3780
29200.0,9408.56558222199,0.0,0,20,3780
29201.0,9408.56558222199,0.0,0,20,3780
29202.0,9408.56558222199,0.0,0,20,3780
29203.0,9408.56558222199,0.0,0,20,3780
29204.0,9408.56558222199,0.0,0,20,3780
29205.0,9408.56558222199,0.0,0,20,3780
29206.0,9408.56558222199,0.0,0,20,3780
29207.0,9408.56558222199,0.0,0,20,3780
29208.0,9408.56558222199,0.0,0,20,3780
29209.0,9408.56558222199,0.0,0,20,3780
29210.0,9408.56558222199,0.0,0,20,3780
29211.0,9408.56558222199,0.0,0,20,3780
29212.0,9408.56558222199,0.0,0,20,3780
29213.0,9408.56558222199,0.0,0,20,3780
29214.0,9408.56558222199,0.0,0,20,3780
29215.0,9408.56558222199,0.0,0,20,3780
29216.0,9408.56558222199,0.0,0,20,3780
29217.0,9408.56558222199,0.0,0,20,3780
29218.0,9408.56558222199,0.0,0,20,3780
29219.0,9408.56558222199,0.0,0,20,3780
29220.0,9408.56558222199,0.0,0,20,3780
29221.0,9408.56558222199,0.0,0,20,3780
29222.0,9408.56558222199,0.0,0,20,3780
29223.0,9408.56558222199,0.0,0,20,3780
29224.0,9408.56558222199,0.0,0,20,3780
29225.0,9408.56558222199,0.0,0,20,3780
29226.0,9408.56558222199,0.0,0,20,3780
29227.0,9408.56558222199,0.0,0,20,3780
29228.0,9408.56558222199,0.0,0,20,3780
29229.0,9408.56558222199,0.0,0,20,3780
29230.0,9408.56558222199,0.0,0,20,3780
29231.0,9408.56558222199,0.0,0,20,3780
29232.0,9408.56558222199,0.0,0,20,3780
29233.0,9408.56558222199,0.0,0,20,3780
29234.0,9408.56558222199,0.0,0,20,3780
29235.0,9408.56558222199,0.0,0,20,3780
29236.0,9408.56558222199,0.0,0,20,3780
29237.0,9408.56558222199,0.0,0,20,3780
29238.0,9408.56558222199,0.0,0,20,3780
29239.0,9408.56558222199,0.0,0,20,3780
29240.0,9408.56558222199,0.0,0,20,3780
29241.0,9408.56558222199,0.0,0,20,3780
29242.0,9408.56558222199,0.0,0,20,3780
29243.0,9408.56558222199,0.0,0,20,3780
29244.0,9408.56558222199,0.0,0,20,3780
29245.0,9408.56558222199,0.0,0,20,3780
29246.0,9408.56558222199,0.0,0,20,3780
29247.0,9408.56558222199,0.0,0,20,3780
29248.0,9408.56558222199,0.0,0,20,3780
29249.0,9408.56558222199,0.0,0,20,3780
29250.0,9408.56558222199,0.0,0,20,3780
29251.0,9408.56558222199,0.0,0,20,3780
29252.0,9408.56558222199,0.0,0,20,3780
29253.0,9408.56558222199,0.0,0,20,3780
29254.0,9408.56558222199,0.0,0,20,3780
29255.0,9408.56558222199,0.0,0,20,3780
29256.0,9408.56558222199,0.0,0,20,3780
29257.0,9408.56558222199,0.0,0,20,3780
29258.0,9408.56558222199,0.0,0,20,3780
29259.0,9408.56558222199,0.0,0,20,3780
29260.0,9408.56558222199,0.0,0,20,3780
29261.0,9408.56558222199,0.0,0,20,3780
29262.0,9408.56558222199,0.0,0,20,3780
29263.0,9408.56558222199,0.0,0,20,3780
29264.0,9408.56558222199,0.0,0,20,3780
29265.0,9408.56558222199,0.0,0,20,3780
29266.0,9408.56558222199,0.0,0,20,3780
29267.0,9408.56558222199,0.0,0,20,3780
29268.0,9408.56558222199,0.0,0,20,3780
29269.0,9408.56558222199,0.0,0,20,3780
29270.0,9408.56558222199,0.0,0,20,3780
29271.0,9408.56558222199,0.0,0,20,3780
29272.0,9408.56558222199,0.0,0,20,3780
29273.0,9408.56558222199,0.0,0,20,3780
29274.0,9408.56558222199,0.0,0,20,3780
29275.0,9408.56558222199,0.0,0,20,3780
29276.0,9408.56558222199,0.0,0,20,3780
29277.0,9408.56558222199,0.0,0,20,3780
29278.0,9408.56558222199,0.0,0,20,3780
29279.0,9408.56558222199,0.0,0,20,3780
29280.0,9408.56558222199,0.0,0,20,3780
29281.0,9408.56558222199,0.0,0,20,3780
29282.0,9408.56558222199,0.0,0,20,3780
29283.0,9408.56558222199,0.0,0,20,3780
29284.0,9408.56558222199,0.0,0,20,3780
29285.0,9408.56558222199,0.0,0,20,3780
29286.0,9408.56558222199,0.0,0,20,3780
29287.0,9408.56558222199,0.0,0,20,3780
29288.0,9408.56558222199,0.0,0,20,3780
29289.0,9408.56558222199,0.0,0,20,3780
29290.0,9408.56558222199,0.0,0,20,3780
29291.0,9408.56558222199,0.0,0,20,3780
29292.0,9408.56558222199,0.0,0,20,3780
29293.0,9408.56558222199,0.0,0,20,3780
29294.0,9408.56558222199,0.0,0,20,3780
29295.0,9408.56558222199,0.0,0,20,3780
29296.0,9408.56558222199,0.0,0,20,3780
29297.0,9408.56558222199,0.0,0,20,3780
29298.0,9408.56558222199,0.0,0,20,3780
29299.0,9408.56558222199,0.0,0,20,3780
29300.0,9408.56558222199,0.0,0,20,3780
29301.0,9408.56558222199,0.0,0,20,3780
29302.0,9408.56558222199,0.0,0,20,3780
29303.0,9408.56558222199,0.0,0,20,3780
29304.0,9408.56558222199,0.0,0,20,3780
29305.0,9408.56558222199,0.0,0,20,3780
29306.0,9408.56558222199,0.0,0,20,3780
29307.0,9408.56558222199,0.0,0,20,3780
29308.0,9408.56558222199,0.0,0,20,3780
29309.0,9408.56558222199,0.0,0,20,3780
29310.0,9408.56558222199,0.0,0,20,3780
29311.0,9408.56558222199,0.0,0,20,3780
29312.0,9408.56558222199,0.0,0,20,3780
29313.0,9408.56558222199,0.0,0,20,3780
29314.0,9408.56558222199,0.0,0,20,3780
29315.0,9408.56558222199,0.0,0,20,3780
29316.0,9408.56558222199,0.0,0,20,3780
29317.0,9408.56558222199,0.0,0,20,3780
29318.0,9408.56558222199,0.0,0,20,3780
29319.0,9408.56558222199,0.0,0,20,3780
29320.0,9408.56558222199,0.0,0,20,3780
29321.0,9408.56558222199,0.0,0,20,3780
29322.0,9408.56558222199,0.0,0,20,3780
29323.0,9408.56558222199,0.0,0,20,3780
29324.0,9408.56558222199,0.0,0,20,3780
29325.0,9408.56558222199,0.0,0,20,3780
29326.0,9408.56558222199,0.0,0,20,3780
29327.0,9408.56558222199,0.0,0,20,3780
29328.0,9408.56558222199,0.0,0,20,3780
29329.0,9408.56558222199,0.0,0,20,3780
29330.0,9408.56558222199,0.0,0,20,3780
29331.0,9408.56558222199,0.0,0,20,3780
29332.0,9408.56558222199,0.0,0,20,3780
29333.0,9408.56558222199,0.0,0,20,3780
29334.0,9408.56558222199,0.0,0,20,3780
29335.0,9408.56558222199,0.0,0,20,3780
29336.0,9408.56558222199,0.0,0,20,3780
29337.0,9408.56558222199,0.0,0,20,3780
29338.0,9408.56558222199,0.0,0,20,3780
29339.0,9408.56558222199,0.0,0,20,3780
29340.0,9408.56558222199,0.0,0,20,3780
29341.0,9408.56558222199,0.0,0,20,3780
29342.0,9408.56558222199,0.0,0,20,3780
29343.0,9408.56558222199,0.0,0,20,3780
29344.0,9408.56558222199,0.0,0,20,3780
29345.0,9408.56558222199,0.0,0,20,3780
29346.0,9408.56558222199,0.0,0,20,3780
29347.0,9408.56558222199,0.0,0,20,3780
29348.0,9408.56558222199,0.0,0,20,3780
29349.0,9408.56558222199,0.0,0,20,3780
29350.0,9408.56558222199,0.0,0,20,3780
29351.0,9408.56558222199,0.0,0,20,3780
29352.0,9408.56558222199,0.0,0,20,3780
29353.0,9408.56558222199,0.0,0,20,3780
29354.0,9408.56558222199,0.0,0,20,3780
29355.0,9408.56558222199,0.0,0,20,3780
29356.0,9408.56558222199,0.0,0,20,3780
29357.0,9408.56558222199,0.0,0,20,3780
29358.0,9408.56558222199,0.0,0,20,3780
29359.0,9408.56558222199,0.0,0,20,3780
29360.0,9408.56558222199,0.0,0,20,3780
29361.0,9408.56558222199,0.0,0,20,3780
29362.0,9408.56558222199,0.0,0,20,3780
29363.0,9408.56558222199,0.0,0,20,3780
29364.0,9408.56558222199,0.0,0,20,3780
29365.0,9408.56558222199,0.0,0,20,3780
29366.0,9408.56558222199,0.0,0,20,3780
29367.0,9408.56558222199,0.0,0,20,3780
29368.0,9408.56558222199,0.0,0,20,3780
29369.0,9408.56558222199,0.0,0,20,3780
29370.0,9408.56558222199,0.0,0,20,3780
29371.0,9408.56558222199,0.0,0,20,3780
29372.0,9408.56558222199,0.0,0,20,3780
29373.0,9408.56558222199,0.0,0,20,3780
29374.0,9408.56558222199,0.0,0,20,3780
29375.0,9408.56558222199,0.0,0,20,3780
29376.0,9408.56558222199,0.0,0,20,3780
29377.0,9408.56558222199,0.0,0,20,3780
29378.0,9408.56558222199,0.0,0,20,3780
29379.0,9408.56558222199,0.0,0,20,3780
29380.0,9408.56558222199,0.0,0,20,3780
29381.0,9408.56558222199,0.0,0,20,3780
29382.0,9408.56558222199,0.0,0,20,3780
29383.0,9408.56558222199,0.0,0,20,3780
29384.0,9408.56558222199,0.0,0,20,3780
29385.0,9408.56558222199,0.0,0,20,3780
29386.0,9408.56558222199,0.0,0,20,3780
29387.0,9408.56558222199,0.0,0,20,3780
29388.0,9408.56558222199,0.0,0,20,3780
29389.0,9408.56558222199,0.0,0,20,3780
29390.0,9408.56558222199,0.0,0,20,3780
29391.0,9408.56558222199,0.0,0,20,3780
29392.0,9408.56558222199,0.0,0,20,3780
29393.0,9408.56558222199,0.0,0,20,3780
29394.0,9408.56558222199,0.0,0,20,3780
29395.0,9408.56558222199,0.0,0,20,3780
29396.0,9408.56558222199,0.0,0,20,3780
29397.0,9408.56558222199,0.0,0,20,3780
29398.0,9408.56558222199,0.0,0,20,3780
29399.0,9408.56558222199,0.0,0,20,3780
29400.0,9408.56558222199,0.0,0,20,3780
29401.0,9408.56558222199,0.0,0,20,3780
29402.0,9408.56558222199,0.0,0,20,3780
29403.0,9408.56558222199,0.0,0,20,3780
29404.0,9408.56558222199,0.0,0,20,3780
29405.0,9408.56558222199,0.0,0,20,3780
29406.0,9408.56558222199,0.0,0,20,3780
29407.0,9408.56558222199,0.0,0,20,3780
29408.0,9408.56558222199,0.0,0,20,3780
29409.0,9408.56558222199,0.0,0,20,3780
29410.0,9408.56558222199,0.0,0,20,3780
29411.0,9408.56558222199,0.0,0,20,3780
29412.0,9408.56558222199,0.0,0,20,3780
29413.0,9408.56558222199,0.0,0,20,3780
29414.0,9408.56558222199,0.0,0,20,3780
29415.0,9408.56558222199,0.0,0,20,3780
29416.0,9408.56558222199,0.0,0,20,3780
29417.0,9408.56558222199,0.0,0,20,3780
29418.0,9408.56558222199,0.0,0,20,3780
29419.0,9408.56558222199,0.0,0,20,3780
29420.0,9408.56558222199,0.0,0,20,3780
29421.0,9408.56558222199,0.0,0,20,3780
29422.0,9408.56558222199,0.0,0,20,3780
29423.0,9408.56558222199,0.0,0,20,3780
29424.0,9408.56558222199,0.0,0,20,3780
29425.0,9408.56558222199,0.0,0,20,3780
29426.0,9408.56558222199,0.0,0,20,3780
29427.0,9408.56558222199,0.0,0,20,3780
29428.0,9408.56558222199,0.0,0,20,3780
29429.0,9408.56558222199,0.0,0,20,3780
29430.0,9408.56558222199,0.0,0,20,3780
29431.0,9408.56558222199,0.0,0,20,3780
29432.0,9408.56558222199,0.0,0,20,3780
29433.0,9408.56558222199,0.0,0,20,3780
29434.0,9408.56558222199,0.0,0,20,3780
29435.0,9408.56558222199,0.0,0,20,3780
29436.0,9408.56558222199,0.0,0,20,3780
29437.0,9408.56558222199,0.0,0,20,3780
29438.0,9408.56558222199,0.0,0,20,3780
29439.0,9408.56558222199,0.0,0,20,3780
29440.0,9408.56558222199,0.0,0,20,3780
29441.0,9408.56558222199,0.0,0,20,3780
29442.0,9408.56558222199,0.0,0,20,3780
29443.0,9408.56558222199,0.0,0,20,3780
29444.0,9408.56558222199,0.0,0,20,3780
29445.0,9408.56558222199,0.0,0,20,3780
29446.0,9408.56558222199,0.0,0,20,3780
29447.0,9408.56558222199,0.0,0,20,3780
29448.0,9408.56558222199,0.0,0,20,3780
29449.0,9408.56558222199,0.0,0,20,3780
29450.0,9408.56558222199,0.0,0,20,3780
29451.0,9408.56558222199,0.0,0,20,3780
29452.0,9408.56558222199,0.0,0,20,3780
29453.0,9408.56558222199,0.0,0,20,3780
29454.0,9408.56558222199,0.0,0,20,3780
29455.0,9408.56558222199,0.0,0,20,3780
29456.0,9408.56558222199,0.0,0,20,3780
29457.0,9408.56558222199,0.0,0,20,3780
29458.0,9408.56558222199,0.0,0,20,3780
29459.0,9408.56558222199,0.0,0,20,3780
29460.0,9408.56558222199,0.0,0,20,3780
29461.0,9408.56558222199,0.0,0,20,3780
29462.0,9408.56558222199,0.0,0,20,3780
29463.0,9408.56558222199,0.0,0,20,3780
29464.0,9408.56558222199,0.0,0,20,3780
29465.0,9408.56558222199,0.0,0,20,3780
29466.0,9408.56558222199,0.0,0,20,3780
29467.0,9408.56558222199,0.0,0,20,3780
29468.0,9408.56558222199,0.0,0,20,3780
29469.0,9408.56558222199,0.0,0,20,3780
29470.0,9408.56558222199,0.0,0,20,3780
29471.0,9408.56558222199,0.0,0,20,3780
29472.0,9408.56558222199,0.0,0,20,3780
29473.0,9408.56558222199,0.0,0,20,3780
29474.0,9408.56558222199,0.0,0,20,3780
29475.0,9408.56558222199,0.0,0,20,3780
29476.0,9408.56558222199,0.0,0,20,3780
29477.0,9408.56558222199,0.0,0,20,3780
29478.0,9408.56558222199,0.0,0,20,3780
29479.0,9408.56558222199,0.0,0,20,3780
29480.0,9408.56558222199,0.0,0,20,3780
29481.0,9408.56558222199,0.0,0,20,3780
29482.0,9408.56558222199,0.0,0,20,3780
29483.0,9408.56558222199,0.0,0,20,3780
29484.0,9408.56558222199,0.0,0,20,3780
29485.0,9408.56558222199,0.0,0,20,3780
29486.0,9408.56558222199,0.0,0,20,3780
29487.0,9408.56558222199,0.0,0,20,3780
29488.0,9408.56558222199,0.0,0,20,3780
29489.0,9408.56558222199,0.0,0,20,3780
29490.0,9408.56558222199,0.0,0,20,3780
29491.0,9408.56558222199,0.0,0,20,3780
29492.0,9408.56558222199,0.0,0,20,3780
29493.0,9408.56558222199,0.0,0,20,3780
29494.0,9408.56558222199,0.0,0,20,3780
29495.0,9408.56558222199,0.0,0,20,3780
29496.0,9408.56558222199,0.0,0,20,3780
29497.0,9408.56558222199,0.0,0,20,3780
29498.0,9408.56558222199,0.0,0,20,3780
29499.0,9408.56558222199,0.0,0,20,3780
29500.0,9408.56558222199,0.0,0,20,3780
29501.0,9408.56558222199,0.0,0,20,3780
29502.0,9408.56558222199,0.0,0,20,3780
29503.0,9408.56558222199,0.0,0,20,3780
29504.0,9408.56558222199,0.0,0,20,3780
29505.0,9408.56558222199,0.0,0,20,3780
29506.0,9408.56558222199,0.0,0,20,3780
29507.0,9408.56558222199,0.0,0,20,3780
29508.0,9408.56558222199,0.0,0,20,3780
29509.0,9408.56558222199,0.0,0,20,3780
29510.0,9408.56558222199,0.0,0,20,3780
29511.0,9408.56558222199,0.0,0,20,3780
29512.0,9408.56558222199,0.0,0,20,3780
29513.0,9408.56558222199,0.0,0,20,3780
29514.0,9408.56558222199,0.0,0,20,3780
29515.0,9408.56558222199,0.0,0,20,3780
29516.0,9408.56558222199,0.0,0,20,3780
29517.0,9408.56558222199,0.0,0,20,3780
29518.0,9408.56558222199,0.0,0,20,3780
29519.0,9408.56558222199,0.0,0,20,3780
29520.0,9408.56558222199,0.0,0,20,3780
29521.0,9408.56558222199,0.0,0,20,3780
29522.0,9408.56558222199,0.0,0,20,3780
29523.0,9408.56558222199,0.0,0,20,3780
29524.0,9408.56558222199,0.0,0,20,3780
29525.0,9408.56558222199,0.0,0,20,3780
29526.0,9408.56558222199,0.0,0,20,3780
29527.0,9408.56558222199,0.0,0,20,3780
29528.0,9408.56558222199,0.0,0,20,3780
29529.0,9408.56558222199,0.0,0,20,3780
29530.0,9408.56558222199,0.0,0,20,3780
29531.0,9408.56558222199,0.0,0,20,3780
29532.0,9408.56558222199,0.0,0,20,3780
29533.0,9408.56558222199,0.0,0,20,3780
29534.0,9408.56558222199,0.0,0,20,3780
29535.0,9408.56558222199,0.0,0,20,3780
29536.0,9408.56558222199,0.0,0,20,3780
29537.0,9408.56558222199,0.0,0,20,3780
29538.0,9408.56558222199,0.0,0,20,3780
29539.0,9408.56558222199,0.0,0,20,3780
29540.0,9408.56558222199,0.0,0,20,3780
29541.0,9408.56558222199,0.0,0,20,3780
29542.0,9408.56558222199,0.0,0,20,3780
29543.0,9408.56558222199,0.0,0,20,3780
29544.0,9408.56558222199,0.0,0,20,3780
29545.0,9408.56558222199,0.0,0,20,3780
29546.0,9408.56558222199,0.0,0,20,3780
29547.0,9408.56558222199,0.0,0,20,3780
29548.0,9408.56558222199,0.0,0,20,3780
29549.0,9408.56558222199,0.0,0,20,3780
29550.0,9408.56558222199,0.0,0,20,3780
29551.0,9408.56558222199,0.0,0,20,3780
29552.0,9408.56558222199,0.0,0,20,3780
29553.0,9408.56558222199,0.0,0,20,3780
29554.0,9408.56558222199,0.0,0,20,3780
29555.0,9408.56558222199,0.0,0,20,3780
29556.0,9408.56558222199,0.0,0,20,3780
29557.0,9408.56558222199,0.0,0,20,3780
29558.0,9408.56558222199,0.0,0,20,3780
29559.0,9408.56558222199,0.0,0,20,3780
29560.0,9408.56558222199,0.0,0,20,3780
29561.0,9408.56558222199,0.0,0,20,3780
29562.0,9408.56558222199,0.0,0,20,3780
29563.0,9408.56558222199,0.0,0,20,3780
29564.0,9408.56558222199,0.0,0,20,3780
29565.0,9408.56558222199,0.0,0,20,3780
29566.0,9408.56558222199,0.0,0,20,3780
29567.0,9408.56558222199,0.0,0,20,3780
29568.0,9408.56558222199,0.0,0,20,3780
29569.0,9408.56558222199,0.0,0,20,3780
29570.0,9408.56558222199,0.0,0,20,3780
29571.0,9408.56558222199,0.0,0,20,3780
29572.0,9408.56558222199,0.0,0,20,3780
29573.0,9408.56558222199,0.0,0,20,3780
29574.0,9408.56558222199,0.0,0,20,3780
29575.0,9408.56558222199,0.0,0,20,3780
29576.0,9408.56558222199,0.0,0,20,3780
29577.0,9408.56558222199,0.0,0,20,3780
29578.0,9408.56558222199,0.0,0,20,3780
29579.0,9408.56558222199,0.0,0,20,3780
29580.0,9408.56558222199,0.0,0,20,3780
29581.0,9408.56558222199,0.0,0,20,3780
29582.0,9408.56558222199,0.0,0,20,3780
29583.0,9408.56558222199,0.0,0,20,3780
29584.0,9408.56558222199,0.0,0,20,3780
29585.0,9408.56558222199,0.0,0,20,3780
29586.0,9408.56558222199,0.0,0,20,3780
29587.0,9408.56558222199,0.0,0,20,3780
29588.0,9408.56558222199,0.0,0,20,3780
29589.0,9408.56558222199,0.0,0,20,3780
29590.0,9408.56558222199,0.0,0,20,3780
29591.0,9408.56558222199,0.0,0,20,3780
29592.0,9408.56558222199,0.0,0,20,3780
29593.0,9408.56558222199,0.0,0,20,3780
29594.0,9408.56558222199,0.0,0,20,3780
29595.0,9408.56558222199,0.0,0,20,3780
29596.0,9408.56558222199,0.0,0,20,3780
29597.0,9408.56558222199,0.0,0,20,3780
29598.0,9408.56558222199,0.0,0,20,3780
29599.0,9408.56558222199,0.0,0,20,3780
29600.0,9408.56558222199,0.0,0,20,3780
29601.0,9408.56558222199,0.0,0,20,3780
29602.0,9408.56558222199,0.0,0,20,3780
29603.0,9408.56558222199,0.0,0,20,3780
29604.0,9408.56558222199,0.0,0,20,3780
29605.0,9408.56558222199,0.0,0,20,3780
29606.0,9408.56558222199,0.0,0,20,3780
29607.0,9408.56558222199,0.0,0,20,3780
29608.0,9408.56558222199,0.0,0,20,3780
29609.0,9408.56558222199,0.0,0,20,3780
29610.0,9408.56558222199,0.0,0,20,3780
29611.0,9408.56558222199,0.0,0,20,3780
29612.0,9408.56558222199,0.0,0,20,3780
29613.0,9408.56558222199,0.0,0,20,3780
29614.0,9408.56558222199,0.0,0,20,3780
29615.0,9408.56558222199,0.0,0,20,3780
29616.0,9408.56558222199,0.0,0,20,3780
29617.0,9408.56558222199,0.0,0,20,3780
29618.0,9408.56558222199,0.0,0,20,3780
29619.0,9408.56558222199,0.0,0,20,3780
29620.0,9408.56558222199,0.0,0,20,3780
29621.0,9408.56558222199,0.0,0,20,3780
29622.0,9408.56558222199,0.0,0,20,3780
29623.0,9408.56558222199,0.0,0,20,3780
29624.0,9408.56558222199,0.0,0,20,3780
29625.0,9408.56558222199,0.0,0,20,3780
29626.0,9408.56558222199,0.0,0,20,3780
29627.0,9408.56558222199,0.0,0,20,3780
29628.0,9408.56558222199,0.0,0,20,3780
29629.0,9408.56558222199,0.0,0,20,3780
29630.0,9408.56558222199,0.0,0,20,3780
29631.0,9408.56558222199,0.0,0,20,3780
29632.0,9408.56558222199,0.0,0,20,3780
29633.0,9408.56558222199,0.0,0,20,3780
29634.0,9408.56558222199,0.0,0,20,3780
29635.0,9408.56558222199,0.0,0,20,3780
29636.0,9408.56558222199,0.0,0,20,3780
29637.0,9408.56558222199,0.0,0,20,3780
29638.0,9408.56558222199,0.0,0,20,3780
29639.0,9408.56558222199,0.0,0,20,3780
29640.0,9408.56558222199,0.0,0,20,3780
29641.0,9408.56558222199,0.0,0,20,3780
29642.0,9408.56558222199,0.0,0,20,3780
29643.0,9408.56558222199,0.0,0,20,3780
29644.0,9408.56558222199,0.0,0,20,3780
29645.0,9408.56558222199,0.0,0,20,3780
29646.0,9408.56558222199,0.0,0,20,3780
29647.0,9408.56558222199,0.0,0,20,3780
29648.0,9408.56558222199,0.0,0,20,3780
29649.0,9408.56558222199,0.0,0,20,3780
29650.0,9408.56558222199,0.0,0,20,3780
29651.0,9408.56558222199,0.0,0,20,3780
29652.0,9408.56558222199,0.0,0,20,3780
29653.0,9408.56558222199,0.0,0,20,3780
29654.0,9408.56558222199,0.0,0,20,3780
29655.0,9408.56558222199,0.0,0,20,3780
29656.0,9408.56558222199,0.0,0,20,3780
29657.0,9408.56558222199,0.0,0,20,3780
29658.0,9408.56558222199,0.0,0,20,3780
29659.0,9408.56558222199,0.0,0,20,3780
29660.0,9408.56558222199,0.0,0,20,3780
29661.0,9408.56558222199,0.0,0,20,3780
29662.0,9408.56558222199,0.0,0,20,3780
29663.0,9408.56558222199,0.0,0,20,3780
29664.0,9408.56558222199,0.0,0,20,3780
29665.0,9408.56558222199,0.0,0,20,3780
29666.0,9408.56558222199,0.0,0,20,3780
29667.0,9408.56558222199,0.0,0,20,3780
29668.0,9408.56558222199,0.0,0,20,3780
29669.0,9408.56558222199,0.0,0,20,3780
29670.0,9408.56558222199,0.0,0,20,3780
29671.0,9408.56558222199,0.0,0,20,3780
29672.0,9408.56558222199,0.0,0,20,3780
29673.0,9408.56558222199,0.0,0,20,3780
29674.0,9408.56558222199,0.0,0,20,3780
29675.0,9408.56558222199,0.0,0,20,3780
29676.0,9408.56558222199,0.0,0,20,3780
29677.0,9408.56558222199,0.0,0,20,3780
29678.0,9408.56558222199,0.0,0,20,3780
29679.0,9408.56558222199,0.0,0,20,3780
29680.0,9408.56558222199,0.0,0,20,3780
29681.0,9408.56558222199,0.0,0,20,3780
29682.0,9408.56558222199,0.0,0,20,3780
29683.0,9408.56558222199,0.0,0,20,3780
29684.0,9408.56558222199,0.0,0,20,3780
29685.0,9408.56558222199,0.0,0,20,3780
29686.0,9408.56558222199,0.0,0,20,3780
29687.0,9408.56558222199,0.0,0,20,3780
29688.0,9408.56558222199,0.0,0,20,3780
29689.0,9408.56558222199,0.0,0,20,3780
29690.0,9408.56558222199,0.0,0,20,3780
29691.0,9408.56558222199,0.0,0,20,3780
29692.0,9408.56558222199,0.0,0,20,3780
29693.0,9408.56558222199,0.0,0,20,3780
29694.0,9408.56558222199,0.0,0,20,3780
29695.0,9408.56558222199,0.0,0,20,3780
29696.0,9408.56558222199,0.0,0,20,3780
29697.0,9408.56558222199,0.0,0,20,3780
29698.0,9408.56558222199,0.0,0,20,3780
29699.0,9408.56558222199,0.0,0,20,3780
29700.0,9408.56558222199,0.0,0,20,3780
29701.0,9408.56558222199,0.0,0,20,3780
29702.0,9408.56558222199,0.0,0,20,3780
29703.0,9408.56558222199,0.0,0,20,3780
29704.0,9408.56558222199,0.0,0,20,3780
29705.0,9408.56558222199,0.0,0,20,3780
29706.0,9408.56558222199,0.0,0,20,3780
29707.0,9408.56558222199,0.0,0,20,3780
29708.0,9408.56558222199,0.0,0,20,3780
29709.0,9408.56558222199,0.0,0,20,3780
29710.0,9408.56558222199,0.0,0,20,3780
29711.0,9408.56558222199,0.0,0,20,3780
29712.0,9408.56558222199,0.0,0,20,3780
29713.0,9408.56558222199,0.0,0,20,3780
29714.0,9408.56558222199,0.0,0,20,3780
29715.0,9408.56558222199,0.0,0,20,3780
29716.0,9408.56558222199,0.0,0,20,3780
29717.0,9408.56558222199,0.0,0,20,3780
29718.0,9408.56558222199,0.0,0,20,3780
29719.0,9408.56558222199,0.0,0,20,3780
29720.0,9408.56558222199,0.0,0,20,3780
29721.0,9408.56558222199,0.0,0,20,3780
29722.0,9408.56558222199,0.0,0,20,3780
29723.0,9408.56558222199,0.0,0,20,3780
29724.0,9408.56558222199,0.0,0,20,3780
29725.0,9408.56558222199,0.0,0,20,3780
29726.0,9408.56558222199,0.0,0,20,3780
29727.0,9408.56558222199,0.0,0,20,3780
29728.0,9408.56558222199,0.0,0,20,3780
29729.0,9408.56558222199,0.0,0,20,3780
29730.0,9408.56558222199,0.0,0,20,3780
29731.0,9408.56558222199,0.0,0,20,3780
29732.0,9408.56558222199,0.0,0,20,3780
29733.0,9408.56558222199,0.0,0,20,3780
29734.0,9408.56558222199,0.0,0,20,3780
29735.0,9408.56558222199,0.0,0,20,3780
29736.0,9408.56558222199,0.0,0,20,3780
29737.0,9408.56558222199,0.0,0,20,3780
29738.0,9408.56558222199,0.0,0,20,3780
29739.0,9408.56558222199,0.0,0,20,3780
29740.0,9408.56558222199,0.0,0,20,3780
29741.0,9408.56558222199,0.0,0,20,3780
29742.0,9408.56558222199,0.0,0,20,3780
29743.0,9408.56558222199,0.0,0,20,3780
29744.0,9408.56558222199,0.0,0,20,3780
29745.0,9408.56558222199,0.0,0,20,3780
29746.0,9408.56558222199,0.0,0,20,3780
29747.0,9408.56558222199,0.0,0,20,3780
29748.0,9408.56558222199,0.0,0,20,3780
29749.0,9408.56558222199,0.0,0,20,3780
29750.0,9408.56558222199,0.0,0,20,3780
29751.0,9408.56558222199,0.0,0,20,3780
29752.0,9408.56558222199,0.0,0,20,3780
29753.0,9408.56558222199,0.0,0,20,3780
29754.0,9408.56558222199,0.0,0,20,3780
29755.0,9408.56558222199,0.0,0,20,3780
29756.0,9408.56558222199,0.0,0,20,3780
29757.0,9408.56558222199,0.0,0,20,3780
29758.0,9408.56558222199,0.0,0,20,3780
29759.0,9408.56558222199,0.0,0,20,3780
29760.0,9408.56558222199,0.0,0,20,3780
29761.0,9408.56558222199,0.0,0,20,3780
29762.0,9408.56558222199,0.0,0,20,3780
29763.0,9408.56558222199,0.0,0,20,3780
29764.0,9408.56558222199,0.0,0,20,3780
29765.0,9408.56558222199,0.0,0,20,3780
29766.0,9408.56558222199,0.0,0,20,3780
29767.0,9408.56558222199,0.0,0,20,3780
29768.0,9408.56558222199,0.0,0,20,3780
29769.0,9408.56558222199,0.0,0,20,3780
29770.0,9408.56558222199,0.0,0,20,3780
29771.0,9408.56558222199,0.0,0,20,3780
29772.0,9408.56558222199,0.0,0,20,3780
29773.0,9408.56558222199,0.0,0,20,3780
29774.0,9408.56558222199,0.0,0,20,3780
29775.0,9408.56558222199,0.0,0,20,3780
29776.0,9408.56558222199,0.0,0,20,3780
29777.0,9408.56558222199,0.0,0,20,3780
29778.0,9408.56558222199,0.0,0,20,3780
29779.0,9408.56558222199,0.0,0,20,3780
29780.0,9408.56558222199,0.0,0,20,3780
29781.0,9408.56558222199,0.0,0,20,3780
29782.0,9408.56558222199,0.0,0,20,3780
29783.0,9408.56558222199,0.0,0,20,3780
29784.0,9408.56558222199,0.0,0,20,3780
29785.0,9408.56558222199,0.0,0,20,3780
29786.0,9408.56558222199,0.0,0,20,3780
29787.0,9408.56558222199,0.0,0,20,3780
29788.0,9408.56558222199,0.0,0,20,3780
29789.0,9408.56558222199,0.0,0,20,3780
29790.0,9408.56558222199,0.0,0,20,3780
29791.0,9408.56558222199,0.0,0,20,3780
29792.0,9408.56558222199,0.0,0,20,3780
29793.0,9408.56558222199,0.0,0,20,3780
29794.0,9408.56558222199,0.0,0,20,3780
29795.0,9408.56558222199,0.0,0,20,3780
29796.0,9408.56558222199,0.0,0,20,3780
29797.0,9408.56558222199,0.0,0,20,3780
29798.0,9408.56558222199,0.0,0,20,3780
29799.0,9408.56558222199,0.0,0,20,3780
29800.0,9408.56558222199,0.0,0,20,3780
29801.0,9408.56558222199,0.0,0,20,3780
29802.0,9408.56558222199,0.0,0,20,3780
29803.0,9408.56558222199,0.0,0,20,3780
29804.0,9408.56558222199,0.0,0,20,3780
29805.0,9408.56558222199,0.0,0,20,3780
29806.0,9408.56558222199,0.0,0,20,3780
29807.0,9408.56558222199,0.0,0,20,3780
29808.0,9408.56558222199,0.0,0,20,3780
29809.0,9408.56558222199,0.0,0,20,3780
29810.0,9408.56558222199,0.0,0,20,3780
29811.0,9408.56558222199,0.0,0,20,3780
29812.0,9408.56558222199,0.0,0,20,3780
29813.0,9408.56558222199,0.0,0,20,3780
29814.0,9408.56558222199,0.0,0,20,3780
29815.0,9408.56558222199,0.0,0,20,3780
29816.0,9408.56558222199,0.0,0,20,3780
29817.0,9408.56558222199,0.0,0,20,3780
29818.0,9408.56558222199,0.0,0,20,3780
29819.0,9408.56558222199,0.0,0,20,3780
29820.0,9408.56558222199,0.0,0,20,3780
29821.0,9408.56558222199,0.0,0,20,3780
29822.0,9408.56558222199,0.0,0,20,3780
29823.0,9408.56558222199,0.0,0,20,3780
29824.0,9408.56558222199,0.0,0,20,3780
29825.0,9408.56558222199,0.0,0,20,3780
29826.0,9408.56558222199,0.0,0,20,3780
29827.0,9408.56558222199,0.0,0,20,3780
29828.0,9408.56558222199,0.0,0,20,3780
29829.0,9408.56558222199,0.0,0,20,3780
29830.0,9408.56558222199,0.0,0,20,3780
29831.0,9408.56558222199,0.0,0,20,3780
29832.0,9408.56558222199,0.0,0,20,3780
29833.0,9408.56558222199,0.0,0,20,3780
29834.0,9408.56558222199,0.0,0,20,3780
29835.0,9408.56558222199,0.0,0,20,3780
29836.0,9408.56558222199,0.0,0,20,3780
29837.0,9408.56558222199,0.0,0,20,3780
29838.0,9408.56558222199,0.0,0,20,3780
29839.0,9408.56558222199,0.0,0,20,3780
29840.0,9408.56558222199,0.0,0,20,3780
29841.0,9408.56558222199,0.0,0,20,3780
29842.0,9408.56558222199,0.0,0,20,3780
29843.0,9408.56558222199,0.0,0,20,3780
29844.0,9408.56558222199,0.0,0,20,3780
29845.0,9408.56558222199,0.0,0,20,3780
29846.0,9408.56558222199,0.0,0,20,3780
29847.0,9408.56558222199,0.0,0,20,3780
29848.0,9408.56558222199,0.0,0,20,3780
29849.0,9408.56558222199,0.0,0,20,3780
29850.0,9408.56558222199,0.0,0,20,3780
29851.0,9408.56558222199,0.0,0,20,3780
29852.0,9408.56558222199,0.0,0,20,3780
29853.0,9408.56558222199,0.0,0,20,3780
29854.0,9408.56558222199,0.0,0,20,3780
29855.0,9408.56558222199,0.0,0,20,3780
29856.0,9408.56558222199,0.0,0,20,3780
29857.0,9408.56558222199,0.0,0,20,3780
29858.0,9408.56558222199,0.0,0,20,3780
29859.0,9408.56558222199,0.0,0,20,3780
29860.0,9408.56558222199,0.0,0,20,3780
29861.0,9408.56558222199,0.0,0,20,3780
29862.0,9408.56558222199,0.0,0,20,3780
29863.0,9408.56558222199,0.0,0,20,3780
29864.0,9408.56558222199,0.0,0,20,3780
29865.0,9408.56558222199,0.0,0,20,3780
29866.0,9408.56558222199,0.0,0,20,3780
29867.0,9408.56558222199,0.0,0,20,3780
29868.0,9408.56558222199,0.0,0,20,3780
29869.0,9408.56558222199,0.0,0,20,3780
29870.0,9408.56558222199,0.0,0,20,3780
29871.0,9408.56558222199,0.0,0,20,3780
29872.0,9408.56558222199,0.0,0,20,3780
29873.0,9408.56558222199,0.0,0,20,3780
29874.0,9408.56558222199,0.0,0,20,3780
29875.0,9408.56558222199,0.0,0,20,3780
29876.0,9408.56558222199,0.0,0,20,3780
29877.0,9408.56558222199,0.0,0,20,3780
29878.0,9408.56558222199,0.0,0,20,3780
29879.0,9408.56558222199,0.0,0,20,3780
29880.0,9408.56558222199,0.0,0,20,3780
29881.0,9408.56558222199,0.0,0,20,3780
29882.0,9408.56558222199,0.0,0,20,3780
29883.0,9408.56558222199,0.0,0,20,3780
29884.0,9408.56558222199,0.0,0,20,3780
29885.0,9408.56558222199,0.0,0,20,3780
29886.0,9408.56558222199,0.0,0,20,3780
29887.0,9408.56558222199,0.0,0,20,3780
29888.0,9408.56558222199,0.0,0,20,3780
29889.0,9408.56558222199,0.0,0,20,3780
29890.0,9408.56558222199,0.0,0,20,3780
29891.0,9408.56558222199,0.0,0,20,3780
29892.0,9408.56558222199,0.0,0,20,3780
29893.0,9408.56558222199,0.0,0,20,3780
29894.0,9408.56558222199,0.0,0,20,3780
29895.0,9408.56558222199,0.0,0,20,3780
29896.0,9408.56558222199,0.0,0,20,3780
29897.0,9408.56558222199,0.0,0,20,3780
29898.0,9408.56558222199,0.0,0,20,3780
29899.0,9408.56558222199,0.0,0,20,3780
29900.0,9408.56558222199,0.0,0,20,3780
29901.0,9408.56558222199,0.0,0,20,3780
29902.0,9408.56558222199,0.0,0,20,3780
29903.0,9408.56558222199,0.0,0,20,3780
29904.0,9408.56558222199,0.0,0,20,3780
29905.0,9408.56558222199,0.0,0,20,3780
29906.0,9408.56558222199,0.0,0,20,3780
29907.0,9408.56558222199,0.0,0,20,3780
29908.0,9408.56558222199,0.0,0,20,3780
29909.0,9408.56558222199,0.0,0,20,3780
29910.0,9408.56558222199,0.0,0,20,3780
29911.0,9408.56558222199,0.0,0,20,3780
29912.0,9408.56558222199,0.0,0,20,3780
29913.0,9408.56558222199,0.0,0,20,3780
29914.0,9408.56558222199,0.0,0,20,3780
29915.0,9408.56558222199,0.0,0,20,3780
29916.0,9408.56558222199,0.0,0,20,3780
29917.0,9408.56558222199,0.0,0,20,3780
29918.0,9408.56558222199,0.0,0,20,3780
29919.0,9408.56558222199,0.0,0,20,3780
29920.0,9408.56558222199,0.0,0,20,3780
29921.0,9408.56558222199,0.0,0,20,3780
29922.0,9408.56558222199,0.0,0,20,3780
29923.0,9408.56558222199,0.0,0,20,3780
29924.0,9408.56558222199,0.0,0,20,3780
29925.0,9408.56558222199,0.0,0,20,3780
29926.0,9408.56558222199,0.0,0,20,3780
29927.0,9408.56558222199,0.0,0,20,3780
29928.0,9408.56558222199,0.0,0,20,3780
29929.0,9408.56558222199,0.0,0,20,3780
29930.0,9408.56558222199,0.0,0,20,3780
29931.0,9408.56558222199,0.0,0,20,3780
29932.0,9408.56558222199,0.0,0,20,3780
29933.0,9408.56558222199,0.0,0,20,3780
29934.0,9408.56558222199,0.0,0,20,3780
29935.0,9408.56558222199,0.0,0,20,3780
29936.0,9408.56558222199,0.0,0,20,3780
29937.0,9408.56558222199,0.0,0,20,3780
29938.0,9408.56558222199,0.0,0,20,3780
29939.0,9408.56558222199,0.0,0,20,3780
29940.0,9408.56558222199,0.0,0,20,3780
29941.0,9408.56558222199,0.0,0,20,3780
29942.0,9408.56558222199,0.0,0,20,3780
29943.0,9408.56558222199,0.0,0,20,3780
29944.0,9408.56558222199,0.0,0,20,3780
29945.0,9408.56558222199,0.0,0,20,3780
29946.0,9408.56558222199,0.0,0,20,3780
29947.0,9408.56558222199,0.0,0,20,3780
29948.0,9408.56558222199,0.0,0,20,3780
29949.0,9408.56558222199,0.0,0,20,3780
29950.0,9408.56558222199,0.0,0,20,3780
29951.0,9408.56558222199,0.0,0,20,3780
29952.0,9408.56558222199,0.0,0,20,3780
29953.0,9408.56558222199,0.0,0,20,3780
29954.0,9408.56558222199,0.0,0,20,3780
29955.0,9408.56558222199,0.0,0,20,3780
29956.0,9408.56558222199,0.0,0,20,3780
29957.0,9408.56558222199,0.0,0,20,3780
29958.0,9408.56558222199,0.0,0,20,3780
29959.0,9408.56558222199,0.0,0,20,3780
29960.0,9408.56558222199,0.0,0,20,3780
29961.0,9408.56558222199,0.0,0,20,3780
29962.0,9408.56558222199,0.0,0,20,3780
29963.0,9408.56558222199,0.0,0,20,3780
29964.0,9408.56558222199,0.0,0,20,3780
29965.0,9408.56558222199,0.0,0,20,3780
29966.0,9408.56558222199,0.0,0,20,3780
29967.0,9408.56558222199,0.0,0,20,3780
29968.0,9408.56558222199,0.0,0,20,3780
29969.0,9408.56558222199,0.0,0,20,3780
29970.0,9408.56558222199,0.0,0,20,3780
29971.0,9408.56558222199,0.0,0,20,3780
29972.0,9408.56558222199,0.0,0,20,3780
29973.0,9408.56558222199,0.0,0,20,3780
29974.0,9408.56558222199,0.0,0,20,3780
29975.0,9408.56558222199,0.0,0,20,3780
29976.0,9408.56558222199,0.0,0,20,3780
29977.0,9408.56558222199,0.0,0,20,3780
29978.0,9408.56558222199,0.0,0,20,3780
29979.0,9408.56558222199,0.0,0,20,3780
29980.0,9408.56558222199,0.0,0,20,3780
29981.0,9408.56558222199,0.0,0,20,3780
29982.0,9408.56558222199,0.0,0,20,3780
29983.0,9408.56558222199,0.0,0,20,3780
29984.0,9408.56558222199,0.0,0,20,3780
29985.0,9408.56558222199,0.0,0,20,3780
29986.0,9408.56558222199,0.0,0,20,3780
29987.0,9408.56558222199,0.0,0,20,3780
29988.0,9408.56558222199,0.0,0,20,3780
29989.0,9408.56558222199,0.0,0,20,3780
29990.0,9408.56558222199,0.0,0,20,3780
29991.0,9408.56558222199,0.0,0,20,3780
29992.0,9408.56558222199,0.0,0,20,3780
29993.0,9408.56558222199,0.0,0,20,3780
29994.0,9408.56558222199,0.0,0,20,3780
29995.0,9408.56558222199,0.0,0,20,3780
29996.0,9408.56558222199,0.0,0,20,3780
29997.0,9408.56558222199,0.0,0,20,3780
29998.0,9408.56558222199,0.0,0,20,3780
29999.0,9408.56558222199,0.0,0,20,3780
30000.0,9408.56558222199,0.0,0,20,3780
30001.0,9408.56558222199,0.0,0,20,3780
