time,agents_total_distance_moved,agents_total_task_amount_done,completed_tasks,remaining_tasks,tasks_total_amount_left
1.0,2.0000000000000013,0.0,0,20,4060.0
2.0,3.5000000000000018,0.0,0,20,4060.0
3.0,5.95041819921904,0.0,0,20,4060.0
4.0,9.82355806903491,0.0,0,20,4060.0
5.0,15.132425420572094,0.0,0,20,4060.0
6.0,21.883199005574223,0.0,0,20,4060.0
7.0,30.078916343227917,0.0,0,20,4060.0
8.0,39.72121714144104,0.0,0,20,4060.0
9.0,50.81106748773336,0.0,0,20,4060.0
10.0,63.349078436577905,0.0,0,20,4060.0
11.0,77.3356588438296,0.0,0,20,4060.0
12.0,92.77109483475476,0.0,0,20,4060.0
13.0,109.6555940563598,0.0,0,20,4060.0
14.0,127.98931177261704,0.0,0,20,4060.0
15.0,147.77236700844998,0.0,0,20,4060.0
16.0,169.0048529495425,0.0,0,20,4060.0
17.0,191.6868438765476,0.0,0,20,4060.0
18.0,215.8183999274955,0.0,0,20,4060.0
19.0,241.3995704537084,0.0,0,20,4060.0
20.0,268.43039643834095,0.0,0,20,4060.0
21.0,295.9609122742335,0.0,0,20,4060.0
22.0,323.941147093975,0.0,0,20,4060.0
23.0,351.9411470939751,0.0,0,20,4060.0
24.0,379.9411470939751,0.0,0,20,4060.0
25.0,407.9411470939751,0.0,0,20,4060.0
26.0,435.9411470939751,0.0,0,20,4060.0
27.0,463.9411470939751,0.0,0,20,4060.0
28.0,491.9411470939751,0.0,0,20,4060.0
29.0,519.941147093975,0.0,0,20,4060.0
30.0,547.941147093975,0.0,0,20,4060.0
31.0,575.9411470939749,0.0,0,20,4060.0
32.0,603.9411470939748,0.0,0,20,4060.0
33.0,631.9411470939748,0.0,0,20,4060.0
34.0,659.9411470939747,0.0,0,20,4060.0
35.0,687.9411470939747,0.0,0,20,4060.0
36.0,715.9411470939747,0.0,0,20,4060.0
37.0,743.9411470939746,0.0,0,20,4060.0
38.0,771.9411470939746,0.0,0,20,4060.0
39.0,799.9411470939745,0.0,0,20,4060.0
40.0,827.9411470939745,0.0,0,20,4060.0
41.0,854.9411470939745,0.0,0,20,4060.0
42.0,880.9411470939745,0.0,0,20,4060.0
43.0,906.9411470939743,0.0,0,20,4060.0
44.0,932.9411470939743,0.0,0,20,4060.0
45.0,958.9411470939743,0.0,0,20,4060.0
46.0,984.9411470939743,0.0,0,20,4060.0
47.0,1009.9411470939743,0.0,0,20,4060.0
48.0,1034.9411470939742,0.0,0,20,4060.0
49.0,1059.9411470939742,0.0,0,20,4060.0
50.0,1084.9411470939742,0.0,0,20,4060.0
51.0,1109.9411470939742,0.0,0,20,4060.0
52.0,1134.9411470939742,0.0,0,20,4060.0
53.0,1159.9411470939742,0.0,0,20,4060.0
54.0,1184.9411470939742,0.0,0,20,4060.0
55.0,1209.9411470939742,0.0,0,20,4060.0
56.0,1234.9411470939742,0.0,0,20,4060.0
57.0,1259.9411470939742,0.0,0,20,4060.0
58.0,1284.9411470939742,0.0,0,20,4060.0
59.0,1309.9411470939742,0.0,0,20,4060.0
60.0,1334.9411470939742,0.0,0,20,4060.0
61.0,1359.9411470939742,0.0,0,20,4060.0
62.0,1384.9411470939742,0.0,0,20,4060.0
63.0,1409.9411470939742,0.0,0,20,4060.0
64.0,1434.923511673209,0.0,0,20,4060.0
65.0,1459.8862289608594,0.0,0,20,4060.0
66.0,1484.8296919027564,0.0,0,20,4060.0
67.0,1508.7542855858155,0.0,0,20,4060.0
68.0,1532.6603873952138,0.0,0,20,4060.0
69.0,1555.6603873952138,0.0,0,20,4060.0
70.0,1578.6603873952138,0.0,0,20,4060.0
71.0,1601.6603873952138,0.0,0,20,4060.0
72.0,1624.6603873952138,0.0,0,20,4060.0
73.0,1647.6603873952138,0.0,0,20,4060.0
74.0,1670.6603873952138,0.0,0,20,4060.0
75.0,1693.6603873952138,0.0,0,20,4060.0
76.0,1716.6603873952138,0.0,0,20,4060.0
77.0,1739.6603873952138,0.0,0,20,4060.0
78.0,1762.6603873952138,0.0,0,20,4060.0
79.0,1785.6603873952138,0.0,0,20,4060.0
80.0,1808.6603873952138,0.0,0,20,4060.0
81.0,1831.6603873952138,0.0,0,20,4060.0
82.0,1854.6603873952138,0.0,0,20,4060.0
83.0,1877.6603873952138,0.0,0,20,4060.0
84.0,1900.6603873952138,0.0,0,20,4060.0
85.0,1922.6603873952138,0.0,0,20,4060.0
86.0,1944.6603873952138,0.0,0,20,4060.0
87.0,1966.6603873952138,0.0,0,20,4060.0
88.0,1988.6603873952138,0.0,0,20,4060.0
89.0,2010.6603873952138,0.0,0,20,4060.0
90.0,2032.6603873952138,0.0,0,20,4060.0
91.0,2054.660387395214,0.0,0,20,4060.0
92.0,2075.660387395214,0.0,0,20,4060.0
93.0,2096.660387395214,0.0,0,20,4060.0
94.0,2117.660387395214,0.0,0,20,4060.0
95.0,2138.660387395214,0.0,0,20,4060.0
96.0,2159.660387395214,0.0,0,20,4060.0
97.0,2180.660387395214,0.0,0,20,4060.0
98.0,2201.660387395214,0.0,0,20,4060.0
99.0,2222.6603873952145,0.0,0,20,4060.0
100.0,2243.6603873952145,0.0,0,20,4060.0
101.0,2264.6603873952145,0.0,0,20,4060.0
102.0,2285.6603873952145,0.0,0,20,4060.0
103.0,2306.6603873952145,0.0,0,20,4060.0
104.0,2327.6603873952145,0.0,0,20,4060.0
105.0,2348.6603873952145,0.0,0,20,4060.0
106.0,2369.6603873952145,0.0,0,20,4060.0
107.0,2390.6603873952145,0.0,0,20,4060.0
108.0,2411.660387395215,0.0,0,20,4060.0
109.0,2431.660387395215,0.0,0,20,4060.0
110.0,2451.660387395215,0.0,0,20,4060.0
111.0,2471.660387395215,0.0,0,20,4060.0
112.0,2491.660387395215,0.0,0,20,4060.0
113.0,2511.660387395215,0.0,0,20,4060.0
114.0,2531.6597149438767,0.0,0,20,4060.0
115.0,2551.639055941565,0.0,0,20,4060.0
116.0,2571.5988101192997,0.0,0,20,4060.0
117.0,2591.53936921348,0.0,0,20,4060.0
118.0,2611.461117125776,0.0,0,20,4060.0
119.0,2631.3644300798264,0.0,0,20,4060.0
120.0,2650.3644300798264,0.0,0,20,4060.0
121.0,2669.3644300798264,0.0,0,20,4060.0
122.0,2688.3644300798264,0.0,0,20,4060.0
123.0,2707.3644300798264,0.0,0,20,4060.0
124.0,2726.3644300798264,0.0,0,20,4060.0
125.0,2745.3644300798264,0.0,0,20,4060.0
126.0,2764.3644300798264,0.0,0,20,4060.0
127.0,2783.3644300798264,0.0,0,20,4060.0
128.0,2802.364430079827,0.0,0,20,4060.0
129.0,2821.364430079827,0.0,0,20,4060.0
130.0,2839.364430079827,0.0,0,20,4060.0
131.0,2857.364430079827,0.0,0,20,4060.0
132.0,2874.364430079827,0.0,0,20,4060.0
133.0,2891.364430079827,0.0,0,20,4060.0
134.0,2908.364430079827,0.0,0,20,4060.0
135.0,2925.364430079827,0.0,0,20,4060.0
136.0,2942.364430079827,0.0,0,20,4060.0
137.0,2959.364430079827,0.0,0,20,4060.0
138.0,2976.364430079827,0.0,0,20,4060.0
139.0,2993.364430079827,0.0,0,20,4060.0
140.0,3010.364430079827,0.0,0,20,4060.0
141.0,3026.364430079827,0.0,0,20,4060.0
142.0,3041.364430079827,0.0,0,20,4060.0
143.0,3056.349908413035,0.0,0,20,4060.0
144.0,3071.3156771795784,0.0,0,20,4060.0
145.0,3086.262130570791,0.0,0,20,4060.0
146.0,3101.1896548941795,0.0,0,20,4060.0
147.0,3116.0986287311002,0.0,0,20,4060.0
148.0,3130.0986287311002,0.0,0,20,4060.0
149.0,3144.0986287311002,0.0,0,20,4060.0
150.0,3158.0986287311002,0.0,0,20,4060.0
151.0,3172.0986287311002,0.0,0,20,4060.0
152.0,3186.0986287311002,0.0,0,20,4060.0
153.0,3200.0986287311002,0.0,0,20,4060.0
154.0,3214.0986287311002,0.0,0,20,4060.0
155.0,3227.0986287311002,0.0,0,20,4060.0
156.0,3239.0986287311002,0.0,0,20,4060.0
157.0,3251.0986287311002,0.0,0,20,4060.0
158.0,3263.0986287311002,0.0,0,20,4060.0
159.0,3273.1986287310997,0.0,0,20,4060.0
160.0,3282.6297198477737,0.0,0,20,4060.0
161.0,3284.7700892796765,0.0,0,20,4060.0
162.0,3287.6206460190024,0.0,0,20,4060.0
163.0,3291.1824251108023,0.0,0,20,4060.0
164.0,3295.4566077685317,0.0,0,20,4060.0
165.0,3300.444544365135,0.0,0,20,4060.0
166.0,3306.147780293469,0.0,0,20,4060.0
167.0,3312.568084378197,0.0,0,20,4060.0
168.0,3319.3074790215474,0.0,0,20,4060.0
169.0,3326.7182705287464,0.0,0,20,4060.0
170.0,3334.803077068945,0.0,0,20,4060.0
171.0,3343.064987065093,0.0,0,20,4060.0
172.0,3348.1546693837427,0.0,0,20,4060.0
173.0,3353.905361045443,0.0,0,20,4060.0
174.0,3360.27191949964,0.0,0,20,4060.0
175.0,3367.25574851634,0.0,0,20,4060.0
176.0,3374.8581140639567,0.0,0,20,4060.0
177.0,3383.0569608624974,0.0,0,20,4060.0
178.0,3391.809009925414,0.0,0,20,4060.0
179.0,3401.0428191272213,0.0,0,20,4060.0
180.0,3410.636952144991,0.0,0,20,4060.0
181.0,3420.5922025024065,0.0,0,20,4060.0
182.0,3430.9093478526743,0.0,0,20,4060.0
183.0,3441.5891502959357,0.0,0,20,4060.0
184.0,3452.632356690332,0.0,0,20,4060.0
185.0,3464.0396989568403,0.0,0,20,4060.0
186.0,3475.8118943780187,0.0,0,20,4060.0
187.0,3487.949645890774,0.0,0,20,4060.0
188.0,3500.4536423732734,0.0,0,20,4060.0
189.0,3513.3245589261232,0.0,0,20,4060.0
190.0,3526.5630571479155,0.0,0,20,4060.0
191.0,3540.119785405272,0.0,0,20,4060.0
192.0,3553.6453790974815,0.0,0,20,4060.0
193.0,3567.140460915847,0.0,0,20,4060.0
194.0,3580.6056410978454,0.0,0,20,4060.0
195.0,3594.041517676204,0.0,0,20,4060.0
196.0,3607.4486767229946,0.0,0,20,4060.0
197.0,3620.82769258885,0.0,0,20,4060.0
198.0,3634.179128137388,0.0,0,20,4060.0
199.0,3647.5035349749555,0.0,0,20,4060.0
200.0,3660.8014536757714,0.0,0,20,4060.0
201.0,3674.073414002571,0.0,0,20,4060.0
202.0,3687.319935122835,0.0,0,20,4060.0
203.0,3700.5415258206936,0.0,0,20,4060.0
204.0,3713.7211856363433,0.0,0,20,4060.0
205.0,3726.8572522556797,0.0,0,20,4060.0
206.0,3739.9505975426296,0.0,0,20,4060.0
207.0,3753.0020759238405,0.0,0,20,4060.0
208.0,3766.012524737427,0.0,0,20,4060.0
209.0,3778.094661549659,0.0,0,20,4060.0
210.0,3790.1401074741075,0.0,0,20,4060.0
211.0,3801.330616162633,0.0,0,20,4060.0
212.0,3807.094653775869,0.0,0,20,4060.0
213.0,3813.320865718371,0.0,0,20,4060.0
214.0,3820.010454950247,0.0,0,20,4060.0
215.0,3827.164672369579,0.0,0,20,4060.0
216.0,3834.780080657904,0.0,0,20,4060.0
217.0,3842.8273889528205,0.0,0,20,4060.0
218.0,3851.304341526258,0.0,0,20,4060.0
219.0,3860.2133631712545,0.0,0,20,4060.0
220.0,3869.557042487663,0.0,0,20,4060.0
221.0,3878.888185658664,0.0,0,20,4060.0
222.0,3888.8000328257813,0.0,0,20,4060.0
223.0,3899.2951029266305,0.0,0,20,4060.0
224.0,3910.377566204164,0.0,0,20,4060.0
225.0,3921.3522030442155,0.0,0,20,4060.0
226.0,3932.8745409845287,0.0,0,20,4060.0
227.0,3944.9509712507124,0.0,0,20,4060.0
228.0,3957.5219350290313,0.0,0,20,4060.0
229.0,3970.571022371103,0.0,0,20,4060.0
230.0,3984.064457943985,0.0,0,20,4060.0
231.0,3997.9117144430993,0.0,0,20,4060.0
232.0,4011.9219065313305,0.0,0,20,4060.0
233.0,4026.103412875181,0.0,0,20,4060.0
234.0,4040.4636721903476,0.0,0,20,4060.0
235.0,4055.009148728856,0.0,0,20,4060.0
236.0,4069.7454102093366,0.0,0,20,4060.0
237.0,4084.6590902146722,0.0,0,20,4060.0
238.0,4099.691501975628,0.0,0,20,4060.0
239.0,4114.794310132678,0.0,0,20,4060.0
240.0,4129.9714287852,0.0,0,20,4060.0
241.0,4145.226434334969,0.0,0,20,4060.0
242.0,4160.412629336883,0.0,0,20,4060.0
243.0,4175.533091877407,0.0,0,20,4060.0
244.0,4190.577054440154,0.0,0,20,4060.0
245.0,4205.541184405351,0.0,0,20,4060.0
246.0,4220.428477442918,0.0,0,20,4060.0
247.0,4235.241805603908,0.0,0,20,4060.0
248.0,4249.980636761501,0.0,0,20,4060.0
249.0,4264.617423629035,0.0,0,20,4060.0
250.0,4279.1214747592185,0.0,0,20,4060.0
251.0,4293.495444866798,0.0,0,20,4060.0
252.0,4307.741935572226,0.0,0,20,4060.0
253.0,4321.863496463546,0.0,0,20,4060.0
254.0,4335.862626137039,0.0,0,20,4060.0
255.0,4349.7417732170625,0.0,0,20,4060.0
256.0,4363.503337355486,0.0,0,20,4060.0
257.0,4377.14967021114,0.0,0,20,4060.0
258.0,4390.683076409681,0.0,0,20,4060.0
259.0,4404.105814484252,0.0,0,20,4060.0
260.0,4417.420097797331,0.0,0,20,4060.0
261.0,4430.628095444149,0.0,0,20,4060.0
262.0,4443.7319331380295,0.0,0,20,4060.0
263.0,4456.733154926151,0.0,0,20,4060.0
264.0,4469.605615038732,0.0,0,20,4060.0
265.0,4482.340625949061,0.0,0,20,4060.0
266.0,4494.940936641183,0.0,0,20,4060.0
267.0,4507.409241119463,0.0,0,20,4060.0
268.0,4519.7481795081785,0.0,0,20,4060.0
269.0,4531.960339129118,0.0,0,20,4060.0
270.0,4544.048255557639,0.0,0,20,4060.0
271.0,4556.014413657591,0.0,0,20,4060.0
272.0,4566.860476596697,0.0,0,20,4060.0
273.0,4577.56961827702,0.0,0,20,4060.0
274.0,4588.144577123738,0.0,0,20,4060.0
275.0,4598.588036793521,0.0,0,20,4060.0
276.0,4608.902627269907,0.0,0,20,4060.0
277.0,4619.090925936766,0.0,0,20,4060.0
278.0,4629.155458630287,0.0,0,20,4060.0
279.0,4639.098700669938,0.0,0,20,4060.0
280.0,4648.923077868798,0.0,0,20,4060.0
281.0,4658.63096752368,0.0,0,20,4060.0
282.0,4668.224699385463,0.0,0,20,4060.0
283.0,4677.706556610012,0.0,0,20,4060.0
284.0,4687.058809731992,0.0,0,20,4060.0
285.0,4696.3040177915345,0.0,0,20,4060.0
286.0,4705.444321689885,0.0,0,20,4060.0
287.0,4714.48181951027,0.0,0,20,4060.0
288.0,4723.418567374244,0.0,0,20,4060.0
289.0,4732.256580280941,0.0,0,20,4060.0
290.0,4740.997832929504,0.0,0,20,4060.0
291.0,4749.644260525094,0.0,0,20,4060.0
292.0,4758.197759568776,0.0,0,20,4060.0
293.0,4766.66018863158,0.0,0,20,4060.0
294.0,4775.033369113131,0.0,0,20,4060.0
295.0,4783.319085985049,0.0,0,20,4060.0
296.0,4791.519088519529,0.0,0,20,4060.0
297.0,4799.635091003321,0.0,0,20,4060.0
298.0,4807.6687734374345,0.0,0,20,4060.0
299.0,4815.621782222866,0.0,0,20,4060.0
300.0,4823.49573083259,0.0,0,20,4060.0
301.0,4831.292200470121,0.0,0,20,4060.0
302.0,4839.0127407149,0.0,0,20,4060.0
303.0,4846.658870154783,0.0,0,20,4060.0
304.0,4854.2320770058695,0.0,0,20,4060.0
305.0,4861.733819719932,0.0,0,20,4060.0
306.0,4869.165527579716,0.0,0,20,4060.0
307.0,4876.528601282302,0.0,0,20,4060.0
308.0,4883.824413510837,0.0,0,20,4060.0
309.0,4891.0543094948025,0.0,0,20,4060.0
310.0,4898.219607559087,0.0,0,20,4060.0
311.0,4905.3215996620875,0.0,0,20,4060.0
312.0,4912.361551923027,0.0,0,20,4060.0
313.0,4919.340705138748,0.0,0,20,4060.0
314.0,4926.260275290155,0.0,0,20,4060.0
315.0,4933.121454038532,0.0,0,20,4060.0
316.0,4939.925409211944,0.0,0,20,4060.0
317.0,4946.673285281886,0.0,0,20,4060.0
318.0,4953.366203830428,0.0,0,20,4060.0
319.0,4960.005264008,0.0,0,20,4060.0
320.0,4966.591542982022,0.0,0,20,4060.0
321.0,4973.126096376564,0.0,0,20,4060.0
322.0,4979.609958703215,0.0,0,20,4060.0
323.0,4986.044143783331,0.0,0,20,4060.0
324.0,4992.429645161846,0.0,0,20,4060.0
325.0,4998.76743651279,0.0,0,20,4060.0
326.0,5005.058472036715,0.0,0,20,4060.0
327.0,5011.303686850163,0.0,0,20,4060.0
328.0,5017.503997367341,0.0,0,20,4060.0
329.0,5023.660301674175,0.0,0,20,4060.0
330.0,5029.773479894873,0.0,0,20,4060.0
331.0,5035.844394551158,0.0,0,20,4060.0
332.0,5041.873890914316,0.0,0,20,4060.0
333.0,5047.862797350211,0.0,0,20,4060.0
334.0,5053.811925657388,0.0,0,20,4060.0
335.0,5059.722071398422,0.0,0,20,4060.0
336.0,5065.5940142246345,0.0,0,20,4060.0
337.0,5071.428518194322,0.0,0,20,4060.0
338.0,5077.2064605972555,0.0,0,20,4060.0
339.0,5082.948844152132,0.0,0,20,4060.0
340.0,5088.656380035908,0.0,0,20,4060.0
341.0,5094.32976520201,0.0,0,20,4060.0
342.0,5099.9696826647905,0.0,0,20,4060.0
343.0,5105.576801778315,0.0,0,20,4060.0
344.0,5111.151778509567,0.0,0,20,4060.0
345.0,5116.695255706196,0.0,0,20,4060.0
346.0,5122.207863358893,0.0,0,20,4060.0
347.0,5127.690218858536,0.0,0,20,4060.0
348.0,5133.142927248184,0.0,0,20,4060.0
349.0,5138.5665814700415,0.0,0,20,4060.0
350.0,5143.9617626074605,0.0,0,20,4060.0
351.0,5149.329040122132,0.0,0,20,4060.0
352.0,5154.649300198282,0.0,0,20,4060.0
353.0,5159.943155072908,0.0,0,20,4060.0
354.0,5165.211132850042,0.0,0,20,4060.0
355.0,5170.4537510716345,0.0,0,20,4060.0
356.0,5175.671516928792,0.0,0,20,4060.0
357.0,5180.864927468809,0.0,0,20,4060.0
358.0,5186.034469798025,0.0,0,20,4060.0
359.0,5191.180621280656,0.0,0,20,4060.0
360.0,5196.303849733636,0.0,0,20,4060.0
361.0,5201.404613617557,0.0,0,20,4060.0
362.0,5206.483362223797,0.0,0,20,4060.0
363.0,5211.540535857914,0.0,0,20,4060.0
364.0,5216.576566019347,0.0,0,20,4060.0
365.0,5221.572223874859,0.0,0,20,4060.0
366.0,5226.547968573262,0.0,0,20,4060.0
367.0,5231.5041983776955,0.0,0,20,4060.0
368.0,5236.441303586042,0.0,0,20,4060.0
369.0,5241.3596666902195,0.0,0,20,4060.0
370.0,5246.259662532314,0.0,0,20,4060.0
371.0,5251.141658457566,0.0,0,20,4060.0
372.0,5256.006014464314,0.0,0,20,4060.0
373.0,5260.8530833509285,0.0,0,20,4060.0
374.0,5265.683210859809,0.0,0,20,4060.0
375.0,5270.496735818511,0.0,0,20,4060.0
376.0,5275.293990278042,0.0,0,20,4060.0
377.0,5280.07529964838,0.0,0,20,4060.0
378.0,5283.840982831311,0.0,0,20,4060.0
379.0,5287.591352350584,0.0,0,20,4060.0
380.0,5291.326714479472,0.0,0,20,4060.0
381.0,5295.047369365782,0.0,0,20,4060.0
382.0,5298.753611154365,0.0,0,20,4060.0
383.0,5302.445728107177,0.0,0,20,4060.0
384.0,5306.124002720933,0.0,0,20,4060.0
385.0,5309.788711842414,0.0,0,20,4060.0
386.0,5313.420466563869,0.0,0,20,4060.0
387.0,5317.0395861908955,0.0,0,20,4060.0
388.0,5320.6463234253815,0.0,0,20,4060.0
389.0,5324.240925915177,0.0,0,20,4060.0
390.0,5327.823636355178,0.0,0,20,4060.0
391.0,5331.394692586378,0.0,0,20,4060.0
392.0,5334.954327692954,0.0,0,20,4060.0
393.0,5338.502770097399,0.0,0,20,4060.0
394.0,5342.040243653754,0.0,0,20,4060.0
395.0,5345.5669677389815,0.0,0,20,4060.0
396.0,5349.083157342506,0.0,0,20,4060.0
397.0,5352.58902315396,0.0,0,20,4060.0
398.0,5356.084771649185,0.0,0,20,4060.0
399.0,5359.570605174505,0.0,0,20,4060.0
400.0,5363.046722029318,0.0,0,20,4060.0
401.0,5366.513316547034,0.0,0,20,4060.0
402.0,5369.970579174397,0.0,0,20,4060.0
403.0,5373.4186965492145,0.0,0,20,4060.0
404.0,5376.838006061677,0.0,0,20,4060.0
405.0,5380.248929383892,0.0,0,20,4060.0
406.0,5383.65163423966,0.0,0,20,4060.0
407.0,5387.046284998315,0.0,0,20,4060.0
408.0,5390.433042741797,0.0,0,20,4060.0
409.0,5393.812065330409,0.0,0,20,4060.0
410.0,5397.143802323441,1.0,0,20,4059.0
411.0,5400.468904576613,7.0,0,20,4053.0
412.0,5403.787504784722,13.0,0,20,4047.0
413.0,5407.079892958249,19.0,0,20,4041.0
414.0,5410.3664333683055,25.0,0,20,4035.0
415.0,5413.647242970162,31.0,0,20,4029.0
416.0,5416.92243637998,37.0,0,20,4023.0
417.0,5420.172508317606,43.0,0,20,4017.0
418.0,5423.417578816478,49.0,0,20,4011.0
419.0,5426.637966357656,55.0,0,20,4005.0
420.0,5429.8539461480095,61.0,0,20,3999.0
421.0,5433.065606342555,67.0,0,20,3993.0
422.0,5436.273033333211,73.0,0,20,3987.0
423.0,5439.476311784054,79.0,0,20,3981.0
424.0,5442.67552466588,85.0,0,20,3975.0
425.0,5445.870753290068,91.0,0,20,3969.0
426.0,5449.0422503502095,97.0,0,20,3963.0
427.0,5452.2103174691465,103.0,0,20,3957.0
428.0,5455.375023245705,109.0,0,20,3951.0
429.0,5458.536434906732,115.0,0,20,3945.0
430.0,5461.694618334539,121.0,0,20,3939.0
431.0,5464.84963809379,127.0,0,20,3933.0
432.0,5468.0015574578565,133.0,0,20,3927.0
433.0,5471.150438434641,139.0,0,20,3921.0
434.0,5474.29634179189,145.0,0,20,3915.0
435.0,5477.439327081993,151.0,0,20,3909.0
436.0,5480.579452666295,157.0,0,20,3903.0
437.0,5483.69679278992,163.0,0,20,3897.0
438.0,5486.811786111072,169.0,0,20,3891.0
439.0,5489.9244795658005,175.0,0,20,3885.0
440.0,5493.034919151435,181.0,0,20,3879.0
441.0,5496.143149945357,187.0,0,20,3873.0
442.0,5499.229427057048,193.0,0,20,3867.0
443.0,5502.313978626507,199.0,0,20,3861.0
444.0,5505.396839164578,205.0,0,20,3855.0
445.0,5508.528042491885,210.0,1,19,3850.0
446.0,5511.9576217526455,210.0,1,19,3850.0
447.0,5515.685609428192,210.0,1,19,3850.0
448.0,5519.7120373502285,210.0,1,19,3850.0
449.0,5524.036936713823,210.0,1,19,3850.0
450.0,5528.660338090146,210.0,1,19,3850.0
451.0,5533.582271438942,210.0,1,19,3850.0
452.0,5538.802766120763,210.0,1,19,3850.0
453.0,5544.321850908947,210.0,1,19,3850.0
454.0,5550.139554001368,210.0,1,19,3850.0
455.0,5556.25590303194,210.0,1,19,3850.0
456.0,5562.6709250819,210.0,1,19,3850.0
457.0,5569.364802907802,210.0,1,19,3850.0
458.0,5576.338122162961,214.0,1,19,3846.0
459.0,5583.610975033016,219.0,1,19,3841.0
460.0,5591.18337084567,224.0,1,19,3836.0
461.0,5599.05531874207,229.0,1,19,3831.0
462.0,5607.2268276805435,234.0,1,19,3826.0
463.0,5615.697906440247,239.0,1,19,3821.0
464.0,5624.468563624757,244.0,1,19,3816.0
465.0,5633.488807665576,249.0,1,19,3811.0
466.0,5642.488807665576,256.0,1,19,3804.0
467.0,5651.488807665576,267.0,1,19,3793.0
468.0,5660.488807665576,278.0,1,19,3782.0
469.0,5669.488807665576,289.0,1,19,3771.0
470.0,5678.488807665576,300.0,1,19,3760.0
471.0,5687.488807665576,311.0,1,19,3749.0
472.0,5696.488807665576,322.0,1,19,3738.0
473.0,5705.488807665576,333.0,1,19,3727.0
474.0,5714.488807665576,344.0,1,19,3716.0
475.0,5723.488807665576,355.0,1,19,3705.0
476.0,5732.488807665576,366.0,1,19,3694.0
477.0,5741.488807665576,377.0,1,19,3683.0
478.0,5750.488807665576,388.0,1,19,3672.0
479.0,5759.488807665576,399.0,1,19,3661.0
480.0,5768.488807665576,410.0,1,19,3650.0
481.0,5777.488807665576,421.0,1,19,3639.0
482.0,5786.488807665576,432.0,1,19,3628.0
483.0,5795.488807665576,443.0,1,19,3617.0
484.0,5804.488807665576,454.0,1,19,3606.0
485.0,5813.488807665576,465.0,1,19,3595.0
486.0,5822.488807665576,476.0,1,19,3584.0
487.0,5831.488807665576,487.0,1,19,3573.0
488.0,5840.488807665576,498.0,1,19,3562.0
489.0,5849.488807665576,509.0,1,19,3551.0
490.0,5858.488807665576,520.0,1,19,3540.0
491.0,5867.488807665576,531.0,1,19,3529.0
492.0,5876.488807665576,542.0,1,19,3518.0
493.0,5885.688807665577,549.0,2,18,3511.0
494.0,5895.138807665577,555.0,2,18,3505.0
495.0,5904.8388076655765,561.0,2,18,3499.0
496.0,5914.788807665576,567.0,2,18,3493.0
497.0,5924.988807665576,573.0,2,18,3487.0
498.0,5935.438807665577,579.0,2,18,3481.0
499.0,5946.138807665577,585.0,2,18,3475.0
500.0,5957.0888076655765,591.0,2,18,3469.0
501.0,5968.388807665577,595.0,3,17,3465.0
502.0,5980.238807665575,595.0,3,17,3465.0
503.0,5992.638807665578,595.0,3,17,3465.0
504.0,6005.5888076655765,595.0,3,17,3465.0
505.0,6019.0888076655765,595.0,3,17,3465.0
506.0,6033.138807665577,595.0,3,17,3465.0
507.0,6047.738807665575,595.0,3,17,3465.0
508.0,6062.888807665578,595.0,3,17,3465.0
509.0,6078.5888076655765,595.0,3,17,3465.0
510.0,6094.8388076655765,595.0,3,17,3465.0
511.0,6111.638807665577,595.0,3,17,3465.0
512.0,6128.988807665575,595.0,3,17,3465.0
513.0,6146.688807665577,595.0,3,17,3465.0
514.0,6164.688807665576,595.0,3,17,3465.0
515.0,6182.988807665576,595.0,3,17,3465.0
516.0,6201.5888076655765,595.0,3,17,3465.0
517.0,6220.488807665576,595.0,3,17,3465.0
518.0,6239.688807665577,595.0,3,17,3465.0
519.0,6259.188807665577,595.0,3,17,3465.0
520.0,6278.988807665576,595.0,3,17,3465.0
521.0,6298.988807665576,595.0,3,17,3465.0
522.0,6318.988807665576,595.0,3,17,3465.0
523.0,6338.988807665576,595.0,3,17,3465.0
524.0,6358.988807665576,595.0,3,17,3465.0
525.0,6378.988807665576,595.0,3,17,3465.0
526.0,6398.988807665576,595.0,3,17,3465.0
527.0,6418.988807665576,595.0,3,17,3465.0
528.0,6438.988807665576,595.0,3,17,3465.0
529.0,6458.988807665576,595.0,3,17,3465.0
530.0,6478.988807665576,595.0,3,17,3465.0
531.0,6498.988807665576,595.0,3,17,3465.0
532.0,6518.988807665576,595.0,3,17,3465.0
533.0,6538.988807665576,595.0,3,17,3465.0
534.0,6558.988807665576,595.0,3,17,3465.0
535.0,6578.988807665576,595.0,3,17,3465.0
536.0,6598.988807665576,595.0,3,17,3465.0
537.0,6618.988807665576,595.0,3,17,3465.0
538.0,6638.988807665576,595.0,3,17,3465.0
539.0,6658.988807665576,595.0,3,17,3465.0
540.0,6678.988807665576,595.0,3,17,3465.0
541.0,6698.988807665576,595.0,3,17,3465.0
542.0,6718.988807665576,595.0,3,17,3465.0
543.0,6738.988807665576,595.0,3,17,3465.0
544.0,6758.988807665576,595.0,3,17,3465.0
545.0,6778.988807665576,595.0,3,17,3465.0
546.0,6798.988807665576,595.0,3,17,3465.0
547.0,6818.988807665576,595.0,3,17,3465.0
548.0,6838.988807665576,595.0,3,17,3465.0
549.0,6858.988807665576,595.0,3,17,3465.0
550.0,6878.988807665576,595.0,3,17,3465.0
551.0,6898.988807665576,595.0,3,17,3465.0
552.0,6918.988807665576,595.0,3,17,3465.0
553.0,6938.988807665576,595.0,3,17,3465.0
554.0,6958.988807665576,595.0,3,17,3465.0
555.0,6978.988807665576,595.0,3,17,3465.0
556.0,6998.988807665576,595.0,3,17,3465.0
557.0,7018.988807665576,595.0,3,17,3465.0
558.0,7038.988807665576,595.0,3,17,3465.0
559.0,7058.988807665576,595.0,3,17,3465.0
560.0,7078.988807665576,595.0,3,17,3465.0
561.0,7098.988807665576,595.0,3,17,3465.0
562.0,7118.988807665576,595.0,3,17,3465.0
563.0,7138.988807665576,595.0,3,17,3465.0
564.0,7158.988807665576,595.0,3,17,3465.0
565.0,7178.988807665576,595.0,3,17,3465.0
566.0,7198.988807665576,595.0,3,17,3465.0
567.0,7218.988807665576,595.0,3,17,3465.0
568.0,7238.988807665576,595.0,3,17,3465.0
569.0,7258.988807665576,595.0,3,17,3465.0
570.0,7278.988807665576,595.0,3,17,3465.0
571.0,7298.988807665576,595.0,3,17,3465.0
572.0,7318.988807665576,595.0,3,17,3465.0
573.0,7338.988807665576,595.0,3,17,3465.0
574.0,7358.988807665576,595.0,3,17,3465.0
575.0,7378.988807665576,595.0,3,17,3465.0
576.0,7398.988807665576,595.0,3,17,3465.0
577.0,7418.988807665576,595.0,3,17,3465.0
578.0,7438.988807665576,595.0,3,17,3465.0
579.0,7458.988807665576,595.0,3,17,3465.0
580.0,7478.988807665576,595.0,3,17,3465.0
581.0,7498.988807665576,595.0,3,17,3465.0
582.0,7518.988807665576,595.0,3,17,3465.0
583.0,7538.988807665576,595.0,3,17,3465.0
584.0,7558.988807665576,595.0,3,17,3465.0
585.0,7578.988807665576,595.0,3,17,3465.0
586.0,7598.988807665576,595.0,3,17,3465.0
587.0,7618.988807665576,595.0,3,17,3465.0
588.0,7638.988807665576,595.0,3,17,3465.0
589.0,7658.988807665576,595.0,3,17,3465.0
590.0,7678.988807665576,595.0,3,17,3465.0
591.0,7698.988807665576,595.0,3,17,3465.0
592.0,7718.988807665576,595.0,3,17,3465.0
593.0,7738.988807665576,595.0,3,17,3465.0
594.0,7758.988807665576,595.0,3,17,3465.0
595.0,7778.988807665576,595.0,3,17,3465.0
596.0,7798.988807665576,595.0,3,17,3465.0
597.0,7818.988807665576,595.0,3,17,3465.0
598.0,7838.988807665576,595.0,3,17,3465.0
599.0,7858.988807665576,595.0,3,17,3465.0
600.0,7878.988807665576,595.0,3,17,3465.0
601.0,7898.988807665576,595.0,3,17,3465.0
602.0,7918.988807665576,595.0,3,17,3465.0
603.0,7938.988807665576,595.0,3,17,3465.0
604.0,7958.988807665576,595.0,3,17,3465.0
605.0,7978.988807665576,595.0,3,17,3465.0
606.0,7998.988807665576,595.0,3,17,3465.0
607.0,8018.988807665576,595.0,3,17,3465.0
608.0,8038.988807665576,595.0,3,17,3465.0
609.0,8058.988807665576,595.0,3,17,3465.0
610.0,8078.988807665576,595.0,3,17,3465.0
611.0,8098.988807665576,595.0,3,17,3465.0
612.0,8118.988807665576,595.0,3,17,3465.0
613.0,8138.988807665576,595.0,3,17,3465.0
614.0,8158.988807665576,595.0,3,17,3465.0
615.0,8178.988807665576,595.0,3,17,3465.0
616.0,8198.988807665575,595.0,3,17,3465.0
617.0,8218.988807665575,595.0,3,17,3465.0
618.0,8238.988807665575,595.0,3,17,3465.0
619.0,8258.988807665575,595.0,3,17,3465.0
620.0,8278.988807665575,595.0,3,17,3465.0
621.0,8298.988807665575,595.0,3,17,3465.0
622.0,8318.988807665575,595.0,3,17,3465.0
623.0,8338.988807665575,595.0,3,17,3465.0
624.0,8358.988807665575,595.0,3,17,3465.0
625.0,8378.988807665575,595.0,3,17,3465.0
626.0,8398.988807665575,595.0,3,17,3465.0
627.0,8418.988807665575,595.0,3,17,3465.0
628.0,8438.988807665575,595.0,3,17,3465.0
629.0,8458.988807665575,595.0,3,17,3465.0
630.0,8478.988807665575,595.0,3,17,3465.0
631.0,8498.988807665575,595.0,3,17,3465.0
632.0,8518.988807665575,595.0,3,17,3465.0
633.0,8538.988807665575,595.0,3,17,3465.0
634.0,8558.988807665575,595.0,3,17,3465.0
635.0,8578.988807665575,595.0,3,17,3465.0
636.0,8598.988807665575,595.0,3,17,3465.0
637.0,8618.988807665575,595.0,3,17,3465.0
638.0,8638.988807665575,595.0,3,17,3465.0
639.0,8658.988807665575,595.0,3,17,3465.0
640.0,8678.988807665575,595.0,3,17,3465.0
641.0,8698.988807665575,595.0,3,17,3465.0
642.0,8718.988807665575,595.0,3,17,3465.0
643.0,8738.988807665575,595.0,3,17,3465.0
644.0,8758.988807665575,595.0,3,17,3465.0
645.0,8778.988807665575,595.0,3,17,3465.0
646.0,8798.988807665575,595.0,3,17,3465.0
647.0,8818.988807665575,595.0,3,17,3465.0
648.0,8838.988807665575,595.0,3,17,3465.0
649.0,8858.988807665575,595.0,3,17,3465.0
650.0,8878.988807665575,595.0,3,17,3465.0
651.0,8898.988807665575,595.0,3,17,3465.0
652.0,8918.988807665575,595.0,3,17,3465.0
653.0,8938.988807665573,595.0,3,17,3465.0
654.0,8958.988807665573,595.0,3,17,3465.0
655.0,8978.988807665573,595.0,3,17,3465.0
656.0,8998.988807665573,595.0,3,17,3465.0
657.0,9018.988807665573,595.0,3,17,3465.0
658.0,9038.988807665573,595.0,3,17,3465.0
659.0,9058.988807665573,595.0,3,17,3465.0
660.0,9078.988807665573,595.0,3,17,3465.0
661.0,9098.988807665573,595.0,3,17,3465.0
662.0,9118.988807665573,595.0,3,17,3465.0
663.0,9138.988807665573,595.0,3,17,3465.0
664.0,9158.988807665573,595.0,3,17,3465.0
665.0,9178.988807665573,595.0,3,17,3465.0
666.0,9198.988807665573,595.0,3,17,3465.0
667.0,9218.988807665573,595.0,3,17,3465.0
668.0,9238.988807665573,595.0,3,17,3465.0
669.0,9258.988807665573,595.0,3,17,3465.0
670.0,9278.988807665573,595.0,3,17,3465.0
671.0,9298.988807665573,595.0,3,17,3465.0
672.0,9318.988807665573,595.0,3,17,3465.0
673.0,9338.988807665573,595.0,3,17,3465.0
674.0,9358.988807665575,595.0,3,17,3465.0
675.0,9378.988807665575,595.0,3,17,3465.0
676.0,9398.988807665575,595.0,3,17,3465.0
677.0,9418.988807665575,595.0,3,17,3465.0
678.0,9438.988807665575,595.0,3,17,3465.0
679.0,9458.988807665575,595.0,3,17,3465.0
680.0,9478.988807665575,595.0,3,17,3465.0
681.0,9498.988807665575,595.0,3,17,3465.0
682.0,9518.988807665575,595.0,3,17,3465.0
683.0,9538.988807665575,595.0,3,17,3465.0
684.0,9558.988807665575,595.0,3,17,3465.0
685.0,9578.988807665575,595.0,3,17,3465.0
686.0,9598.988807665575,595.0,3,17,3465.0
687.0,9618.988807665575,595.0,3,17,3465.0
688.0,9638.988807665575,595.0,3,17,3465.0
689.0,9658.988807665575,595.0,3,17,3465.0
690.0,9678.988807665575,595.0,3,17,3465.0
691.0,9698.988807665575,595.0,3,17,3465.0
692.0,9718.988807665575,595.0,3,17,3465.0
693.0,9738.988807665575,595.0,3,17,3465.0
694.0,9758.988807665575,595.0,3,17,3465.0
695.0,9778.988807665575,595.0,3,17,3465.0
696.0,9798.988807665575,595.0,3,17,3465.0
697.0,9818.988807665575,595.0,3,17,3465.0
698.0,9838.988807665575,595.0,3,17,3465.0
699.0,9858.988807665575,595.0,3,17,3465.0
700.0,9878.988807665575,595.0,3,17,3465.0
701.0,9898.98493620237,595.0,3,17,3465.0
702.0,9918.938939074476,595.0,3,17,3465.0
703.0,9938.816911495202,595.0,3,17,3465.0
704.0,9958.60025561617,595.0,3,17,3465.0
705.0,9978.287932854719,595.0,3,17,3465.0
706.0,9997.881856548496,595.0,3,17,3465.0
707.0,10017.383901768399,595.0,3,17,3465.0
708.0,10035.795906083904,595.0,3,17,3465.0
709.0,10054.119670313097,595.0,3,17,3465.0
710.0,10072.35695925771,595.0,3,17,3465.0
711.0,10090.509502423427,595.0,3,17,3465.0
712.0,10108.578994725833,595.0,3,17,3465.0
713.0,10126.567097182187,595.0,3,17,3465.0
714.0,10144.475437589417,595.0,3,17,3465.0
715.0,10162.305611188503,595.0,3,17,3465.0
716.0,10180.059181315604,595.0,3,17,3465.0
717.0,10197.737680040163,595.0,3,17,3465.0
718.0,10215.342608790235,595.0,3,17,3465.0
719.0,10232.875438965302,595.0,3,17,3465.0
720.0,10250.337612536869,595.0,3,17,3465.0
721.0,10267.730542637006,595.0,3,17,3465.0
722.0,10285.055614135135,595.0,3,17,3465.0
723.0,10302.314184203306,595.0,3,17,3465.0
724.0,10319.507582870114,595.0,3,17,3465.0
725.0,10336.637113563584,595.0,3,17,3465.0
726.0,10353.704053643183,595.0,3,17,3465.0
727.0,10370.709654921195,595.0,3,17,3465.0
728.0,10387.655144173643,595.0,3,17,3465.0
729.0,10404.541723641041,595.0,3,17,3465.0
730.0,10421.370571519094,595.0,3,17,3465.0
731.0,10437.142842439584,595.0,3,17,3465.0
732.0,10452.859667941664,595.0,3,17,3465.0
733.0,10468.522156933703,595.0,3,17,3465.0
734.0,10484.131396145904,595.0,3,17,3465.0
735.0,10499.688450573858,595.0,3,17,3465.0
736.0,10515.194363913253,595.0,3,17,3465.0
737.0,10530.650158985862,595.0,3,17,3465.0
738.0,10546.056838157014,595.0,3,17,3465.0
739.0,10561.41538374475,595.0,3,17,3465.0
740.0,10576.726758420727,595.0,3,17,3465.0
741.0,10591.991905603185,595.0,3,17,3465.0
742.0,10607.211749841992,595.0,3,17,3465.0
743.0,10622.387197196027,595.0,3,17,3465.0
744.0,10637.519135602977,595.0,3,17,3465.0
745.0,10652.608435241791,595.0,3,17,3465.0
746.0,10667.655948887828,595.0,3,17,3465.0
747.0,10682.662512260946,595.0,3,17,3465.0
748.0,10697.628944366597,595.0,3,17,3465.0
749.0,10712.55604783014,595.0,3,17,3465.0
750.0,10727.444609224409,595.0,3,17,3465.0
751.0,10742.295399390792,595.0,3,17,3465.0
752.0,10757.10917375385,595.0,3,17,3465.0
753.0,10771.886672629646,595.0,3,17,3465.0
754.0,10786.628621527927,595.0,3,17,3465.0
755.0,10801.33573144824,595.0,3,17,3465.0
756.0,10816.008699170148,595.0,3,17,3465.0
757.0,10830.648207537617,595.0,3,17,3465.0
758.0,10845.254925737738,595.0,3,17,3465.0
759.0,10859.829509573856,595.0,3,17,3465.0
760.0,10874.37260173325,595.0,3,17,3465.0
761.0,10888.88483204946,595.0,3,17,3465.0
762.0,10903.36681775934,595.0,3,17,3465.0
763.0,10917.819163755028,595.0,3,17,3465.0
764.0,10932.242462830798,595.0,3,17,3465.0
765.0,10946.637295925057,595.0,3,17,3465.0
766.0,10961.004232357429,595.0,3,17,3465.0
767.0,10975.34383006115,595.0,3,17,3465.0
768.0,10989.656635810801,595.0,3,17,3465.0
769.0,11003.943185445458,595.0,3,17,3465.0
770.0,11018.204004087422,595.0,3,17,3465.0
771.0,11032.439606356545,595.0,3,17,3465.0
772.0,11046.650496580287,595.0,3,17,3465.0
773.0,11060.837168999553,595.0,3,17,3465.0
774.0,11075.000107970433,595.0,3,17,3465.0
775.0,11089.1397881619,595.0,3,17,3465.0
776.0,11103.256674749535,595.0,3,17,3465.0
777.0,11117.351223605414,595.0,3,17,3465.0
778.0,11131.42388148418,595.0,3,17,3465.0
779.0,11145.475086205368,595.0,3,17,3465.0
780.0,11158.505266832131,595.0,3,17,3465.0
781.0,11171.514843846364,595.0,3,17,3465.0
782.0,11184.50422932031,595.0,3,17,3465.0
783.0,11197.473827084776,595.0,3,17,3465.0
784.0,11210.42403289395,595.0,3,17,3465.0
785.0,11223.355234586945,595.0,3,17,3465.0
786.0,11236.26781224608,595.0,3,17,3465.0
787.0,11249.16213835203,595.0,3,17,3465.0
788.0,11262.03857793586,595.0,3,17,3465.0
789.0,11274.897488728018,595.0,3,17,3465.0
790.0,11287.73922130433,595.0,3,17,3465.0
791.0,11300.564119229117,595.0,3,17,3465.0
792.0,11313.372519195405,595.0,3,17,3465.0
793.0,11326.164751162372,595.0,3,17,3465.0
794.0,11338.941138489996,595.0,3,17,3465.0
795.0,11351.701998071067,595.0,3,17,3465.0
796.0,11364.447640460518,595.0,3,17,3465.0
797.0,11377.178370002182,595.0,3,17,3465.0
798.0,11389.89448495301,595.0,3,17,3465.0
799.0,11402.596277604824,595.0,3,17,3465.0
800.0,11415.2840344036,595.0,3,17,3465.0
801.0,11427.958036066402,595.0,3,17,3465.0
802.0,11440.618557695945,595.0,3,17,3465.0
803.0,11453.265868892895,595.0,3,17,3465.0
804.0,11465.900233865914,595.0,3,17,3465.0
805.0,11478.521911539467,595.0,3,17,3465.0
806.0,11491.131155659552,595.0,3,17,3465.0
807.0,11503.728214897232,595.0,3,17,3465.0
808.0,11516.31333295016,595.0,3,17,3465.0
809.0,11528.88674864203,595.0,3,17,3465.0
810.0,11541.448696020061,595.0,3,17,3465.0
811.0,11553.999404450531,595.0,3,17,3465.0
812.0,11566.539098712396,595.0,3,17,3465.0
813.0,11579.067999089018,595.0,3,17,3465.0
814.0,11591.586321458113,595.0,3,17,3465.0
815.0,11604.094277379822,595.0,3,17,3465.0
816.0,11616.592074183098,595.0,3,17,3465.0
817.0,11629.07991505031,595.0,3,17,3465.0
818.0,11641.557999100174,595.0,3,17,3465.0
819.0,11654.026521469046,595.0,3,17,3465.0
820.0,11666.485673390534,595.0,3,17,3465.0
821.0,11678.935642273596,595.0,3,17,3465.0
822.0,11691.376611778998,595.0,3,17,3465.0
823.0,11703.80876189429,595.0,3,17,3465.0
824.0,11716.232269007278,595.0,3,17,3465.0
825.0,11728.647305978006,595.0,3,17,3465.0
826.0,11741.054042209316,595.0,3,17,3465.0
827.0,11753.452643716004,595.0,3,17,3465.0
828.0,11765.843273192555,595.0,3,17,3465.0
829.0,11778.226090079579,595.0,3,17,3465.0
830.0,11790.601250628859,595.0,3,17,3465.0
831.0,11802.968907967153,595.0,3,17,3465.0
832.0,11815.329212158684,595.0,3,17,3465.0
833.0,11827.682310266382,595.0,3,17,3465.0
834.0,11840.02834641193,595.0,3,17,3465.0
835.0,11852.367461834563,595.0,3,17,3465.0
836.0,11864.699794948743,595.0,3,17,3465.0
837.0,11877.025481400642,595.0,3,17,3465.0
838.0,11889.3446541235,595.0,3,17,3465.0
839.0,11901.657443391903,595.0,3,17,3465.0
840.0,11913.963976874938,595.0,3,17,3465.0
841.0,11926.264379688311,595.0,3,17,3465.0
842.0,11938.558774445419,595.0,3,17,3465.0
843.0,11950.847281307384,595.0,3,17,3465.0
844.0,11963.130018032107,595.0,3,17,3465.0
845.0,11975.407100022336,595.0,3,17,3465.0
846.0,11987.678640372762,595.0,3,17,3465.0
847.0,11999.944749916182,595.0,3,17,3465.0
848.0,12012.20553726873,595.0,3,17,3465.0
849.0,12024.46110887423,595.0,3,17,3465.0
850.0,12036.711569047615,595.0,3,17,3465.0
851.0,12048.957020017535,595.0,3,17,3465.0
852.0,12061.197561968058,595.0,3,17,3465.0
853.0,12073.43329307957,595.0,3,17,3465.0
854.0,12085.66430956885,595.0,3,17,3465.0
855.0,12097.890705728345,595.0,3,17,3465.0
856.0,12110.11257396465,595.0,3,17,3465.0
857.0,12122.33000483623,595.0,3,17,3465.0
858.0,12134.543087090378,595.0,3,17,3465.0
859.0,12146.751907699445,595.0,3,17,3465.0
860.0,12158.95655189633,595.0,3,17,3465.0
861.0,12171.157103209274,595.0,3,17,3465.0
862.0,12183.353643495962,595.0,3,17,3465.0
863.0,12195.546252976916,595.0,3,17,3465.0
864.0,12207.735010268249,595.0,3,17,3465.0
865.0,12219.919992413756,595.0,3,17,3465.0
866.0,12232.101274916355,595.0,3,17,3465.0
867.0,12244.2789317689,595.0,3,17,3465.0
868.0,12256.453035484394,595.0,3,17,3465.0
869.0,12268.623657125578,595.0,3,17,3465.0
870.0,12280.790866333939,595.0,3,17,3465.0
871.0,12292.954731358133,595.0,3,17,3465.0
872.0,12305.115319081842,595.0,3,17,3465.0
873.0,12317.272695051082,595.0,3,17,3465.0
874.0,12329.426923500929,595.0,3,17,3465.0
875.0,12341.578067381784,595.0,3,17,3465.0
876.0,12353.72618838502,595.0,3,17,3465.0
877.0,12365.871346968192,595.0,3,17,3465.0
878.0,12378.0136023797,595.0,3,17,3465.0
879.0,12390.15301268298,595.0,3,17,3465.0
880.0,12402.289634780193,595.0,3,17,3465.0
881.0,12414.423524435462,595.0,3,17,3465.0
882.0,12426.554736297627,595.0,3,17,3465.0
883.0,12438.683323922543,595.0,3,17,3465.0
884.0,12450.809339794965,595.0,3,17,3465.0
885.0,12462.932835349939,595.0,3,17,3465.0
886.0,12475.053860993814,595.0,3,17,3465.0
887.0,12487.17246612481,595.0,3,17,3465.0
888.0,12499.288699153187,595.0,3,17,3465.0
889.0,12511.402607520993,595.0,3,17,3465.0
890.0,12523.514237721449,595.0,3,17,3465.0
891.0,12535.623635317892,595.0,3,17,3465.0
892.0,12547.730844962409,595.0,3,17,3465.0
893.0,12559.83591041403,595.0,3,17,3465.0
894.0,12571.938874556623,595.0,3,17,3465.0
895.0,12584.000068171901,597.0,3,17,3463.0
896.0,12596.020388449231,601.0,3,17,3459.0
897.0,12608.020388449231,606.0,3,17,3454.0
898.0,12620.020388449231,611.0,3,17,3449.0
899.0,12632.020388449231,616.0,3,17,3444.0
900.0,12644.020388449231,621.0,3,17,3439.0
901.0,12656.020388449231,626.0,3,17,3434.0
902.0,12668.020388449231,631.0,3,17,3429.0
903.0,12680.020388449231,636.0,3,17,3424.0
904.0,12692.020388449231,641.0,3,17,3419.0
905.0,12704.020388449231,646.0,3,17,3414.0
906.0,12716.020388449231,651.0,3,17,3409.0
907.0,12728.020388449231,656.0,3,17,3404.0
908.0,12740.020388449231,661.0,3,17,3399.0
909.0,12752.020388449231,666.0,3,17,3394.0
910.0,12764.020388449231,671.0,3,17,3389.0
911.0,12776.020388449231,676.0,3,17,3384.0
912.0,12788.020388449231,681.0,3,17,3379.0
913.0,12800.020388449231,686.0,3,17,3374.0
914.0,12812.020388449231,691.0,3,17,3369.0
915.0,12824.020388449231,696.0,3,17,3364.0
916.0,12836.020388449231,701.0,3,17,3359.0
917.0,12848.020388449231,706.0,3,17,3354.0
918.0,12860.020388449231,711.0,3,17,3349.0
919.0,12872.020388449231,716.0,3,17,3344.0
920.0,12884.020388449231,721.0,3,17,3339.0
921.0,12896.020388449231,726.0,3,17,3334.0
922.0,12908.020388449231,731.0,3,17,3329.0
923.0,12920.020388449231,736.0,3,17,3324.0
924.0,12932.020388449231,741.0,3,17,3319.0
925.0,12944.020388449231,746.0,3,17,3314.0
926.0,12956.020388449231,751.0,3,17,3309.0
927.0,12968.020388449231,756.0,3,17,3304.0
928.0,12980.020388449231,761.0,3,17,3299.0
929.0,12992.020388449231,766.0,3,17,3294.0
930.0,13004.020388449231,770.0,4,16,3290.0
931.0,13016.070388449234,770.0,4,16,3290.0
932.0,13028.32038844923,770.0,4,16,3290.0
933.0,13040.660461910249,770.0,4,16,3290.0
934.0,13053.24730354146,770.0,4,16,3290.0
935.0,13066.082606562317,770.0,4,16,3290.0
936.0,13079.167016371839,770.0,4,16,3290.0
937.0,13092.50084356759,770.0,4,16,3290.0
938.0,13106.084260664955,770.0,4,16,3290.0
939.0,13119.917373188817,770.0,4,16,3290.0
940.0,13134.000250316365,770.0,4,16,3290.0
941.0,13148.332939823236,770.0,4,16,3290.0
942.0,13162.915476072763,770.0,4,16,3290.0
943.0,13177.747884599039,770.0,4,16,3290.0
944.0,13192.83018488797,770.0,4,16,3290.0
945.0,13208.162392143882,770.0,4,16,3290.0
946.0,13223.730892471352,770.0,4,16,3290.0
947.0,13239.497595685229,770.0,4,16,3290.0
948.0,13255.414918636068,770.0,4,16,3290.0
949.0,13271.465478426642,770.0,4,16,3290.0
950.0,13287.651614750783,770.0,4,16,3290.0
951.0,13303.97561976353,770.0,4,16,3290.0
952.0,13320.357943274483,770.0,4,16,3290.0
953.0,13336.632620315217,770.0,4,16,3290.0
954.0,13352.801803815135,770.0,4,16,3290.0
955.0,13368.867603645052,770.0,4,16,3290.0
956.0,13384.832087478375,770.0,4,16,3290.0
957.0,13400.697281635028,770.0,4,16,3290.0
958.0,13416.465171908549,770.0,4,16,3290.0
959.0,13432.1377043766,770.0,4,16,3290.0
960.0,13447.716786195291,770.0,4,16,3290.0
961.0,13463.204286377608,770.0,4,16,3290.0
962.0,13478.602036556276,770.0,4,16,3290.0
963.0,13493.911831731373,770.0,4,16,3290.0
964.0,13509.13543100297,770.0,4,16,3290.0
965.0,13524.274558289133,770.0,4,16,3290.0
966.0,13539.330903029571,770.0,4,16,3290.0
967.0,13554.3061208752,770.0,4,16,3290.0
968.0,13569.201834363921,770.0,4,16,3290.0
969.0,13584.019633582862,770.0,4,16,3290.0
970.0,13598.761076817429,770.0,4,16,3290.0
971.0,13613.427691187302,770.0,4,16,3290.0
972.0,13628.020973269779,770.0,4,16,3290.0
973.0,13642.542389710603,770.0,4,16,3290.0
974.0,13656.993377822615,770.0,4,16,3290.0
975.0,13671.375346172385,770.0,4,16,3290.0
976.0,13685.689675155161,770.0,4,16,3290.0
977.0,13699.93771755828,770.0,4,16,3290.0
978.0,13714.120799113334,770.0,4,16,3290.0
979.0,13728.240219037292,770.0,4,16,3290.0
980.0,13742.297250562764,770.0,4,16,3290.0
981.0,13756.293141457734,770.0,4,16,3290.0
982.0,13770.229114534799,770.0,4,16,3290.0
983.0,13784.106368150326,770.0,4,16,3290.0
984.0,13797.926076693542,770.0,4,16,3290.0
985.0,13811.689391065893,770.0,4,16,3290.0
986.0,13825.397439150795,770.0,4,16,3290.0
987.0,13839.051326274004,770.0,4,16,3290.0
988.0,13852.652135654746,770.0,4,16,3290.0
989.0,13866.200928847873,770.0,4,16,3290.0
990.0,13879.698746177139,770.0,4,16,3290.0
991.0,13893.146607159817,770.0,4,16,3290.0
992.0,13906.54551092284,770.0,4,16,3290.0
993.0,13919.896436610608,770.0,4,16,3290.0
994.0,13933.200343784618,770.0,4,16,3290.0
995.0,13946.458172815148,770.0,4,16,3290.0
996.0,13959.67084526507,770.0,4,16,3290.0
997.0,13972.839264265987,770.0,4,16,3290.0
998.0,13985.964314886893,770.0,4,16,3290.0
999.0,13998.046864495376,770.0,4,16,3290.0
1000.0,14010.08776311169,770.0,4,16,3290.0
1001.0,14022.087843755678,770.0,4,16,3290.0
1002.0,14034.047922786784,770.0,4,16,3290.0
1003.0,14045.968800237273,770.0,4,16,3290.0
1004.0,14057.851260138748,770.0,4,16,3290.0
1005.0,14069.696070842196,770.0,4,16,3290.0
1006.0,14081.503985331576,770.0,4,16,3290.0
1007.0,14093.275741531164,770.0,4,16,3290.0
1008.0,14105.012062606764,770.0,4,16,3290.0
1009.0,14116.71365726085,770.0,4,16,3290.0
1010.0,14128.381220021856,770.0,4,16,3290.0
1011.0,14140.015431527641,770.0,4,16,3290.0
1012.0,14151.616958803308,770.0,4,16,3290.0
1013.0,14163.186455533467,770.0,4,16,3290.0
1014.0,14174.724562329022,770.0,4,16,3290.0
1015.0,14186.231906988662,770.0,4,16,3290.0
1016.0,14197.70910475511,770.0,4,16,3290.0
1017.0,14209.15675856623,770.0,4,16,3290.0
1018.0,14220.575459301128,770.0,4,16,3290.0
1019.0,14231.965786021328,770.0,4,16,3290.0
1020.0,14243.328306207122,770.0,4,16,3290.0
1021.0,14254.663575989203,770.0,4,16,3290.0
1022.0,14265.972140375641,770.0,4,16,3290.0
1023.0,14277.254533474348,770.0,4,16,3290.0
1024.0,14288.511278711085,770.0,4,16,3290.0
1025.0,14299.742889043086,770.0,4,16,3290.0
1026.0,14310.949867168445,770.0,4,16,3290.0
1027.0,14321.132705731301,770.0,4,16,3290.0
1028.0,14331.291887522895,770.0,4,16,3290.0
1029.0,14341.427885678662,770.0,4,16,3290.0
1030.0,14351.541163871309,770.0,4,16,3290.0
1031.0,14361.632176500105,770.0,4,16,3290.0
1032.0,14371.701368876322,770.0,4,16,3290.0
1033.0,14381.749177405021,770.0,4,16,3290.0
1034.0,14391.776029763143,770.0,4,16,3290.0
1035.0,14401.782345074102,770.0,4,16,3290.0
1036.0,14411.768534078841,770.0,4,16,3290.0
1037.0,14421.734999303488,770.0,4,16,3290.0
1038.0,14431.68213522364,770.0,4,16,3290.0
1039.0,14441.61032842539,770.0,4,16,3290.0
1040.0,14451.519957763105,770.0,4,16,3290.0
1041.0,14460.411394514063,770.0,4,16,3290.0
1042.0,14469.285002530005,770.0,4,16,3290.0
1043.0,14478.141138385623,770.0,4,16,3290.0
1044.0,14486.980151524138,770.0,4,16,3290.0
1045.0,14495.802384399874,770.0,4,16,3290.0
1046.0,14504.6081726181,770.0,4,16,3290.0
1047.0,14513.39784507196,770.0,4,16,3290.0
1048.0,14521.371724076744,770.0,4,16,3290.0
1049.0,14529.63012550143,770.0,4,16,3290.0
1050.0,14538.173358897624,770.0,4,16,3290.0
1051.0,14547.001727625895,770.0,4,16,3290.0
1052.0,14556.115528979599,770.0,4,16,3290.0
1053.0,14565.514219940298,770.0,4,16,3290.0
1054.0,14575.142937081782,770.0,4,16,3290.0
1055.0,14585.002079880434,770.0,4,16,3290.0
1056.0,14595.092039823116,770.0,4,16,3290.0
1057.0,14605.413200566943,770.0,4,16,3290.0
1058.0,14615.922735300697,770.0,4,16,3290.0
1059.0,14626.604079339773,770.0,4,16,3290.0
1060.0,14637.457796498069,770.0,4,16,3290.0
1061.0,14648.4844393132,770.0,4,16,3290.0
1062.0,14659.684549272026,770.0,4,16,3290.0
1063.0,14671.058657031675,770.0,4,16,3290.0
1064.0,14682.60728263613,770.0,4,16,3290.0
1065.0,14694.330935728498,770.0,4,16,3290.0
1066.0,14706.206132046618,770.0,4,16,3290.0
1067.0,14718.123077196826,770.0,4,16,3290.0
1068.0,14729.981683444028,770.0,4,16,3290.0
1069.0,14741.783117566285,770.0,4,16,3290.0
1070.0,14753.5285230061,770.0,4,16,3290.0
1071.0,14765.219020337116,770.0,4,16,3290.0
1072.0,14776.85570772151,770.0,4,16,3290.0
1073.0,14788.43966135822,770.0,4,16,3290.0
1074.0,14799.971935922194,770.0,4,16,3290.0
1075.0,14811.453564994887,770.0,4,16,3290.0
1076.0,14822.88556148613,770.0,4,16,3290.0
1077.0,14833.268918047545,770.0,4,16,3290.0
1078.0,14843.604607477733,770.0,4,16,3290.0
1079.0,14853.893583119318,770.0,4,16,3290.0
1080.0,14864.13677924807,770.0,4,16,3290.0
1081.0,14874.335111454247,770.0,4,16,3290.0
1082.0,14884.4894770163,770.0,4,16,3290.0
1083.0,14894.600755267113,770.0,4,16,3290.0
1084.0,14904.669807952909,770.0,4,16,3290.0
1085.0,14914.697479584987,770.0,4,16,3290.0
1086.0,14924.684597784428,770.0,4,16,3290.0
1087.0,14934.631973619875,770.0,4,16,3290.0
1088.0,14944.54040193862,770.0,4,16,3290.0
1089.0,14954.410661690987,770.0,4,16,3290.0
1090.0,14964.243516248303,770.0,4,16,3290.0
1091.0,14974.039713714476,770.0,4,16,3290.0
1092.0,14983.799987231327,770.0,4,16,3290.0
1093.0,14993.525055277834,770.0,4,16,3290.0
1094.0,15003.21562196342,770.0,4,16,3290.0
1095.0,15012.852953978761,770.0,4,16,3290.0
1096.0,15022.437539353796,770.0,4,16,3290.0
1097.0,15031.970433021334,770.0,4,16,3290.0
1098.0,15041.452668815515,770.0,4,16,3290.0
1099.0,15050.885259893816,770.0,4,16,3290.0
1100.0,15060.269199150549,770.0,4,16,3290.0
1101.0,15069.605459622151,770.0,4,16,3290.0
1102.0,15078.894994884316,770.0,4,16,3290.0
1103.0,15088.138739441241,770.0,4,16,3290.0
1104.0,15097.336823143478,770.0,4,16,3290.0
1105.0,15106.470945171668,770.0,4,16,3290.0
1106.0,15115.542384759294,770.0,4,16,3290.0
1107.0,15124.552395555169,770.0,4,16,3290.0
1108.0,15133.502206135125,770.0,4,16,3290.0
1109.0,15142.393020503483,770.0,4,16,3290.0
1110.0,15151.226018584475,770.0,4,16,3290.0
1111.0,15160.00235670384,770.0,4,16,3290.0
1112.0,15168.773168060829,770.0,4,16,3290.0
1113.0,15177.538721304481,770.0,4,16,3290.0
1114.0,15186.300666174164,770.0,4,16,3290.0
1115.0,15195.060209729112,770.0,4,16,3290.0
1116.0,15203.818453191108,770.0,4,16,3290.0
1117.0,15212.576448796182,770.0,4,16,3290.0
1118.0,15221.335216294188,770.0,4,16,3290.0
1119.0,15230.095749372413,770.0,4,16,3290.0
1120.0,15238.859018723593,770.0,4,16,3290.0
1121.0,15247.625973770115,770.0,4,16,3290.0
1122.0,15256.39754377423,770.0,4,16,3290.0
1123.0,15265.174638638133,770.0,4,16,3290.0
1124.0,15273.958149533773,770.0,4,16,3290.0
1125.0,15282.748949432458,770.0,4,16,3290.0
1126.0,15291.547893571513,770.0,4,16,3290.0
1127.0,15300.355819879147,770.0,4,16,3290.0
1128.0,15309.173549369807,770.0,4,16,3290.0
1129.0,15318.001886517779,770.0,4,16,3290.0
1130.0,15326.84161961386,770.0,4,16,3290.0
1131.0,15335.693521108282,770.0,4,16,3290.0
1132.0,15344.509956459844,770.0,4,16,3290.0
1133.0,15353.290063104381,770.0,4,16,3290.0
1134.0,15362.034567616021,770.0,4,16,3290.0
1135.0,15370.74418203743,770.0,4,16,3290.0
1136.0,15379.419604170413,770.0,4,16,3290.0
1137.0,15388.061517860733,770.0,4,16,3290.0
1138.0,15396.670593277246,770.0,4,16,3290.0
1139.0,15405.247487185428,770.0,4,16,3290.0
1140.0,15413.75340477709,772.0,4,16,3288.0
1141.0,15422.189671406752,776.0,4,16,3284.0
1142.0,15430.557973830882,782.0,4,16,3278.0
1143.0,15438.898910206532,788.0,4,16,3272.0
1144.0,15447.213027854668,794.0,4,16,3266.0
1145.0,15455.500863149842,800.0,4,16,3260.0
1146.0,15463.762941739113,806.0,4,16,3254.0
1147.0,15471.999778756597,812.0,4,16,3248.0
1148.0,15480.211879033732,818.0,4,16,3242.0
1149.0,15488.399737305324,824.0,4,16,3236.0
1150.0,15496.563838411485,830.0,4,16,3230.0
1151.0,15504.704657495522,836.0,4,16,3224.0
1152.0,15512.822660197877,842.0,4,16,3218.0
1153.0,15520.918302846188,848.0,4,16,3212.0
1154.0,15528.99203264153,854.0,4,16,3206.0
1155.0,15537.094287840968,860.0,4,16,3200.0
1156.0,15544.227942657997,866.0,4,16,3194.0
1157.0,15551.427971837586,872.0,4,16,3188.0
1158.0,15558.7034347148,878.0,4,16,3182.0
1159.0,15566.057023305744,884.0,4,16,3176.0
1160.0,15573.490006777978,890.0,4,16,3170.0
1161.0,15581.003191928492,896.0,4,16,3164.0
1162.0,15588.597190818165,902.0,4,16,3158.0
1163.0,15596.272517504352,908.0,4,16,3152.0
1164.0,15604.029629702098,914.0,4,16,3146.0
1165.0,15611.868949117563,920.0,4,16,3140.0
1166.0,15619.790872352816,926.0,4,16,3134.0
1167.0,15627.79577720531,932.0,4,16,3128.0
1168.0,15635.884026535681,938.0,4,16,3122.0
1169.0,15644.055970768502,944.0,4,16,3116.0
1170.0,15652.31194958384,950.0,4,16,3110.0
1171.0,15660.65229310854,956.0,4,16,3104.0
1172.0,15669.077322786517,962.0,4,16,3098.0
1173.0,15677.58735203639,968.0,4,16,3092.0
1174.0,15686.18268676403,974.0,4,16,3086.0
1175.0,15694.86362577376,980.0,5,15,3080.0
1176.0,15703.552069854037,980.0,5,15,3080.0
1177.0,15711.53990554398,980.0,5,15,3080.0
1178.0,15718.611777434951,980.0,5,15,3080.0
1179.0,15726.059063738172,980.0,5,15,3080.0
1180.0,15733.889143302391,980.0,5,15,3080.0
1181.0,15742.10439350822,980.0,5,15,3080.0
1182.0,15750.705931154513,980.0,5,15,3080.0
1183.0,15759.694434578736,980.0,5,15,3080.0
1184.0,15769.070391051428,980.0,5,15,3080.0
1185.0,15778.834190452362,980.0,5,15,3080.0
1186.0,15788.98616686046,980.0,5,15,3080.0
1187.0,15799.506657195418,980.0,5,15,3080.0
1188.0,15810.416297979922,980.0,5,15,3080.0
1189.0,15821.715339195705,980.0,5,15,3080.0
1190.0,15833.404017806195,980.0,5,15,3080.0
1191.0,15845.482560375955,980.0,5,15,3080.0
1192.0,15857.951184835254,980.0,5,15,3080.0
1193.0,15870.810101712437,980.0,5,15,3080.0
1194.0,15884.05951502293,980.0,5,15,3080.0
1195.0,15897.699622929718,980.0,5,15,3080.0
1196.0,15911.73061824773,980.0,5,15,3080.0
1197.0,15926.15268883873,980.0,5,15,3080.0
1198.0,15939.578114743597,980.0,5,15,3080.0
1199.0,15952.995032130366,980.0,5,15,3080.0
1200.0,15966.403611169402,980.0,5,15,3080.0
1201.0,15979.804018627654,980.0,5,15,3080.0
1202.0,15993.19641793674,980.0,5,15,3080.0
1203.0,16006.580969259647,980.0,5,15,3080.0
1204.0,16019.957829556097,980.0,5,15,3080.0
1205.0,16033.327152646614,980.0,5,15,3080.0
1206.0,16046.689089275324,980.0,5,15,3080.0
1207.0,16060.04378717146,980.0,5,15,3080.0
1208.0,16073.39139110967,980.0,5,15,3080.0
1209.0,16086.73204296912,980.0,5,15,3080.0
1210.0,16100.065881791379,980.0,5,15,3080.0
1211.0,16113.39304383719,980.0,5,15,3080.0
1212.0,16126.713662642087,980.0,5,15,3080.0
1213.0,16140.027869070887,980.0,5,15,3080.0
1214.0,16153.335791371112,980.0,5,15,3080.0
1215.0,16166.63755522533,980.0,5,15,3080.0
1216.0,16179.933283802466,980.0,5,15,3080.0
1217.0,16193.223097808057,980.0,5,15,3080.0
1218.0,16206.487116623734,980.0,5,15,3080.0
1219.0,16219.745855063096,980.0,5,15,3080.0
1220.0,16232.999418733672,980.0,5,15,3080.0
1221.0,16246.247911130837,980.0,5,15,3080.0
1222.0,16259.491433680058,980.0,5,15,3080.0
1223.0,16272.730085778294,980.0,5,15,3080.0
1224.0,16285.963964834566,980.0,5,15,3080.0
1225.0,16299.193166309711,980.0,5,15,3080.0
1226.0,16312.417783755356,980.0,5,15,3080.0
1227.0,16325.637908852086,980.0,5,15,3080.0
1228.0,16338.853631446882,980.0,5,15,3080.0
1229.0,16352.065039589785,980.0,5,15,3080.0
1230.0,16365.272219569824,980.0,5,15,3080.0
1231.0,16378.475255950265,980.0,5,15,3080.0
1232.0,16391.674231603098,980.0,5,15,3080.0
1233.0,16404.869227742875,980.0,5,15,3080.0
1234.0,16418.060323959853,980.0,5,15,3080.0
1235.0,16431.247598252496,980.0,5,15,3080.0
1236.0,16437.831127059282,980.0,5,15,3080.0
1237.0,16444.808754857164,980.0,5,15,3080.0
1238.0,16452.18204490495,980.0,5,15,3080.0
1239.0,16459.951442639795,980.0,5,15,3080.0
1240.0,16468.11716649961,980.0,5,15,3080.0
1241.0,16476.67935895695,980.0,5,15,3080.0
1242.0,16485.63812940116,980.0,5,15,3080.0
1243.0,16494.993570116443,980.0,5,15,3080.0
1244.0,16504.745763353134,980.0,5,15,3080.0
1245.0,16514.894784857865,980.0,5,15,3080.0
1246.0,16525.440705802426,980.0,5,15,3080.0
1247.0,16535.983593915254,980.0,5,15,3080.0
1248.0,16543.523515727502,980.0,5,15,3080.0
1249.0,16551.064653488997,980.0,5,15,3080.0
1250.0,16559.20296849526,980.0,5,15,3080.0
1251.0,16567.89678194549,980.0,5,15,3080.0
1252.0,16577.13371912672,980.0,5,15,3080.0
1253.0,16586.91391756432,980.0,5,15,3080.0
1254.0,16597.217877778887,980.0,5,15,3080.0
1255.0,16608.045962343025,980.0,5,15,3080.0
1256.0,16619.41848521588,980.0,5,15,3080.0
1257.0,16631.335557631282,980.0,5,15,3080.0
1258.0,16643.797288598373,980.0,5,15,3080.0
1259.0,16656.80378494612,980.0,5,15,3080.0
1260.0,16670.355151366915,980.0,5,15,3080.0
1261.0,16684.45149045929,980.0,5,15,3080.0
1262.0,16699.092902769826,980.0,5,15,3080.0
1263.0,16714.279486834148,980.0,5,15,3080.0
1264.0,16730.01133921718,980.0,5,15,3080.0
1265.0,16746.259085323745,980.0,5,15,3080.0
1266.0,16762.915876508177,980.0,5,15,3080.0
1267.0,16779.882531868923,980.0,5,15,3080.0
1268.0,16796.809854122454,980.0,5,15,3080.0
1269.0,16813.68629979888,980.0,5,15,3080.0
1270.0,16830.50521656177,980.0,5,15,3080.0
1271.0,16847.267754989407,980.0,5,15,3080.0
1272.0,16863.975042648493,980.0,5,15,3080.0
1273.0,16880.628184554396,980.0,5,15,3080.0
1274.0,16897.228263622183,980.0,5,15,3080.0
1275.0,16911.92634110861,980.0,5,15,3080.0
1276.0,16922.848857772366,980.0,5,15,3080.0
1277.0,16934.057595582515,980.0,5,15,3080.0
1278.0,16945.565072505557,980.0,5,15,3080.0
1279.0,16957.373702572542,980.0,5,15,3080.0
1280.0,16969.484865526567,980.0,5,15,3080.0
1281.0,16981.899679489117,980.0,5,15,3080.0
1282.0,16994.61915742615,980.0,5,15,3080.0
1283.0,17007.644255543946,980.0,5,15,3080.0
1284.0,17020.975892399674,980.0,5,15,3080.0
1285.0,17034.61495780534,980.0,5,15,3080.0
1286.0,17048.56231752831,980.0,5,15,3080.0
1287.0,17062.81881603959,980.0,5,15,3080.0
1288.0,17077.36370711425,980.0,5,15,3080.0
1289.0,17092.199799927334,980.0,5,15,3080.0
1290.0,17107.328275010845,980.0,5,15,3080.0
1291.0,17122.750288332263,980.0,5,15,3080.0
1292.0,17138.466972027247,980.0,5,15,3080.0
1293.0,17154.479435046364,980.0,5,15,3080.0
1294.0,17170.78876374138,980.0,5,15,3080.0
1295.0,17187.296022407303,980.0,5,15,3080.0
1296.0,17203.795527995335,980.0,5,15,3080.0
1297.0,17220.24504347161,980.0,5,15,3080.0
1298.0,17236.62572975562,983.0,5,15,3077.0
1299.0,17252.958802313948,989.0,5,15,3071.0
1300.0,17269.24521342111,995.0,5,15,3065.0
1301.0,17285.48589630613,1001.0,5,15,3059.0
1302.0,17301.68176553345,1007.0,5,15,3053.0
1303.0,17317.82161757856,1013.0,5,15,3047.0
1304.0,17333.89867258277,1019.0,5,15,3041.0
1305.0,17349.914186486894,1025.0,5,15,3035.0
1306.0,17365.86939011294,1031.0,5,15,3029.0
1307.0,17381.765489666468,1037.0,5,15,3023.0
1308.0,17397.603667228916,1043.0,5,15,3017.0
1309.0,17413.38508124012,1049.0,5,15,3011.0
1310.0,17429.1108669711,1055.0,5,15,3005.0
1311.0,17444.78213698746,1061.0,5,15,2999.0
1312.0,17460.399981603492,1067.0,5,15,2993.0
1313.0,17475.965469327206,1073.0,5,15,2987.0
1314.0,17491.479647296444,1079.0,5,15,2981.0
1315.0,17506.943541706296,1085.0,5,15,2975.0
1316.0,17522.35815822795,1091.0,5,15,2969.0
1317.0,17537.724482419173,1097.0,5,15,2963.0
1318.0,17553.043480126573,1103.0,5,15,2957.0
1319.0,17568.316097879826,1109.0,5,15,2951.0
1320.0,17583.543263278007,1115.0,5,15,2945.0
1321.0,17598.725885368232,1121.0,5,15,2939.0
1322.0,17613.8482033536,1127.0,5,15,2933.0
1323.0,17628.86674592993,1133.0,5,15,2927.0
1324.0,17643.73344103123,1139.0,5,15,2921.0
1325.0,17658.442802230496,1145.0,5,15,2915.0
1326.0,17672.99797620578,1151.0,5,15,2909.0
1327.0,17687.402046701558,1157.0,5,15,2903.0
1328.0,17701.65803578742,1163.0,5,15,2897.0
1329.0,17715.768905091565,1169.0,5,15,2891.0
1330.0,17729.73755700963,1175.0,5,15,2885.0
1331.0,17743.56683588933,1181.0,5,15,2879.0
1332.0,17757.259529191437,1187.0,5,15,2873.0
1333.0,17770.9683686275,1190.0,6,14,2870.0
1334.0,17784.84603127485,1190.0,6,14,2870.0
1335.0,17798.895140669243,1190.0,6,14,2870.0
1336.0,17813.118267875754,1190.0,6,14,2870.0
1337.0,17827.51793253813,1190.0,6,14,2870.0
1338.0,17835.496603907257,1190.0,6,14,2870.0
1339.0,17843.963035222914,1190.0,6,14,2870.0
1340.0,17853.007726986798,1190.0,6,14,2870.0
1341.0,17862.63834474795,1190.0,6,14,2870.0
1342.0,17872.857296084618,1190.0,6,14,2870.0
1343.0,17883.666845904416,1190.0,6,14,2870.0
1344.0,17895.069194786276,1190.0,6,14,2870.0
1345.0,17907.066492968763,1190.0,6,14,2870.0
1346.0,17919.66084498587,1190.0,6,14,2870.0
1347.0,17932.854311938438,1190.0,6,14,2870.0
1348.0,17946.648912964058,1190.0,6,14,2870.0
1349.0,17961.046626375643,1190.0,6,14,2870.0
1350.0,17976.049390640437,1190.0,6,14,2870.0
1351.0,17991.65910527139,1190.0,6,14,2870.0
1352.0,18007.87763166396,1190.0,6,14,2870.0
1353.0,18024.556793895506,1190.0,6,14,2870.0
1354.0,18041.54837949614,1190.0,6,14,2870.0
1355.0,18058.854140196432,1190.0,6,14,2870.0
1356.0,18076.47579265523,1190.0,6,14,2870.0
1357.0,18094.415019169493,1190.0,6,14,2870.0
1358.0,18107.623468367772,1190.0,6,14,2870.0
1359.0,18118.23113519551,1190.0,6,14,2870.0
1360.0,18129.204564455064,1190.0,6,14,2870.0
1361.0,18140.54902070402,1190.0,6,14,2870.0
1362.0,18152.267341582967,1190.0,6,14,2870.0
1363.0,18164.361618192885,1190.0,6,14,2870.0
1364.0,18176.83363238821,1190.0,6,14,2870.0
1365.0,18189.685006674023,1190.0,6,14,2870.0
1366.0,18202.917266453413,1190.0,6,14,2870.0
1367.0,18216.511878426478,1190.0,6,14,2870.0
1368.0,18230.490639967516,1190.0,6,14,2870.0
1369.0,18244.854906713306,1190.0,6,14,2870.0
1370.0,18259.605997441682,1190.0,6,14,2870.0
1371.0,18274.74519777813,1190.0,6,14,2870.0
1372.0,18290.27376278441,1190.0,6,14,2870.0
1373.0,18306.192918861452,1190.0,6,14,2870.0
1374.0,18322.5038652143,1190.0,6,14,2870.0
1375.0,18339.207775027146,1190.0,6,14,2870.0
1376.0,18356.305796440258,1190.0,6,14,2870.0
1377.0,18373.79905338737,1190.0,6,14,2870.0
1378.0,18391.42545696923,1190.0,6,14,2870.0
1379.0,18408.99933247945,1190.0,6,14,2870.0
1380.0,18426.521730479468,1190.0,6,14,2870.0
1381.0,18443.99368051949,1190.0,6,14,2870.0
1382.0,18461.416191558703,1190.0,6,14,2870.0
1383.0,18478.790252377137,1190.0,6,14,2870.0
1384.0,18493.3168319792,1190.0,6,14,2870.0
1385.0,18502.22760108147,1190.0,6,14,2870.0
1386.0,18511.578284988493,1190.0,6,14,2870.0
1387.0,18521.38131536732,1190.0,6,14,2870.0
1388.0,18531.639369778964,1190.0,6,14,2870.0
1389.0,18542.353876060464,1190.0,6,14,2870.0
1390.0,18553.525931591088,1190.0,6,14,2870.0
1391.0,18565.156502160135,1190.0,6,14,2870.0
1392.0,18577.246485193904,1190.0,6,14,2870.0
1393.0,18589.796735044536,1190.0,6,14,2870.0
1394.0,18602.808074815446,1190.0,6,14,2870.0
1395.0,18616.281302577685,1190.0,6,14,2870.0
1396.0,18630.217194960635,1190.0,6,14,2870.0
1397.0,18644.61650939937,1190.0,6,14,2870.0
1398.0,18659.479985644226,1190.0,6,14,2870.0
1399.0,18674.80834684084,1190.0,6,14,2870.0
1400.0,18690.60230034747,1190.0,6,14,2870.0
1401.0,18706.862538384707,1190.0,6,14,2870.0
1402.0,18723.589738573886,1190.0,6,14,2870.0
1403.0,18740.78456439918,1190.0,6,14,2870.0
1404.0,18758.29766561546,1190.0,6,14,2870.0
1405.0,18775.819843842935,1190.0,6,14,2870.0
1406.0,18788.611578505857,1190.0,6,14,2870.0
1407.0,18796.862833878942,1190.0,6,14,2870.0
1408.0,18805.620311493698,1190.0,6,14,2870.0
1409.0,18814.895339225335,1190.0,6,14,2870.0
1410.0,18824.690659343472,1190.0,6,14,2870.0
1411.0,18835.007566670472,1190.0,6,14,2870.0
1412.0,18845.84694195441,1190.0,6,14,2870.0
1413.0,18857.20950067144,1190.0,6,14,2870.0
1414.0,18869.095876145308,1190.0,6,14,2870.0
1415.0,18881.506653667653,1190.0,6,14,2870.0
1416.0,18894.442386644754,1190.0,6,14,2870.0
1417.0,18907.903605090716,1190.0,6,14,2870.0
1418.0,18921.890820483128,1190.0,6,14,2870.0
1419.0,18936.404528737596,1190.0,6,14,2870.0
1420.0,18951.44521214139,1190.0,6,14,2870.0
1421.0,18967.01334067857,1190.0,6,14,2870.0
1422.0,18983.109372982486,1190.0,6,14,2870.0
1423.0,18999.73375705072,1190.0,6,14,2870.0
1424.0,19016.88693080336,1190.0,6,14,2870.0
1425.0,19034.569322534626,1190.0,6,14,2870.0
1426.0,19052.53135128985,1190.0,6,14,2870.0
1427.0,19070.50732736351,1190.0,6,14,2870.0
1428.0,19088.463783915693,1190.0,6,14,2870.0
1429.0,19106.401111336836,1190.0,6,14,2870.0
1430.0,19124.319692209556,1190.0,6,14,2870.0
1431.0,19140.36990146482,1190.0,6,14,2870.0
1432.0,19147.97262323761,1190.0,6,14,2870.0
1433.0,19156.148739842385,1190.0,6,14,2870.0
1434.0,19164.9038581377,1190.0,6,14,2870.0
1435.0,19174.24006380615,1190.0,6,14,2870.0
1436.0,19184.15845306045,1190.0,6,14,2870.0
1437.0,19194.65975074967,1190.0,6,14,2870.0
1438.0,19205.74451108998,1190.0,6,14,2870.0
1439.0,19217.413197625006,1190.0,6,14,2870.0
1440.0,19229.66622002014,1190.0,6,14,2870.0
1441.0,19242.503952896266,1190.0,6,14,2870.0
1442.0,19255.926746295394,1190.0,6,14,2870.0
1443.0,19269.93493189147,1190.0,6,14,2870.0
1444.0,19284.52882688247,1190.0,6,14,2870.0
1445.0,19299.708736545253,1190.0,6,14,2870.0
1446.0,19315.474955981932,1190.0,6,14,2870.0
1447.0,19331.82777135766,1190.0,6,14,2870.0
1448.0,19348.767460807292,1190.0,6,14,2870.0
1449.0,19366.29429511986,1190.0,6,14,2870.0
1450.0,19373.557547033197,1190.0,6,14,2870.0
1451.0,19381.407278959312,1190.0,6,14,2870.0
1452.0,19389.88140207248,1190.0,6,14,2870.0
1453.0,19398.96982863623,1190.0,6,14,2870.0
1454.0,19408.695123341724,1190.0,6,14,2870.0
1455.0,19419.05836185831,1190.0,6,14,2870.0
1456.0,19430.04023501339,1190.0,6,14,2870.0
1457.0,19441.661505011045,1190.0,6,14,2870.0
1458.0,19453.922506909315,1190.0,6,14,2870.0
1459.0,19466.82352518886,1190.0,6,14,2870.0
1460.0,19480.364813221615,1190.0,6,14,2870.0
1461.0,19494.546603609317,1190.0,6,14,2870.0
1462.0,19509.369114098838,1190.0,6,14,2870.0
1463.0,19518.36294149808,1190.0,6,14,2870.0
1464.0,19525.935147505726,1190.0,6,14,2870.0
1465.0,19534.189990663985,1190.0,6,14,2870.0
1466.0,19543.13613552656,1190.0,6,14,2870.0
1467.0,19552.774173009875,1190.0,6,14,2870.0
1468.0,19563.10437277705,1190.0,6,14,2870.0
1469.0,19574.126934725216,1190.0,6,14,2870.0
1470.0,19585.842033101086,1190.0,6,14,2870.0
1471.0,19598.24982937491,1190.0,6,14,2870.0
1472.0,19611.35047715081,1190.0,6,14,2870.0
1473.0,19625.144124394206,1190.0,6,14,2870.0
1474.0,19639.630914578316,1190.0,6,14,2870.0
1475.0,19654.810987336557,1190.0,6,14,2870.0
1476.0,19670.684478866464,1190.0,6,14,2870.0
1477.0,19687.251522199018,1190.0,6,14,2870.0
1478.0,19704.512247390427,1190.0,6,14,2870.0
1479.0,19722.466781666906,1190.0,6,14,2870.0
1480.0,19741.115249539598,1190.0,6,14,2870.0
1481.0,19760.45777289993,1190.0,6,14,2870.0
1482.0,19780.474650465392,1190.0,6,14,2870.0
1483.0,19800.686216172846,1190.0,6,14,2870.0
1484.0,19820.941087982428,1190.0,6,14,2870.0
1485.0,19841.190862355823,1190.0,6,14,2870.0
1486.0,19861.435641241744,1190.0,6,14,2870.0
1487.0,19881.67552454995,1190.0,6,14,2870.0
1488.0,19901.910610191997,1190.0,6,14,2870.0
1489.0,19910.790994121195,1190.0,6,14,2870.0
1490.0,19918.40977723357,1190.0,6,14,2870.0
1491.0,19926.77175128375,1190.0,6,14,2870.0
1492.0,19935.878191356656,1190.0,6,14,2870.0
1493.0,19945.729644601623,1190.0,6,14,2870.0
1494.0,19956.326421152484,1190.0,6,14,2870.0
1495.0,19967.66873119165,1190.0,6,14,2870.0
1496.0,19979.756735100138,1190.0,6,14,2870.0
1497.0,19992.570951050766,1192.0,6,14,2868.0
1498.0,20006.13150080474,1198.0,6,14,2862.0
1499.0,20020.438480338093,1204.0,6,14,2856.0
1500.0,20035.491977738715,1210.0,6,14,2850.0
1501.0,20051.292075260804,1216.0,6,14,2844.0
1502.0,20067.838850644344,1222.0,6,14,2838.0
1503.0,20085.132377997234,1228.0,6,14,2832.0
1504.0,20103.172728406036,1234.0,6,14,2826.0
1505.0,20121.959970372114,1240.0,6,14,2820.0
1506.0,20141.49417013194,1246.0,6,14,2814.0
1507.0,20161.775391898267,1252.0,6,14,2808.0
1508.0,20182.80369804628,1258.0,6,14,2802.0
1509.0,20203.942112562127,1264.0,6,14,2796.0
1510.0,20225.077758787655,1270.0,6,14,2790.0
1511.0,20246.210692088673,1276.0,6,14,2784.0
1512.0,20267.340966723674,1282.0,6,14,2778.0
1513.0,20276.16863586597,1288.0,6,14,2772.0
1514.0,20283.77723855209,1294.0,6,14,2766.0
1515.0,20292.17806921379,1300.0,6,14,2760.0
1516.0,20301.314806419814,1309.0,6,14,2751.0
1517.0,20311.18925550599,1321.0,6,14,2739.0
1518.0,20321.86283463657,1333.0,6,14,2727.0
1519.0,20333.33581018961,1345.0,6,14,2715.0
1520.0,20345.608342594704,1357.0,6,14,2703.0
1521.0,20358.680535790394,1369.0,6,14,2691.0
1522.0,20372.552460902563,1381.0,6,14,2679.0
1523.0,20387.2241687158,1393.0,6,14,2667.0
1524.0,20402.695696742685,1405.0,6,14,2655.0
1525.0,20418.96707347146,1417.0,6,14,2643.0
1526.0,20436.038321042044,1429.0,6,14,2631.0
1527.0,20453.90945699954,1441.0,6,14,2619.0
1528.0,20472.580495481874,1453.0,6,14,2607.0
1529.0,20492.051448047245,1465.0,6,14,2595.0
1530.0,20512.322324264922,1477.0,6,14,2583.0
1531.0,20533.393132146117,1489.0,6,14,2571.0
1532.0,20555.363878464224,1499.0,7,13,2561.0
1533.0,20577.763878464226,1505.0,7,13,2555.0
1534.0,20600.463878464227,1511.0,7,13,2549.0
1535.0,20623.463878464227,1517.0,7,13,2543.0
1536.0,20646.76387846422,1523.0,7,13,2537.0
1537.0,20670.36387846422,1529.0,7,13,2531.0
1538.0,20694.263878464226,1535.0,7,13,2525.0
1539.0,20718.463878464227,1541.0,7,13,2519.0
1540.0,20742.963878464227,1547.0,7,13,2513.0
1541.0,20767.763878464222,1553.0,7,13,2507.0
1542.0,20792.863878464224,1559.0,7,13,2501.0
1543.0,20818.263878464226,1565.0,7,13,2495.0
1544.0,20843.96387846423,1571.0,7,13,2489.0
1545.0,20869.963878464227,1577.0,7,13,2483.0
1546.0,20896.263878464222,1583.0,7,13,2477.0
1547.0,20922.863878464224,1589.0,7,13,2471.0
1548.0,20949.763878464226,1595.0,7,13,2465.0
1549.0,20976.96387846423,1601.0,7,13,2459.0
1550.0,21004.463878464227,1607.0,7,13,2453.0
1551.0,21032.263878464222,1610.0,8,12,2450.0
1552.0,21054.713878464216,1610.0,8,12,2450.0
1553.0,21067.863878464217,1610.0,8,12,2450.0
1554.0,21081.063878464214,1610.0,8,12,2450.0
1555.0,21094.312892945607,1610.0,8,12,2450.0
1556.0,21108.661314759975,1610.0,8,12,2450.0
1557.0,21124.109341440093,1610.0,8,12,2450.0
1558.0,21140.657085996198,1610.0,8,12,2450.0
1559.0,21158.304619039405,1610.0,8,12,2450.0
1560.0,21177.051987605933,1610.0,8,12,2450.0
1561.0,21196.89922458941,1610.0,8,12,2450.0
1562.0,21217.846353889036,1610.0,8,12,2450.0
1563.0,21239.893393412338,1610.0,8,12,2450.0
1564.0,21263.040356922236,1610.0,8,12,2450.0
1565.0,21287.28725522363,1610.0,8,12,2450.0
1566.0,21312.634096953927,1610.0,8,12,2450.0
1567.0,21339.08088912616,1610.0,8,12,2450.0
1568.0,21366.62763751202,1610.0,8,12,2450.0
1569.0,21385.22817477723,1610.0,8,12,2450.0
1570.0,21399.601135124743,1610.0,8,12,2450.0
1571.0,21414.99941255001,1610.0,8,12,2450.0
1572.0,21431.42627266492,1610.0,8,12,2450.0
1573.0,21448.885356509552,1610.0,8,12,2450.0
1574.0,21467.38066132451,1610.0,8,12,2450.0
1575.0,21486.916492810346,1610.0,8,12,2450.0
1576.0,21507.497387210373,1610.0,8,12,2450.0
1577.0,21529.128007399704,1610.0,8,12,2450.0
1578.0,21551.813023416576,1610.0,8,12,2450.0
1579.0,21575.556992085876,1610.0,8,12,2450.0
1580.0,21600.364250641105,1610.0,8,12,2450.0
1581.0,21626.238835426462,1610.0,8,12,2450.0
1582.0,21653.18443061581,1610.0,8,12,2450.0
1583.0,21681.20434588292,1610.0,8,12,2450.0
1584.0,21710.301517867978,1610.0,8,12,2450.0
1585.0,21740.478528593452,1610.0,8,12,2450.0
1586.0,21771.737634186,1610.0,8,12,2450.0
1587.0,21804.080798503463,1610.0,8,12,2450.0
1588.0,21835.315303967724,1610.0,8,12,2450.0
1589.0,21862.830010143058,1610.0,8,12,2450.0
1590.0,21877.402183420374,1610.0,8,12,2450.0
1591.0,21893.15676341504,1610.0,8,12,2450.0
1592.0,21910.082187147204,1610.0,8,12,2450.0
1593.0,21928.180838405187,1610.0,8,12,2450.0
1594.0,21947.455339939963,1610.0,8,12,2450.0
1595.0,21967.908556811795,1610.0,8,12,2450.0
1596.0,21989.54359066847,1610.0,8,12,2450.0
1597.0,22012.36376281331,1610.0,8,12,2450.0
1598.0,22036.372584679735,1610.0,8,12,2450.0
1599.0,22061.57215402127,1610.0,8,12,2450.0
1600.0,22087.90681775521,1610.0,8,12,2450.0
1601.0,22115.38058316049,1610.0,8,12,2450.0
1602.0,22143.99742321583,1610.0,8,12,2450.0
1603.0,22173.76121536439,1610.0,8,12,2450.0
1604.0,22204.67568754365,1610.0,8,12,2450.0
1605.0,22236.68880406644,1610.0,8,12,2450.0
1606.0,22269.769715590744,1610.0,8,12,2450.0
1607.0,22303.878131407295,1610.0,8,12,2450.0
1608.0,22338.96753660493,1610.0,8,12,2450.0
1609.0,22374.84115808109,1610.0,8,12,2450.0
1610.0,22409.70197442141,1610.0,8,12,2450.0
1611.0,22444.55273038326,1610.0,8,12,2450.0
1612.0,22479.395954040618,1610.0,8,12,2450.0
1613.0,22514.233975073137,1610.0,8,12,2450.0
1614.0,22548.068943101873,1610.0,8,12,2450.0
1615.0,22581.902845337925,1610.0,8,12,2450.0
1616.0,22615.71112451688,1610.0,8,12,2450.0
1617.0,22648.483238112265,1610.0,8,12,2450.0
1618.0,22681.21990943574,1610.0,8,12,2450.0
1619.0,22713.921847332746,1610.0,8,12,2450.0
1620.0,22746.58974647181,1610.0,8,12,2450.0
1621.0,22779.22428762809,1610.0,8,12,2450.0
1622.0,22811.826137961256,1610.0,8,12,2450.0
1623.0,22844.395951287745,1610.0,8,12,2450.0
1624.0,22876.91864945294,1610.0,8,12,2450.0
1625.0,22909.39089365483,1610.0,8,12,2450.0
1626.0,22941.81369297268,1610.0,8,12,2450.0
1627.0,22974.188036304175,1610.0,8,12,2450.0
1628.0,23006.514892769035,1610.0,8,12,2450.0
1629.0,23038.7952121046,1610.0,8,12,2450.0
1630.0,23070.01066260433,1610.0,8,12,2450.0
1631.0,23101.16180409407,1610.0,8,12,2450.0
1632.0,23132.249922754014,1610.0,8,12,2450.0
1633.0,23163.276279040754,1610.0,8,12,2450.0
1634.0,23194.242108201764,1610.0,8,12,2450.0
1635.0,23225.14862077955,1610.0,8,12,2450.0
1636.0,23255.99700310578,1610.0,8,12,2450.0
1637.0,23284.78841778549,1610.0,8,12,2450.0
1638.0,23313.524004171606,1610.0,8,12,2450.0
1639.0,23342.20487882999,1610.0,8,12,2450.0
1640.0,23370.83213599522,1610.0,8,12,2450.0
1641.0,23399.406848017137,1610.0,8,12,2450.0
1642.0,23427.930065798613,1610.0,8,12,2450.0
1643.0,23456.40281922447,1610.0,8,12,2450.0
1644.0,23484.8261175818,1610.0,8,12,2450.0
1645.0,23513.20094997199,1610.0,8,12,2450.0
1646.0,23541.528285714372,1610.0,8,12,2450.0
1647.0,23569.8090747419,1610.0,8,12,2450.0
1648.0,23598.04424798889,1610.0,8,12,2450.0
1649.0,23626.234717770934,1610.0,8,12,2450.0
1650.0,23654.381378157344,1610.0,8,12,2450.0
1651.0,23681.48510533602,1610.0,8,12,2450.0
1652.0,23708.546757971122,1610.0,8,12,2450.0
1653.0,23735.56717755352,1610.0,8,12,2450.0
1654.0,23762.547188744273,1610.0,8,12,2450.0
1655.0,23789.487599711214,1610.0,8,12,2450.0
1656.0,23816.38920245881,1610.0,8,12,2450.0
1657.0,23843.25277315146,1610.0,8,12,2450.0
1658.0,23870.079072430253,1610.0,8,12,2450.0
1659.0,23896.86884572347,1610.0,8,12,2450.0
1660.0,23923.62282355082,1610.0,8,12,2450.0
1661.0,23950.34172182163,1610.0,8,12,2450.0
1662.0,23977.02624212702,1610.0,8,12,2450.0
1663.0,24003.677072026305,1610.0,8,12,2450.0
1664.0,24030.2948853276,1610.0,8,12,2450.0
1665.0,24056.880342362867,1610.0,8,12,2450.0
1666.0,24083.434090257437,1610.0,8,12,2450.0
1667.0,24109.956763194114,1610.0,8,12,2450.0
1668.0,24136.448982672056,1610.0,8,12,2450.0
1669.0,24162.91135776044,1610.0,8,12,2450.0
1670.0,24189.344485347046,1610.0,8,12,2450.0
1671.0,24215.748950381934,1610.0,8,12,2450.0
1672.0,24242.125326116122,1610.0,8,12,2450.0
1673.0,24268.474174335617,1610.0,8,12,2450.0
1674.0,24294.796045590727,1610.0,8,12,2450.0
1675.0,24321.09147942074,1610.0,8,12,2450.0
1676.0,24347.361004574148,1610.0,8,12,2450.0
1677.0,24373.5855283408,1610.0,8,12,2450.0
1678.0,24399.78556163212,1610.0,8,12,2450.0
1679.0,24425.96159425761,1610.0,8,12,2450.0
1680.0,24452.114106230587,1610.0,8,12,2450.0
1681.0,24478.243567964117,1610.0,8,12,2450.0
1682.0,24504.350440462968,1610.0,8,12,2450.0
1683.0,24530.435175511844,1610.0,8,12,2450.0
1684.0,24556.498215859745,1610.0,8,12,2450.0
1685.0,24582.539995400683,1610.0,8,12,2450.0
1686.0,24607.549837333845,1610.0,8,12,2450.0
1687.0,24632.519482428354,1610.0,8,12,2450.0
1688.0,24657.44973462097,1610.0,8,12,2450.0
1689.0,24682.341381769726,1610.0,8,12,2450.0
1690.0,24707.195195975506,1610.0,8,12,2450.0
1691.0,24731.11804844439,1610.0,8,12,2450.0
1692.0,24755.022443863894,1610.0,8,12,2450.0
1693.0,24778.908751375013,1610.0,8,12,2450.0
1694.0,24802.777332735903,1610.0,8,12,2450.0
1695.0,24826.628542469574,1610.0,8,12,2450.0
1696.0,24850.46272800857,1610.0,8,12,2450.0
1697.0,24874.280229836797,1610.0,8,12,2450.0
1698.0,24898.08138162845,1610.0,8,12,2450.0
1699.0,24921.866510384276,1610.0,8,12,2450.0
1700.0,24945.635936564984,1610.0,8,12,2450.0
1701.0,24969.389974222075,1610.0,8,12,2450.0
1702.0,24993.128931126026,1610.0,8,12,2450.0
1703.0,25016.853108891893,1610.0,8,12,2450.0
1704.0,25040.562803102446,1610.0,8,12,2450.0
1705.0,25064.258303428793,1610.0,8,12,2450.0
1706.0,25087.939893748608,1610.0,8,12,2450.0
1707.0,25111.607852262026,1610.0,8,12,2450.0
1708.0,25135.26245160518,1610.0,8,12,2450.0
1709.0,25158.903958961466,1610.0,8,12,2450.0
1710.0,25182.53263617063,1610.0,8,12,2450.0
1711.0,25206.14873983561,1610.0,8,12,2450.0
1712.0,25229.75252142729,1610.0,8,12,2450.0
1713.0,25253.344227387137,1610.0,8,12,2450.0
1714.0,25276.924099227785,1610.0,8,12,2450.0
1715.0,25300.480166534977,1610.0,8,12,2450.0
1716.0,25324.00511249601,1610.0,8,12,2450.0
1717.0,25347.49955953783,1610.0,8,12,2450.0
1718.0,25370.964117638818,1610.0,8,12,2450.0
1719.0,25394.399384577784,1610.0,8,12,2450.0
1720.0,25416.9130596297,1610.0,8,12,2450.0
1721.0,25439.416461180575,1610.0,8,12,2450.0
1722.0,25461.909794700437,1610.0,8,12,2450.0
1723.0,25484.393261549903,1610.0,8,12,2450.0
1724.0,25506.86705906238,1610.0,8,12,2450.0
1725.0,25529.331380624604,1610.0,8,12,2450.0
1726.0,25551.78641575558,1610.0,8,12,2450.0
1727.0,25574.232350183946,1610.0,8,12,2450.0
1728.0,25596.66936592374,1610.0,8,12,2450.0
1729.0,25619.097641348733,1610.0,8,12,2450.0
1730.0,25641.51735126523,1610.0,8,12,2450.0
1731.0,25663.9286669834,1610.0,8,12,2450.0
1732.0,25686.331756387208,1610.0,8,12,2450.0
1733.0,25708.726784002934,1610.0,8,12,2450.0
1734.0,25731.11391106635,1610.0,8,12,2450.0
1735.0,25753.493295588494,1610.0,8,12,2450.0
1736.0,25775.865092420197,1610.0,8,12,2450.0
1737.0,25798.229453315264,1610.0,8,12,2450.0
1738.0,25820.58652699243,1610.0,8,12,2450.0
1739.0,25842.93645919606,1610.0,8,12,2450.0
1740.0,25865.279392755605,1610.0,8,12,2450.0
1741.0,25887.615467643966,1610.0,8,12,2450.0
1742.0,25909.944821034558,1610.0,8,12,2450.0
1743.0,25932.26758735734,1610.0,8,12,2450.0
1744.0,25954.583898353663,1610.0,8,12,2450.0
1745.0,25976.883173974842,1610.0,8,12,2450.0
1746.0,25999.156464083593,1610.0,8,12,2450.0
1747.0,26021.40428839017,1610.0,8,12,2450.0
1748.0,26043.596373338052,1610.0,8,12,2450.0
1749.0,26065.671110920615,1610.0,8,12,2450.0
1750.0,26086.71279782196,1610.0,8,12,2450.0
1751.0,26107.63365098529,1610.0,8,12,2450.0
1752.0,26128.43608708535,1610.0,8,12,2450.0
1753.0,26149.12247446341,1610.0,8,12,2450.0
1754.0,26169.69513409391,1610.0,8,12,2450.0
1755.0,26190.156340531794,1610.0,8,12,2450.0
1756.0,26210.508322840924,1610.0,8,12,2450.0
1757.0,26230.75326550387,1610.0,8,12,2450.0
1758.0,26250.893309313557,1610.0,8,12,2450.0
1759.0,26270.930552247057,1610.0,8,12,2450.0
1760.0,26290.86705032188,1610.0,8,12,2450.0
1761.0,26310.704818435202,1610.0,8,12,2450.0
1762.0,26330.44583118627,1610.0,8,12,2450.0
1763.0,26350.07206167284,1610.0,8,12,2450.0
1764.0,26369.60576754968,1610.0,8,12,2450.0
1765.0,26389.04879930899,1610.0,8,12,2450.0
1766.0,26408.40297043311,1610.0,8,12,2450.0
1767.0,26427.670058134743,1610.0,8,12,2450.0
1768.0,26446.85180408235,1610.0,8,12,2450.0
1769.0,26465.93735495004,1610.0,8,12,2450.0
1770.0,26484.92119480037,1610.0,8,12,2450.0
1771.0,26503.805357853693,1610.0,8,12,2450.0
1772.0,26522.59183764595,1610.0,8,12,2450.0
1773.0,26541.28258784237,1610.0,8,12,2450.0
1774.0,26559.186955628764,1610.0,8,12,2450.0
1775.0,26571.47827851804,1610.0,8,12,2450.0
1776.0,26583.258459136316,1610.0,8,12,2450.0
1777.0,26595.53249496458,1610.0,8,12,2450.0
1778.0,26608.303277514173,1610.0,8,12,2450.0
1779.0,26621.573849510816,1610.0,8,12,2450.0
1780.0,26635.347424801388,1610.0,8,12,2450.0
1781.0,26649.627407705655,1610.0,8,12,2450.0
1782.0,26664.417410380895,1610.0,8,12,2450.0
1783.0,26679.679545118666,1610.0,8,12,2450.0
1784.0,26695.400429420843,1610.0,8,12,2450.0
1785.0,26711.584535246013,1610.0,8,12,2450.0
1786.0,26728.23654441034,1610.0,8,12,2450.0
1787.0,26745.36132209383,1610.0,8,12,2450.0
1788.0,26762.944178141603,1610.0,8,12,2450.0
1789.0,26780.950800756305,1610.0,8,12,2450.0
1790.0,26799.38099828461,1610.0,8,12,2450.0
1791.0,26818.22601259376,1610.0,8,12,2450.0
1792.0,26837.438516994458,1610.0,8,12,2450.0
1793.0,26857.02393446614,1610.0,8,12,2450.0
1794.0,26876.867824528064,1610.0,8,12,2450.0
1795.0,26896.745153905686,1610.0,8,12,2450.0
1796.0,26916.560570638336,1610.0,8,12,2450.0
1797.0,26936.318434493056,1610.0,8,12,2450.0
1798.0,26956.022819597165,1610.0,8,12,2450.0
1799.0,26975.677524802068,1610.0,8,12,2450.0
1800.0,26995.28608922291,1610.0,8,12,2450.0
1801.0,27014.85181076634,1610.0,8,12,2450.0
1802.0,27034.377765938676,1610.0,8,12,2450.0
1803.0,27053.866829705286,1610.0,8,12,2450.0
1804.0,27073.321694585622,1610.0,8,12,2450.0
1805.0,27092.732011185937,1610.0,8,12,2450.0
1806.0,27112.074121454258,1610.0,8,12,2450.0
1807.0,27131.349389517207,1610.0,8,12,2450.0
1808.0,27150.559152218902,1610.0,8,12,2450.0
1809.0,27169.704719666566,1610.0,8,12,2450.0
1810.0,27188.787375765267,1610.0,8,12,2450.0
1811.0,27207.80775625953,1610.0,8,12,2450.0
1812.0,27226.747729143914,1610.0,8,12,2450.0
1813.0,27245.608902570602,1610.0,8,12,2450.0
1814.0,27264.392852528763,1610.0,8,12,2450.0
1815.0,27283.101123487762,1610.0,8,12,2450.0
1816.0,27301.735229027574,1610.0,8,12,2450.0
1817.0,27320.276711235125,1610.0,8,12,2450.0
1818.0,27338.747363798524,1610.0,8,12,2450.0
1819.0,27357.148603310652,1610.0,8,12,2450.0
1820.0,27375.48181803254,1610.0,8,12,2450.0
1821.0,27393.748368459987,1610.0,8,12,2450.0
1822.0,27411.94958787888,1610.0,8,12,2450.0
1823.0,27430.06691347922,1612.0,8,12,2448.0
1824.0,27448.10428166036,1618.0,8,12,2442.0
1825.0,27466.060902477864,1624.0,8,12,2436.0
1826.0,27483.938390879033,1630.0,8,12,2430.0
1827.0,27501.738329512176,1636.0,8,12,2424.0
1828.0,27519.46226937265,1642.0,8,12,2418.0
1829.0,27537.11173043592,1648.0,8,12,2412.0
1830.0,27554.68820227793,1654.0,8,12,2406.0
1831.0,27572.193144683093,1660.0,8,12,2400.0
1832.0,27589.62798824015,1666.0,8,12,2394.0
1833.0,27606.994134926066,1672.0,8,12,2388.0
1834.0,27624.292958678263,1678.0,8,12,2382.0
1835.0,27641.525805955425,1684.0,8,12,2376.0
1836.0,27658.69399628704,1690.0,8,12,2370.0
1837.0,27675.79882281202,1696.0,8,12,2364.0
1838.0,27692.841552806505,1702.0,8,12,2358.0
1839.0,27709.823428201093,1708.0,8,12,2352.0
1840.0,27726.745666087794,1714.0,8,12,2346.0
1841.0,27743.609459216757,1720.0,8,12,2340.0
1842.0,27760.415976483146,1726.0,8,12,2334.0
1843.0,27777.16636340421,1732.0,8,12,2328.0
1844.0,27793.861742586843,1738.0,8,12,2322.0
1845.0,27810.503214185825,1744.0,8,12,2316.0
1846.0,27827.091856352832,1750.0,8,12,2310.0
1847.0,27843.6287256765,1756.0,8,12,2304.0
1848.0,27860.11485761369,1762.0,8,12,2298.0
1849.0,27876.551266912138,1768.0,8,12,2292.0
1850.0,27892.938948024614,1774.0,8,12,2286.0
1851.0,27909.278875514847,1780.0,8,12,2280.0
1852.0,27925.57200445527,1786.0,8,12,2274.0
1853.0,27941.819270816886,1792.0,8,12,2268.0
1854.0,27958.021591851277,1798.0,8,12,2262.0
1855.0,27974.17986646497,1804.0,8,12,2256.0
1856.0,27990.29497558639,1810.0,8,12,2250.0
1857.0,28006.367782525384,1816.0,8,12,2244.0
1858.0,28022.4991333256,1820.0,9,11,2240.0
1859.0,28038.889857109807,1820.0,9,11,2240.0
1860.0,28055.540766418326,1820.0,9,11,2240.0
1861.0,28072.452657540693,1820.0,9,11,2240.0
1862.0,28089.626310840595,1820.0,9,11,2240.0
1863.0,28107.062491074506,1820.0,9,11,2240.0
1864.0,28124.761947703737,1820.0,9,11,2240.0
1865.0,28142.725415200384,1820.0,9,11,2240.0
1866.0,28160.9536133471,1820.0,9,11,2240.0
1867.0,28179.447247530883,1820.0,9,11,2240.0
1868.0,28198.207009030986,1820.0,9,11,2240.0
1869.0,28217.23357530108,1820.0,9,11,2240.0
1870.0,28236.527610245783,1820.0,9,11,2240.0
1871.0,28256.089764491593,1820.0,9,11,2240.0
1872.0,28275.920675652484,1820.0,9,11,2240.0
1873.0,28296.020968590157,1820.0,9,11,2240.0
1874.0,28316.391255669074,1820.0,9,11,2240.0
1875.0,28337.032137006416,1820.0,9,11,2240.0
1876.0,28357.944200717007,1820.0,9,11,2240.0
1877.0,28379.12802315339,1820.0,9,11,2240.0
1878.0,28400.484169141047,1820.0,9,11,2240.0
1879.0,28421.813192208945,1820.0,9,11,2240.0
1880.0,28443.115634815484,1820.0,9,11,2240.0
1881.0,28464.392028569895,1820.0,9,11,2240.0
1882.0,28485.642894449225,1820.0,9,11,2240.0
1883.0,28506.86874301096,1820.0,9,11,2240.0
1884.0,28528.070074601463,1820.0,9,11,2240.0
1885.0,28549.247379560155,1820.0,9,11,2240.0
1886.0,28570.40113841968,1820.0,9,11,2240.0
1887.0,28590.531822102002,1820.0,9,11,2240.0
1888.0,28610.639892110685,1820.0,9,11,2240.0
1889.0,28627.922068837936,1820.0,9,11,2240.0
1890.0,28642.62889832958,1820.0,9,11,2240.0
1891.0,28657.830702123036,1820.0,9,11,2240.0
1892.0,28673.529383917856,1820.0,9,11,2240.0
1893.0,28689.72700815026,1820.0,9,11,2240.0
1894.0,28706.425816189527,1820.0,9,11,2240.0
1895.0,28723.62824153767,1820.0,9,11,2240.0
1896.0,28741.336922776125,1820.0,9,11,2240.0
1897.0,28759.50793387076,1820.0,9,11,2240.0
1898.0,28778.13305948517,1820.0,9,11,2240.0
1899.0,28797.215744396948,1820.0,9,11,2240.0
1900.0,28816.717845104107,1820.0,9,11,2240.0
1901.0,28836.6237940245,1820.0,9,11,2240.0
1902.0,28856.937762705245,1820.0,9,11,2240.0
1903.0,28877.664008598644,1820.0,9,11,2240.0
1904.0,28898.806822241142,1820.0,9,11,2240.0
1905.0,28920.37047078723,1820.0,9,11,2240.0
1906.0,28942.359142271383,1820.0,9,11,2240.0
1907.0,28964.776894842416,1820.0,9,11,2240.0
1908.0,28987.62761436312,1820.0,9,11,2240.0
1909.0,29010.864982445342,1820.0,9,11,2240.0
1910.0,29034.092455548376,1820.0,9,11,2240.0
1911.0,29057.31325452202,1820.0,9,11,2240.0
1912.0,29080.530363115802,1820.0,9,11,2240.0
1913.0,29103.746533544312,1820.0,9,11,2240.0
1914.0,29126.96429713122,1820.0,9,11,2240.0
1915.0,29150.18597823337,1820.0,9,11,2240.0
1916.0,29173.413709956356,1820.0,9,11,2240.0
1917.0,29196.64945051971,1820.0,9,11,2240.0
1918.0,29219.8949994558,1820.0,9,11,2240.0
1919.0,29243.126153898884,1820.0,9,11,2240.0
1920.0,29266.33268525309,1820.0,9,11,2240.0
1921.0,29289.515085980238,1820.0,9,11,2240.0
1922.0,29312.667944972163,1820.0,9,11,2240.0
1923.0,29335.77774678426,1820.0,9,11,2240.0
1924.0,29358.845352560114,1820.0,9,11,2240.0
1925.0,29381.871606220455,1820.0,9,11,2240.0
1926.0,29404.857334807584,1820.0,9,11,2240.0
1927.0,29427.803348822967,1820.0,9,11,2240.0
1928.0,29450.71044255805,1820.0,9,11,2240.0
1929.0,29473.579394418433,1820.0,9,11,2240.0
1930.0,29496.410967241598,1820.0,9,11,2240.0
1931.0,29519.20590860831,1820.0,9,11,2240.0
1932.0,29541.964951147682,1820.0,9,11,2240.0
1933.0,29564.686612285055,1820.0,9,11,2240.0
1934.0,29587.353840199674,1820.0,9,11,2240.0
1935.0,29609.967723556012,1820.0,9,11,2240.0
1936.0,29632.529329245215,1820.0,9,11,2240.0
1937.0,29655.039702820635,1820.0,9,11,2240.0
1938.0,29677.499868924544,1820.0,9,11,2240.0
1939.0,29699.89122531742,1820.0,9,11,2240.0
1940.0,29722.23475458243,1820.0,9,11,2240.0
1941.0,29744.491429118505,1822.0,9,11,2238.0
1942.0,29766.64336179144,1827.0,9,11,2233.0
1943.0,29788.73234693333,1833.0,9,11,2227.0
1944.0,29810.779552372387,1839.0,9,11,2221.0
1945.0,29832.78581370266,1845.0,9,11,2215.0
1946.0,29854.75194980633,1851.0,9,11,2209.0
1947.0,29876.662854571285,1857.0,9,11,2203.0
1948.0,29898.51554124094,1863.0,9,11,2197.0
1949.0,29920.311174177205,1869.0,9,11,2191.0
1950.0,29942.050894454736,1875.0,9,11,2185.0
1951.0,29962.73582032672,1881.0,9,11,2179.0
1952.0,29983.36443142,1887.0,9,11,2173.0
1953.0,30003.920470291407,1893.0,9,11,2167.0
1954.0,30024.405388385385,1899.0,9,11,2161.0
1955.0,30044.820608117494,1905.0,9,11,2155.0
1956.0,30065.167523454948,1911.0,9,11,2149.0
1957.0,30085.447500485654,1917.0,9,11,2143.0
1958.0,30105.661877975755,1923.0,9,11,2137.0
1959.0,30125.811967916048,1929.0,9,11,2131.0
1960.0,30145.899056057533,1935.0,9,11,2125.0
1961.0,30165.924402436194,1941.0,9,11,2119.0
1962.0,30185.88924188728,1947.0,9,11,2113.0
1963.0,30205.794784549344,1953.0,9,11,2107.0
1964.0,30225.642216358163,1959.0,9,11,2101.0
1965.0,30245.43269953081,1965.0,9,11,2095.0
1966.0,30265.167373040003,1971.0,9,11,2089.0
1967.0,30284.847353079014,1977.0,9,11,2083.0
1968.0,30304.453827167414,1983.0,9,11,2077.0
1969.0,30323.124355352764,1989.0,9,11,2071.0
1970.0,30339.213767951034,1995.0,9,11,2065.0
1971.0,30355.553908626134,2001.0,9,11,2059.0
1972.0,30372.245863419463,2007.0,9,11,2053.0
1973.0,30389.2907132597,2013.0,9,11,2047.0
1974.0,30406.689538029506,2019.0,9,11,2041.0
1975.0,30424.421530009844,2025.0,9,11,2035.0
1976.0,30442.433209005867,2030.0,10,10,2030.0
1977.0,30460.446124943774,2030.0,10,10,2030.0
1978.0,30477.715500084178,2030.0,10,10,2030.0
1979.0,30495.321826074203,2030.0,10,10,2030.0
1980.0,30513.62602576824,2030.0,10,10,2030.0
1981.0,30532.571694995895,2030.0,10,10,2030.0
1982.0,30552.158780788406,2030.0,10,10,2030.0
1983.0,30572.38887202798,2030.0,10,10,2030.0
1984.0,30593.26333450422,2030.0,10,10,2030.0
1985.0,30614.783415991213,2030.0,10,10,2030.0
1986.0,30636.950291036766,2030.0,10,10,2030.0
1987.0,30659.765082746042,2030.0,10,10,2030.0
1988.0,30683.228874502878,2030.0,10,10,2030.0
1989.0,30707.292716814034,2030.0,10,10,2030.0
1990.0,30731.807631592976,2030.0,10,10,2030.0
1991.0,30756.774615009628,2030.0,10,10,2030.0
1992.0,30782.19463949271,2030.0,10,10,2030.0
1993.0,30808.068655208433,2030.0,10,10,2030.0
1994.0,30834.397591202345,2030.0,10,10,2030.0
1995.0,30861.17794471543,2030.0,10,10,2030.0
1996.0,30888.395104984847,2030.0,10,10,2030.0
1997.0,30916.050340865128,2030.0,10,10,2030.0
1998.0,30944.021158323943,2030.0,10,10,2030.0
1999.0,30971.93255943358,2030.0,10,10,2030.0
2000.0,30999.78573252102,2030.0,10,10,2030.0
2001.0,31027.581842146712,2030.0,10,10,2030.0
2002.0,31055.322029579893,2030.0,10,10,2030.0
2003.0,31083.007413264408,2030.0,10,10,2030.0
2004.0,31110.63908927523,2030.0,10,10,2030.0
2005.0,31138.19828963727,2030.0,10,10,2030.0
2006.0,31165.706305992062,2030.0,10,10,2030.0
2007.0,31193.164162019762,2030.0,10,10,2030.0
2008.0,31220.57286092691,2030.0,10,10,2030.0
2009.0,31247.933385855915,2030.0,10,10,2030.0
2010.0,31275.24670028633,2030.0,10,10,2030.0
2011.0,31302.513748428144,2030.0,10,10,2030.0
2012.0,31329.735455607126,2030.0,10,10,2030.0
2013.0,31356.91272864252,2030.0,10,10,2030.0
2014.0,31384.046456217213,2030.0,10,10,2030.0
2015.0,31411.137509240405,2030.0,10,10,2030.0
2016.0,31438.18674120314,2030.0,10,10,2030.0
2017.0,31465.175085636718,2034.0,10,10,2026.0
2018.0,31492.112219100924,2039.0,10,10,2021.0
2019.0,31518.990609895853,2044.0,10,10,2016.0
2020.0,31545.811432874874,2049.0,10,10,2011.0
2021.0,31572.569684111957,2054.0,10,10,2006.0
2022.0,31599.252770324292,2059.0,10,10,2001.0
2023.0,31625.862194812373,2064.0,10,10,1996.0
2024.0,31652.399430810696,2069.0,10,10,1991.0
2025.0,31678.865922089055,2074.0,10,10,1986.0
2026.0,31705.26308354185,2079.0,10,10,1981.0
2027.0,31731.592301765584,2084.0,10,10,1976.0
2028.0,31757.854935624837,2089.0,10,10,1971.0
2029.0,31784.052316806916,2094.0,10,10,1966.0
2030.0,31810.169757142587,2099.0,10,10,1961.0
2031.0,31836.204848671558,2104.0,10,10,1956.0
2032.0,31862.15923836994,2109.0,10,10,1951.0
2033.0,31888.034540274355,2114.0,10,10,1946.0
2034.0,31913.83233614069,2119.0,10,10,1941.0
2035.0,31939.554176089696,2124.0,10,10,1936.0
2036.0,31965.201579239714,2129.0,10,10,1931.0
2037.0,31990.776034326733,2134.0,10,10,1926.0
2038.0,32016.279000312017,2139.0,10,10,1921.0
2039.0,32041.7119069776,2144.0,10,10,1916.0
2040.0,32067.076155509865,2149.0,10,10,1911.0
2041.0,32092.37311907148,2154.0,10,10,1906.0
2042.0,32117.604143361863,2159.0,10,10,1901.0
2043.0,32142.77054716645,2164.0,10,10,1896.0
2044.0,32167.87362289494,2169.0,10,10,1891.0
2045.0,32192.914637108846,2174.0,10,10,1886.0
2046.0,32217.87495963021,2179.0,10,10,1881.0
2047.0,32242.776075701142,2184.0,10,10,1876.0
2048.0,32267.61916945066,2189.0,10,10,1871.0
2049.0,32292.405401325184,2194.0,10,10,1866.0
2050.0,32317.135908562213,2199.0,10,10,1861.0
2051.0,32341.811805654506,2204.0,10,10,1856.0
2052.0,32366.634184804956,2205.0,11,9,1855.0
2053.0,32391.654116372396,2205.0,11,9,1855.0
2054.0,32416.872649308483,2205.0,11,9,1855.0
2055.0,32442.290811585855,2205.0,11,9,1855.0
2056.0,32467.909610617677,2205.0,11,9,1855.0
2057.0,32493.730033668857,2205.0,11,9,1855.0
2058.0,32519.75304825902,2205.0,11,9,1855.0
2059.0,32545.97960255737,2205.0,11,9,1855.0
2060.0,32572.410625769768,2205.0,11,9,1855.0
2061.0,32599.04702851791,2205.0,11,9,1855.0
2062.0,32625.889703211084,2205.0,11,9,1855.0
2063.0,32652.93952441041,2205.0,11,9,1855.0
2064.0,32680.197349185735,2205.0,11,9,1855.0
2065.0,32707.644105942334,2205.0,11,9,1855.0
2066.0,32735.300927563792,2205.0,11,9,1855.0
2067.0,32763.16861275282,2205.0,11,9,1855.0
2068.0,32791.24794423808,2205.0,11,9,1855.0
2069.0,32819.539689093624,2205.0,11,9,1855.0
2070.0,32848.04459905206,2205.0,11,9,1855.0
2071.0,32876.76341081133,2205.0,11,9,1855.0
2072.0,32905.49684633541,2205.0,11,9,1855.0
2073.0,32934.19561314901,2205.0,11,9,1855.0
2074.0,32962.86040462634,2205.0,11,9,1855.0
2075.0,32991.49190027413,2205.0,11,9,1855.0
2076.0,33020.09076600895,2205.0,11,9,1855.0
2077.0,33048.65765442908,2205.0,11,9,1855.0
2078.0,33077.19320508082,2205.0,11,9,1855.0
2079.0,33105.69804471951,2205.0,11,9,1855.0
2080.0,33134.172787565425,2205.0,11,9,1855.0
2081.0,33162.61803555442,2205.0,11,9,1855.0
2082.0,33191.034378583645,2205.0,11,9,1855.0
2083.0,33219.42239475228,2205.0,11,9,1855.0
2084.0,33247.782650597546,2205.0,11,9,1855.0
2085.0,33276.1157013259,2205.0,11,9,1855.0
2086.0,33304.42209103969,2205.0,11,9,1855.0
2087.0,33332.702352959204,2205.0,11,9,1855.0
2088.0,33360.95700964033,2205.0,11,9,1855.0
2089.0,33389.186573187835,2205.0,11,9,1855.0
2090.0,33417.39154546439,2205.0,11,9,1855.0
2091.0,33445.57241829541,2205.0,11,9,1855.0
2092.0,33473.729673669804,2205.0,11,9,1855.0
2093.0,33501.86378393672,2205.0,11,9,1855.0
2094.0,33529.975211998295,2205.0,11,9,1855.0
2095.0,33558.064411498635,2205.0,11,9,1855.0
2096.0,33586.131827008976,2205.0,11,9,1855.0
2097.0,33614.177894209104,2205.0,11,9,1855.0
2098.0,33642.20304006523,2205.0,11,9,1855.0
2099.0,33670.207683004235,2205.0,11,9,1855.0
2100.0,33698.19223308445,2205.0,11,9,1855.0
2101.0,33726.15709216308,2205.0,11,9,1855.0
2102.0,33754.10265406012,2205.0,11,9,1855.0
2103.0,33782.02930471923,2205.0,11,9,1855.0
2104.0,33809.93742236516,2205.0,11,9,1855.0
2105.0,33837.82737765817,2205.0,11,9,1855.0
2106.0,33865.69953384531,2205.0,11,9,1855.0
2107.0,33893.55424690871,2205.0,11,9,1855.0
2108.0,33921.391865710844,2205.0,11,9,1855.0
2109.0,33949.21273213694,2205.0,11,9,1855.0
2110.0,33977.01718123451,2205.0,11,9,1855.0
2111.0,34004.80554135013,2205.0,11,9,1855.0
2112.0,34032.57813426344,2205.0,11,9,1855.0
2113.0,34060.33527531847,2205.0,11,9,1855.0
2114.0,34088.057483743236,2205.0,11,9,1855.0
2115.0,34115.765247999494,2205.0,11,9,1855.0
2116.0,34143.439119499795,2205.0,11,9,1855.0
2117.0,34171.09951357009,2205.0,11,9,1855.0
2118.0,34198.74669975897,2205.0,11,9,1855.0
2119.0,34226.38094222408,2205.0,11,9,1855.0
2120.0,34254.00249983988,2205.0,11,9,1855.0
2121.0,34281.61162630337,2205.0,11,9,1855.0
2122.0,34309.2085702376,2205.0,11,9,1855.0
2123.0,34336.79357529313,2205.0,11,9,1855.0
2124.0,34364.36688024756,2205.0,11,9,1855.0
2125.0,34391.92871910289,2205.0,11,9,1855.0
2126.0,34419.47932118112,2205.0,11,9,1855.0
2127.0,34446.99910042096,2205.0,11,9,1855.0
2128.0,34474.508484075996,2205.0,11,9,1855.0
2129.0,34502.00768005794,2205.0,11,9,1855.0
2130.0,34529.49689212024,2205.0,11,9,1855.0
2131.0,34556.9763199413,2205.0,11,9,1855.0
2132.0,34584.44615920593,2205.0,11,9,1855.0
2133.0,34611.90660168527,2205.0,11,9,1855.0
2134.0,34639.35783531502,2205.0,11,9,1855.0
2135.0,34666.80004427218,2205.0,11,9,1855.0
2136.0,34694.233409050205,2205.0,11,9,1855.0
2137.0,34721.65810653266,2205.0,11,9,1855.0
2138.0,34749.07431006546,2205.0,11,9,1855.0
2139.0,34776.48218952762,2205.0,11,9,1855.0
2140.0,34803.86197402276,2205.0,11,9,1855.0
2141.0,34831.23416282799,2205.0,11,9,1855.0
2142.0,34858.59890785713,2205.0,11,9,1855.0
2143.0,34885.956357985684,2205.0,11,9,1855.0
2144.0,34913.306659111666,2205.0,11,9,1855.0
2145.0,34940.649954215114,2205.0,11,9,1855.0
2146.0,34967.96658087339,2209.0,11,9,1851.0
2147.0,34995.2768749985,2215.0,11,9,1845.0
2148.0,35022.58096324111,2221.0,11,9,1839.0
2149.0,35049.85915811995,2227.0,11,9,1833.0
2150.0,35077.13178910122,2233.0,11,9,1827.0
2151.0,35104.39896746287,2239.0,11,9,1821.0
2152.0,35131.660802257284,2245.0,11,9,1815.0
2153.0,35158.917400355815,2251.0,11,9,1809.0
2154.0,35186.168866492364,2257.0,11,9,1803.0
2155.0,35213.41530330619,2263.0,11,9,1797.0
2156.0,35240.656811383735,2269.0,11,9,1791.0
2157.0,35267.89348929973,2275.0,11,9,1785.0
2158.0,35295.1254336574,2281.0,11,9,1779.0
2159.0,35322.35273912793,2287.0,11,9,1773.0
2160.0,35349.57549848904,2293.0,11,9,1767.0
2161.0,35376.79380266293,2299.0,11,9,1761.0
2162.0,35404.00774075334,2305.0,11,9,1755.0
2163.0,35431.21740008194,2311.0,11,9,1749.0
2164.0,35458.42286622398,2317.0,11,9,1743.0
2165.0,35485.62422304317,2323.0,11,9,1737.0
2166.0,35512.821552725974,2329.0,11,9,1731.0
2167.0,35540.01493581513,2335.0,11,9,1725.0
2168.0,35567.2044512425,2341.0,11,9,1719.0
2169.0,35594.39017636132,2347.0,11,9,1713.0
2170.0,35621.572186977755,2353.0,11,9,1707.0
2171.0,35648.75055738188,2359.0,11,9,1701.0
2172.0,35675.9253603779,2365.0,11,9,1695.0
2173.0,35703.09666731402,2371.0,11,9,1689.0
2174.0,35730.26454811141,2377.0,11,9,1683.0
2175.0,35757.42907129285,2383.0,11,9,1677.0
2176.0,35784.590304010664,2389.0,11,9,1671.0
2177.0,35811.74831207412,2395.0,11,9,1665.0
2178.0,35837.903159976304,2401.0,11,9,1659.0
2179.0,35864.05491092046,2407.0,11,9,1653.0
2180.0,35890.203626845716,2413.0,11,9,1647.0
2181.0,35916.54936845247,2415.0,12,8,1645.0
2182.0,35942.1921952271,2415.0,12,8,1645.0
2183.0,35968.13216546622,2415.0,12,8,1645.0
2184.0,35994.36933630057,2415.0,12,8,1645.0
2185.0,36020.90376371823,2415.0,12,8,1645.0
2186.0,36047.73550258753,2415.0,12,8,1645.0
2187.0,36074.86460667945,2415.0,12,8,1645.0
2188.0,36102.29112868953,2415.0,12,8,1645.0
2189.0,36129.99535336185,2415.0,12,8,1645.0
2190.0,36157.99749354074,2415.0,12,8,1645.0
2191.0,36186.297590916045,2415.0,12,8,1645.0
2192.0,36214.895686343836,2415.0,12,8,1645.0
2193.0,36243.79181986307,2415.0,12,8,1645.0
2194.0,36272.98603071193,2415.0,12,8,1645.0
2195.0,36302.47835734381,2415.0,12,8,1645.0
2196.0,36332.26883744305,2415.0,12,8,1645.0
2197.0,36362.3575079403,2415.0,12,8,1645.0
2198.0,36392.74440502762,2415.0,12,8,1645.0
2199.0,36423.42956417318,2415.0,12,8,1645.0
2200.0,36454.41302013583,2415.0,12,8,1645.0
2201.0,36485.49480697923,2415.0,12,8,1645.0
2202.0,36516.57495808577,2415.0,12,8,1645.0
2203.0,36547.653506170165,2415.0,12,8,1645.0
2204.0,36578.73048329288,2415.0,12,8,1645.0
2205.0,36609.805920873136,2415.0,12,8,1645.0
2206.0,36640.87984970179,2415.0,12,8,1645.0
2207.0,36671.952299953875,2415.0,12,8,1645.0
2208.0,36703.02330120091,2415.0,12,8,1645.0
2209.0,36734.09288242301,2415.0,12,8,1645.0
2210.0,36765.161072020666,2415.0,12,8,1645.0
2211.0,36796.22789782637,2415.0,12,8,1645.0
2212.0,36827.27375984467,2415.0,12,8,1645.0
2213.0,36858.31870462261,2415.0,12,8,1645.0
2214.0,36889.36275050499,2415.0,12,8,1645.0
2215.0,36920.38618319205,2415.0,12,8,1645.0
2216.0,36951.40914722537,2415.0,12,8,1645.0
2217.0,36982.43165197803,2415.0,12,8,1645.0
2218.0,37013.453706635635,2415.0,12,8,1645.0
2219.0,37044.47532020009,2415.0,12,8,1645.0
2220.0,37075.496501493246,2415.0,12,8,1645.0
2221.0,37106.517259160544,2415.0,12,8,1645.0
2222.0,37137.5376016745,2415.0,12,8,1645.0
2223.0,37168.5376016745,2420.0,12,8,1640.0
2224.0,37199.5376016745,2426.0,12,8,1634.0
2225.0,37229.5376016745,2432.0,12,8,1628.0
2226.0,37259.5376016745,2438.0,12,8,1622.0
2227.0,37289.5376016745,2444.0,12,8,1616.0
2228.0,37319.5376016745,2450.0,12,8,1610.0
2229.0,37349.5376016745,2456.0,12,8,1604.0
2230.0,37379.5376016745,2462.0,12,8,1598.0
2231.0,37409.5376016745,2468.0,12,8,1592.0
2232.0,37438.5376016745,2474.0,12,8,1586.0
2233.0,37467.5376016745,2480.0,12,8,1580.0
2234.0,37496.5376016745,2486.0,12,8,1574.0
2235.0,37525.5376016745,2492.0,12,8,1568.0
2236.0,37554.5376016745,2498.0,12,8,1562.0
2237.0,37583.5376016745,2504.0,12,8,1556.0
2238.0,37612.5376016745,2510.0,12,8,1550.0
2239.0,37641.5376016745,2516.0,12,8,1544.0
2240.0,37670.5376016745,2522.0,12,8,1538.0
2241.0,37699.5376016745,2528.0,12,8,1532.0
2242.0,37728.5376016745,2534.0,12,8,1526.0
2243.0,37757.5376016745,2540.0,12,8,1520.0
2244.0,37786.5376016745,2546.0,12,8,1514.0
2245.0,37815.5376016745,2552.0,12,8,1508.0
2246.0,37844.5376016745,2558.0,12,8,1502.0
2247.0,37873.5376016745,2564.0,12,8,1496.0
2248.0,37902.5376016745,2570.0,12,8,1490.0
2249.0,37931.5376016745,2576.0,12,8,1484.0
2250.0,37960.5376016745,2582.0,12,8,1478.0
2251.0,37989.5376016745,2588.0,12,8,1472.0
2252.0,38018.5376016745,2594.0,12,8,1466.0
2253.0,38047.5376016745,2600.0,12,8,1460.0
2254.0,38076.5376016745,2606.0,12,8,1454.0
2255.0,38105.5376016745,2612.0,12,8,1448.0
2256.0,38134.5376016745,2618.0,12,8,1442.0
2257.0,38163.53760167451,2624.0,12,8,1436.0
2258.0,38192.78760167451,2625.0,13,7,1435.0
2259.0,38222.33760167451,2625.0,13,7,1435.0
2260.0,38252.18760167451,2625.0,13,7,1435.0
2261.0,38282.33760167451,2625.0,13,7,1435.0
2262.0,38312.78760167451,2625.0,13,7,1435.0
2263.0,38343.53760167451,2625.0,13,7,1435.0
2264.0,38374.58760167451,2625.0,13,7,1435.0
2265.0,38405.93760167451,2625.0,13,7,1435.0
2266.0,38437.58760167451,2625.0,13,7,1435.0
2267.0,38468.49444394199,2625.0,13,7,1435.0
2268.0,38499.80166481261,2625.0,13,7,1435.0
2269.0,38531.51388741201,2625.0,13,7,1435.0
2270.0,38563.63629539913,2625.0,13,7,1435.0
2271.0,38596.17470334857,2625.0,13,7,1435.0
2272.0,38629.13563292655,2625.0,13,7,1435.0
2273.0,38662.50319244252,2625.0,13,7,1435.0
2274.0,38696.23136225379,2625.0,13,7,1435.0
2275.0,38730.25594771327,2625.0,13,7,1435.0
2276.0,38764.566233235266,2625.0,13,7,1435.0
2277.0,38799.11559906718,2625.0,13,7,1435.0
2278.0,38833.66911252789,2625.0,13,7,1435.0
2279.0,38868.19303417568,2625.0,13,7,1435.0
2280.0,38902.70488108298,2625.0,13,7,1435.0
2281.0,38937.22351767109,2625.0,13,7,1435.0
2282.0,38971.76933697775,2625.0,13,7,1435.0
2283.0,39006.36465587275,2625.0,13,7,1435.0
2284.0,39041.034483992094,2625.0,13,7,1435.0
2285.0,39075.80753615405,2625.0,13,7,1435.0
2286.0,39110.716145876606,2625.0,13,7,1435.0
2287.0,39145.74306790328,2625.0,13,7,1435.0
2288.0,39180.767040530714,2625.0,13,7,1435.0
2289.0,39215.81124029583,2625.0,13,7,1435.0
2290.0,39250.89424190464,2625.0,13,7,1435.0
2291.0,39286.031336599044,2625.0,13,7,1435.0
2292.0,39321.23546574761,2625.0,13,7,1435.0
2293.0,39356.517807932585,2625.0,13,7,1435.0
2294.0,39391.88815734613,2625.0,13,7,1435.0
2295.0,39427.33104230409,2625.0,13,7,1435.0
2296.0,39462.84294638722,2625.0,13,7,1435.0
2297.0,39498.40107596996,2625.0,13,7,1435.0
2298.0,39534.00159583015,2625.0,13,7,1435.0
2299.0,39569.62296909789,2625.0,13,7,1435.0
2300.0,39605.25433625251,2625.0,13,7,1435.0
2301.0,39640.89813635787,2625.0,13,7,1435.0
2302.0,39676.53802740642,2625.0,13,7,1435.0
2303.0,39712.130800920684,2625.0,13,7,1435.0
2304.0,39747.67846756087,2625.0,13,7,1435.0
2305.0,39783.182986612774,2625.0,13,7,1435.0
2306.0,39818.62471123432,2625.0,13,7,1435.0
2307.0,39853.97760136343,2625.0,13,7,1435.0
2308.0,39889.23923475453,2625.0,13,7,1435.0
2309.0,39924.395635477806,2625.0,13,7,1435.0
2310.0,39959.44890818662,2625.0,13,7,1435.0
2311.0,39994.40111544125,2625.0,13,7,1435.0
2312.0,40029.2542785508,2625.0,13,7,1435.0
2313.0,40064.01037839815,2625.0,13,7,1435.0
2314.0,40098.67135624856,2625.0,13,7,1435.0
2315.0,40133.23911454195,2625.0,13,7,1435.0
2316.0,40167.71551766948,2625.0,13,7,1435.0
2317.0,40202.10239273446,2625.0,13,7,1435.0
2318.0,40236.40153029814,2625.0,13,7,1435.0
2319.0,40270.614685110544,2625.0,13,7,1435.0
2320.0,40304.7435768267,2625.0,13,7,1435.0
2321.0,40338.78989070854,2625.0,13,7,1435.0
2322.0,40372.75527831274,2625.0,13,7,1435.0
2323.0,40406.641358164845,2625.0,13,7,1435.0
2324.0,40440.44971641992,2625.0,13,7,1435.0
2325.0,40474.1819075099,2625.0,13,7,1435.0
2326.0,40507.82518732415,2625.0,13,7,1435.0
2327.0,40541.375601542124,2625.0,13,7,1435.0
2328.0,40574.82747560016,2625.0,13,7,1435.0
2329.0,40608.170312177055,2625.0,13,7,1435.0
2330.0,40641.4062920224,2625.0,13,7,1435.0
2331.0,40674.53755227085,2625.0,13,7,1435.0
2332.0,40707.56618731432,2625.0,13,7,1435.0
2333.0,40740.49424965693,2625.0,13,7,1435.0
2334.0,40773.32375075267,2625.0,13,7,1435.0
2335.0,40806.056661826515,2625.0,13,7,1435.0
2336.0,40838.69491467887,2625.0,13,7,1435.0
2337.0,40871.240402474185,2625.0,13,7,1435.0
2338.0,40903.694980513596,2625.0,13,7,1435.0
2339.0,40936.06046699221,2625.0,13,7,1435.0
2340.0,40968.338643741256,2625.0,13,7,1435.0
2341.0,41000.53125695532,2625.0,13,7,1435.0
2342.0,41032.640017905105,2625.0,13,7,1435.0
2343.0,41064.66660363589,2625.0,13,7,1435.0
2344.0,41096.61265765206,2625.0,13,7,1435.0
2345.0,41128.47979058791,2625.0,13,7,1435.0
2346.0,41160.26958086504,2625.0,13,7,1435.0
2347.0,41191.983575336635,2625.0,13,7,1435.0
2348.0,41223.62328991879,2625.0,13,7,1435.0
2349.0,41255.1902102093,2625.0,13,7,1435.0
2350.0,41286.685792094,2625.0,13,7,1435.0
2351.0,41318.11146234101,2625.0,13,7,1435.0
2352.0,41349.468619183084,2625.0,13,7,1435.0
2353.0,41380.75863288832,2625.0,13,7,1435.0
2354.0,41411.98284631944,2625.0,13,7,1435.0
2355.0,41443.142575481936,2625.0,13,7,1435.0
2356.0,41474.23911006119,2625.0,13,7,1435.0
2357.0,41505.27371394886,2625.0,13,7,1435.0
2358.0,41536.24762575877,2625.0,13,7,1435.0
2359.0,41567.16205933248,2625.0,13,7,1435.0
2360.0,41598.01820423472,2625.0,13,7,1435.0
2361.0,41628.81722623892,2625.0,13,7,1435.0
2362.0,41659.56026780303,2625.0,13,7,1435.0
2363.0,41690.24844853586,2625.0,13,7,1435.0
2364.0,41720.882865654035,2625.0,13,7,1435.0
2365.0,41751.46459442984,2625.0,13,7,1435.0
2366.0,41781.99468863013,2625.0,13,7,1435.0
2367.0,41812.47418094643,2625.0,13,7,1435.0
2368.0,41842.90408341638,2625.0,13,7,1435.0
2369.0,41873.28538783695,2625.0,13,7,1435.0
2370.0,41903.6190661691,2625.0,13,7,1435.0
2371.0,41933.9060709346,2625.0,13,7,1435.0
2372.0,41964.1473356048,2625.0,13,7,1435.0
2373.0,41994.34377498159,2625.0,13,7,1435.0
2374.0,42024.49628557086,2625.0,13,7,1435.0
2375.0,42054.60574594833,2625.0,13,7,1435.0
2376.0,42084.67301711825,2625.0,13,7,1435.0
2377.0,42114.69894286477,2625.0,13,7,1435.0
2378.0,42144.68435009637,2625.0,13,7,1435.0
2379.0,42174.63004918333,2625.0,13,7,1435.0
2380.0,42204.536834288556,2625.0,13,7,1435.0
2381.0,42234.40548369168,2625.0,13,7,1435.0
2382.0,42264.23676010672,2625.0,13,7,1435.0
2383.0,42294.03141099349,2625.0,13,7,1435.0
2384.0,42323.790168862506,2625.0,13,7,1435.0
2385.0,42353.513751574144,2625.0,13,7,1435.0
2386.0,42383.20286263155,2625.0,13,7,1435.0
2387.0,42412.858191467814,2625.0,13,7,1435.0
2388.0,42442.48041372734,2625.0,13,7,1435.0
2389.0,42472.07019154169,2625.0,13,7,1435.0
2390.0,42501.62817379974,2625.0,13,7,1435.0
2391.0,42531.15499641264,2625.0,13,7,1435.0
2392.0,42560.65128257328,2625.0,13,7,1435.0
2393.0,42590.1176430107,2625.0,13,7,1435.0
2394.0,42619.55467623937,2625.0,13,7,1435.0
2395.0,42648.962968803484,2625.0,13,7,1435.0
2396.0,42678.34309551629,2625.0,13,7,1435.0
2397.0,42707.69561969487,2625.0,13,7,1435.0
2398.0,42737.021093389856,2625.0,13,7,1435.0
2399.0,42766.32005761095,2625.0,13,7,1435.0
2400.0,42795.59304254762,2625.0,13,7,1435.0
2401.0,42824.84056778555,2625.0,13,7,1435.0
2402.0,42854.06314251873,2625.0,13,7,1435.0
2403.0,42883.25043544601,2625.0,13,7,1435.0
2404.0,42912.331082410354,2625.0,13,7,1435.0
2405.0,42941.275045679,2625.0,13,7,1435.0
2406.0,42970.080129682276,2625.0,13,7,1435.0
2407.0,42998.74911200549,2625.0,13,7,1435.0
2408.0,43027.28471468224,2625.0,13,7,1435.0
2409.0,43055.689605305444,2625.0,13,7,1435.0
2410.0,43083.966398116194,2625.0,13,7,1435.0
2411.0,43112.11765507072,2625.0,13,7,1435.0
2412.0,43140.14588688617,2625.0,13,7,1435.0
2413.0,43168.033814568385,2625.0,13,7,1435.0
2414.0,43195.80398369696,2625.0,13,7,1435.0
2415.0,43223.45874944295,2625.0,13,7,1435.0
2416.0,43251.000419874035,2625.0,13,7,1435.0
2417.0,43278.43125689649,2625.0,13,7,1435.0
2418.0,43305.7534771785,2625.0,13,7,1435.0
2419.0,43332.969253054864,2625.0,13,7,1435.0
2420.0,43360.08071341371,2625.0,13,7,1435.0
2421.0,43387.08994456538,2625.0,13,7,1435.0
2422.0,43413.99899109401,2625.0,13,7,1435.0
2423.0,43440.80985669206,2625.0,13,7,1435.0
2424.0,43467.52450497816,2625.0,13,7,1435.0
2425.0,43494.14486029854,2625.0,13,7,1435.0
2426.0,43520.67280851251,2625.0,13,7,1435.0
2427.0,43547.11019776219,2625.0,13,7,1435.0
2428.0,43573.45883922688,2625.0,13,7,1435.0
2429.0,43599.72050786228,2625.0,13,7,1435.0
2430.0,43625.87699009187,2625.0,13,7,1435.0
2431.0,43651.95034267687,2625.0,13,7,1435.0
2432.0,43677.94222821018,2625.0,13,7,1435.0
2433.0,43703.85427603281,2625.0,13,7,1435.0
2434.0,43729.68808289899,2625.0,13,7,1435.0
2435.0,43755.44521362784,2625.0,13,7,1435.0
2436.0,43781.127201742136,2625.0,13,7,1435.0
2437.0,43806.735550094134,2625.0,13,7,1435.0
2438.0,43832.27173147908,2625.0,13,7,1435.0
2439.0,43857.73718923634,2625.0,13,7,1435.0
2440.0,43883.133337838444,2625.0,13,7,1435.0
2441.0,43908.46156346851,2625.0,13,7,1435.0
2442.0,43933.71973866954,2625.0,13,7,1435.0
2443.0,43958.89275036656,2625.0,13,7,1435.0
2444.0,43983.98230182964,2625.0,13,7,1435.0
2445.0,44008.99006226344,2625.0,13,7,1435.0
2446.0,44033.91766748858,2625.0,13,7,1435.0
2447.0,44058.766720609216,2625.0,13,7,1435.0
2448.0,44083.53879266744,2625.0,13,7,1435.0
2449.0,44108.235423284495,2625.0,13,7,1435.0
2450.0,44132.8581212892,2625.0,13,7,1435.0
2451.0,44157.40836533384,2625.0,13,7,1435.0
2452.0,44181.88760449756,2625.0,13,7,1435.0
2453.0,44206.29725887801,2625.0,13,7,1435.0
2454.0,44230.63872017086,2625.0,13,7,1435.0
2455.0,44254.91335223784,2625.0,13,7,1435.0
2456.0,44279.12249166349,2625.0,13,7,1435.0
2457.0,44303.26744830062,2625.0,13,7,1435.0
2458.0,44327.349505805025,2625.0,13,7,1435.0
2459.0,44351.369922159334,2625.0,13,7,1435.0
2460.0,44375.32993018653,2625.0,13,7,1435.0
2461.0,44399.23073805322,2625.0,13,7,1435.0
2462.0,44423.07352976256,2625.0,13,7,1435.0
2463.0,44446.85946563771,2625.0,13,7,1435.0
2464.0,44470.58968279536,2625.0,13,7,1435.0
2465.0,44494.26529560986,2625.0,13,7,1435.0
2466.0,44517.867455231084,2626.0,13,7,1434.0
2467.0,44541.37788047223,2629.0,13,7,1431.0
2468.0,44564.79833349004,2634.0,13,7,1426.0
2469.0,44588.150453422866,2640.0,13,7,1420.0
2470.0,44611.455530957035,2646.0,13,7,1414.0
2471.0,44634.71450694053,2652.0,13,7,1408.0
2472.0,44657.92830340435,2658.0,13,7,1402.0
2473.0,44681.0978239389,2664.0,13,7,1396.0
2474.0,44704.22395406275,2670.0,13,7,1390.0
2475.0,44727.30756158412,2676.0,13,7,1384.0
2476.0,44750.349496955074,2682.0,13,7,1378.0
2477.0,44773.350593618605,2688.0,13,7,1372.0
2478.0,44796.31166834886,2694.0,13,7,1366.0
2479.0,44819.233521584516,2700.0,13,7,1360.0
2480.0,44842.116937755454,2706.0,13,7,1354.0
2481.0,44864.96268560298,2712.0,13,7,1348.0
2482.0,44887.771518493544,2718.0,13,7,1342.0
2483.0,44910.54417472632,2724.0,13,7,1336.0
2484.0,44933.28137783441,2730.0,13,7,1330.0
2485.0,44955.983836880354,2736.0,13,7,1324.0
2486.0,44978.65224674537,2742.0,13,7,1318.0
2487.0,45001.2872884131,2748.0,13,7,1312.0
2488.0,45023.889629247475,2754.0,13,7,1306.0
2489.0,45046.45992326515,2760.0,13,7,1300.0
2490.0,45068.99881140248,2766.0,13,7,1294.0
2491.0,45091.50692177706,2772.0,13,7,1288.0
2492.0,45113.98486994415,2778.0,13,7,1282.0
2493.0,45136.433259147896,2784.0,13,7,1276.0
2494.0,45158.85268056757,2790.0,13,7,1270.0
2495.0,45181.22375617794,2796.0,13,7,1264.0
2496.0,45203.56741027609,2802.0,13,7,1258.0
2497.0,45225.88419129228,2808.0,13,7,1252.0
2498.0,45248.174636688156,2814.0,13,7,1246.0
2499.0,45270.43927317611,2820.0,13,7,1240.0
2500.0,45292.678616934296,2826.0,13,7,1234.0
2501.0,45314.89317381733,2832.0,13,7,1228.0
2502.0,45337.06366844275,2835.0,14,6,1225.0
2503.0,45359.360753175686,2835.0,14,6,1225.0
2504.0,45381.934896213956,2835.0,14,6,1225.0
2505.0,45404.78655639147,2835.0,14,6,1225.0
2506.0,45427.9161833654,2835.0,14,6,1225.0
2507.0,45451.324217799876,2835.0,14,6,1225.0
2508.0,45475.01109154567,2835.0,14,6,1225.0
2509.0,45498.977227816526,2835.0,14,6,1225.0
2510.0,45523.22304136198,2835.0,14,6,1225.0
2511.0,45547.74893863653,2835.0,14,6,1225.0
2512.0,45572.55531796557,2835.0,14,6,1225.0
2513.0,45597.64256970804,2835.0,14,6,1225.0
2514.0,45623.01107641567,2835.0,14,6,1225.0
2515.0,45648.66121298914,2835.0,14,6,1225.0
2516.0,45674.59334683113,2835.0,14,6,1225.0
2517.0,45700.8078379963,2835.0,14,6,1225.0
2518.0,45727.30503933815,2835.0,14,6,1225.0
2519.0,45754.06532602597,2835.0,14,6,1225.0
2520.0,45781.10940698004,2835.0,14,6,1225.0
2521.0,45808.437606315005,2835.0,14,6,1225.0
2522.0,45836.03053671717,2837.0,14,6,1223.0
2523.0,45863.758608511285,2843.0,14,6,1217.0
2524.0,45891.47211886953,2849.0,14,6,1211.0
2525.0,45919.171359020605,2855.0,14,6,1205.0
2526.0,45946.85661436866,2861.0,14,6,1199.0
2527.0,45974.52816460975,2867.0,14,6,1193.0
2528.0,46002.186283846015,2873.0,14,6,1187.0
2529.0,46029.831240697575,2879.0,14,6,1181.0
2530.0,46057.46329841208,2885.0,14,6,1175.0
2531.0,46085.082714972305,2891.0,14,6,1169.0
2532.0,46112.68974320133,2897.0,14,6,1163.0
2533.0,46140.28463086577,2903.0,14,6,1157.0
2534.0,46167.86762077692,2909.0,14,6,1151.0
2535.0,46195.43895088984,2915.0,14,6,1145.0
2536.0,46222.99885440051,2921.0,14,6,1139.0
2537.0,46250.547559840976,2927.0,14,6,1133.0
2538.0,46278.08529117262,2933.0,14,6,1127.0
2539.0,46305.61226787764,2939.0,14,6,1121.0
2540.0,46333.12870504854,2945.0,14,6,1115.0
2541.0,46360.634813476034,2951.0,14,6,1109.0
2542.0,46388.13079973499,2957.0,14,6,1103.0
2543.0,46415.616866268756,2963.0,14,6,1097.0
2544.0,46443.09321147185,2969.0,14,6,1091.0
2545.0,46470.56002977087,2975.0,14,6,1085.0
2546.0,46498.017511703925,2981.0,14,6,1079.0
2547.0,46525.46584399831,2987.0,14,6,1073.0
2548.0,46552.90520964681,2993.0,14,6,1067.0
2549.0,46580.33578798234,2999.0,14,6,1061.0
2550.0,46607.75775475116,3005.0,14,6,1055.0
2551.0,46635.171282184594,3011.0,14,6,1049.0
2552.0,46662.57653906937,3017.0,14,6,1043.0
2553.0,46689.97369081646,3023.0,14,6,1037.0
2554.0,46717.36289952859,3029.0,14,6,1031.0
2555.0,46744.74432406649,3035.0,14,6,1025.0
2556.0,46772.11812011363,3041.0,14,6,1019.0
2557.0,46799.58444023983,3045.0,15,5,1015.0
2558.0,46827.343433963484,3045.0,15,5,1015.0
2559.0,46855.39524781268,3045.0,15,5,1015.0
2560.0,46883.740025384905,3045.0,15,5,1015.0
2561.0,46912.377907405666,3045.0,15,5,1015.0
2562.0,46941.30903178602,3045.0,15,5,1015.0
2563.0,46970.53353367877,3045.0,15,5,1015.0
2564.0,47000.05154553366,3045.0,15,5,1015.0
2565.0,47029.86319715145,3045.0,15,5,1015.0
2566.0,47059.968615736885,3045.0,15,5,1015.0
2567.0,47090.36792595061,3045.0,15,5,1015.0
2568.0,47121.06124996006,3045.0,15,5,1015.0
2569.0,47152.048707489324,3045.0,15,5,1015.0
2570.0,47183.33041586801,3045.0,15,5,1015.0
2571.0,47214.90649007912,3045.0,15,5,1015.0
2572.0,47246.777042805996,3045.0,15,5,1015.0
2573.0,47278.94218447835,3045.0,15,5,1015.0
2574.0,47311.40202331725,3045.0,15,5,1015.0
2575.0,47344.15666537937,3045.0,15,5,1015.0
2576.0,47377.20621460025,3045.0,15,5,1015.0
2577.0,47410.45077283671,3045.0,15,5,1015.0
2578.0,47443.69043990844,3045.0,15,5,1015.0
2579.0,47476.92531363874,3045.0,15,5,1015.0
2580.0,47510.15548989444,3045.0,15,5,1015.0
2581.0,47543.38106262501,3045.0,15,5,1015.0
2582.0,47576.60212390098,3045.0,15,5,1015.0
2583.0,47609.818763951414,3045.0,15,5,1015.0
2584.0,47643.031071200865,3045.0,15,5,1015.0
2585.0,47676.23913230531,3045.0,15,5,1015.0
2586.0,47709.44303218767,3045.0,15,5,1015.0
2587.0,47742.64285407239,3045.0,15,5,1015.0
2588.0,47775.8386795194,3045.0,15,5,1015.0
2589.0,47809.03058845748,3045.0,15,5,1015.0
2590.0,47842.21865921679,3045.0,15,5,1015.0
2591.0,47875.40296856093,3045.0,15,5,1015.0
2592.0,47908.58359171818,3045.0,15,5,1015.0
2593.0,47941.76060241227,3045.0,15,5,1015.0
2594.0,47974.934072892494,3045.0,15,5,1015.0
2595.0,48008.10407396312,3045.0,15,5,1015.0
2596.0,48041.27067501232,3045.0,15,5,1015.0
2597.0,48074.354616198514,3049.0,15,5,1011.0
2598.0,48107.39724972417,3055.0,15,5,1005.0
2599.0,48140.43903057932,3061.0,15,5,999.0
2600.0,48173.47997581736,3067.0,15,5,993.0
2601.0,48206.520102150644,3073.0,15,5,987.0
2602.0,48239.55942595726,3079.0,15,5,981.0
2603.0,48272.59796328774,3085.0,15,5,975.0
2604.0,48305.63572987162,3091.0,15,5,969.0
2605.0,48338.657308274385,3097.0,15,5,963.0
2606.0,48371.61288143176,3103.0,15,5,957.0
2607.0,48404.45214571404,3109.0,15,5,951.0
2608.0,48437.174624710686,3115.0,15,5,945.0
2609.0,48469.78265412736,3121.0,15,5,939.0
2610.0,48502.27852295573,3127.0,15,5,933.0
2611.0,48534.66447440751,3133.0,15,5,927.0
2612.0,48566.94270683028,3139.0,15,5,921.0
2613.0,48599.11537460458,3145.0,15,5,915.0
2614.0,48631.18458902339,3151.0,15,5,909.0
2615.0,48663.15241915383,3157.0,15,5,903.0
2616.0,48695.02089268166,3163.0,15,5,897.0
2617.0,48726.79199673893,3169.0,15,5,891.0
2618.0,48758.46767871506,3175.0,15,5,885.0
2619.0,48790.04984705166,3181.0,15,5,879.0
2620.0,48821.54037202154,3187.0,15,5,873.0
2621.0,48852.94108649202,3193.0,15,5,867.0
2622.0,48884.25378667308,3199.0,15,5,861.0
2623.0,48915.48023285053,3205.0,15,5,855.0
2624.0,48946.62215010442,3211.0,15,5,849.0
2625.0,48977.68122901325,3217.0,15,5,843.0
2626.0,49008.65912634388,3223.0,15,5,837.0
2627.0,49039.55746572793,3229.0,15,5,831.0
2628.0,49070.37783832426,3235.0,15,5,825.0
2629.0,49101.12180346869,3241.0,15,5,819.0
2630.0,49131.79088931022,3247.0,15,5,813.0
2631.0,49162.386593434916,3253.0,15,5,807.0
2632.0,49192.91038347712,3255.0,16,4,805.0
2633.0,49223.5636977185,3255.0,16,4,805.0
2634.0,49254.44794567502,3255.0,16,4,805.0
2635.0,49285.56450867244,3255.0,16,4,805.0
2636.0,49316.914740409906,3255.0,16,4,805.0
2637.0,49348.49996751261,3255.0,16,4,805.0
2638.0,49380.32149007326,3255.0,16,4,805.0
2639.0,49412.38058218269,3255.0,16,4,805.0
2640.0,49444.678492449944,3255.0,16,4,805.0
2641.0,49477.21644451187,3255.0,16,4,805.0
2642.0,49509.99563753253,3255.0,16,4,805.0
2643.0,49543.01724669278,3255.0,16,4,805.0
2644.0,49576.282423669836,3255.0,16,4,805.0
2645.0,49609.79229710735,3255.0,16,4,805.0
2646.0,49643.54797307611,3255.0,16,4,805.0
2647.0,49677.55053552549,3255.0,16,4,805.0
2648.0,49711.80104672589,3255.0,16,4,805.0
2649.0,49746.30054770228,3255.0,16,4,805.0
2650.0,49781.05005865913,3255.0,16,4,805.0
2651.0,49816.05057939688,3255.0,16,4,805.0
2652.0,49851.30308971985,3255.0,16,4,805.0
2653.0,49886.608549836346,3255.0,16,4,805.0
2654.0,49921.86790075053,3255.0,16,4,805.0
2655.0,49957.08206464643,3255.0,16,4,805.0
2656.0,49992.251945264405,3255.0,16,4,805.0
2657.0,50027.378428270014,3255.0,16,4,805.0
2658.0,50062.462381615536,3255.0,16,4,805.0
2659.0,50097.50465589413,3255.0,16,4,805.0
2660.0,50132.50608468715,3255.0,16,4,805.0
2661.0,50167.467484904315,3255.0,16,4,805.0
2662.0,50202.38965711714,3255.0,16,4,805.0
2663.0,50237.273385885695,3255.0,16,4,805.0
2664.0,50272.11944007889,3255.0,16,4,805.0
2665.0,50306.92857318822,3255.0,16,4,805.0
2666.0,50341.70152363537,3255.0,16,4,805.0
2667.0,50376.43901507356,3255.0,16,4,805.0
2668.0,50411.14175668301,3255.0,16,4,805.0
2669.0,50445.81044346026,3255.0,16,4,805.0
2670.0,50480.44575650195,3255.0,16,4,805.0
2671.0,50515.048363282825,3255.0,16,4,805.0
2672.0,50549.61891792807,3255.0,16,4,805.0
2673.0,50584.15806148041,3255.0,16,4,805.0
2674.0,50618.66642216172,3255.0,16,4,805.0
2675.0,50653.144615629375,3255.0,16,4,805.0
2676.0,50687.5932452277,3255.0,16,4,805.0
2677.0,50722.01290223406,3255.0,16,4,805.0
2678.0,50756.40416610028,3255.0,16,4,805.0
2679.0,50790.76760468919,3255.0,16,4,805.0
2680.0,50825.103774506315,3255.0,16,4,805.0
2681.0,50859.4132209271,3255.0,16,4,805.0
2682.0,50893.69647841946,3255.0,16,4,805.0
2683.0,50927.95407076197,3255.0,16,4,805.0
2684.0,50962.18651125765,3255.0,16,4,805.0
2685.0,50996.3943029434,3255.0,16,4,805.0
2686.0,51030.57793879544,3255.0,16,4,805.0
2687.0,51064.737901930435,3255.0,16,4,805.0
2688.0,51098.874665802745,3255.0,16,4,805.0
2689.0,51132.98869439759,3255.0,16,4,805.0
2690.0,51167.08044242054,3255.0,16,4,805.0
2691.0,51201.15035548303,3255.0,16,4,805.0
2692.0,51235.19887028429,3255.0,16,4,805.0
2693.0,51269.2264147895,3255.0,16,4,805.0
2694.0,51303.23340840462,3255.0,16,4,805.0
2695.0,51337.22026214744,3255.0,16,4,805.0
2696.0,51371.1873788154,3255.0,16,4,805.0
2697.0,51405.13515314998,3255.0,16,4,805.0
2698.0,51439.06397199791,3255.0,16,4,805.0
2699.0,51472.97421446886,3255.0,16,4,805.0
2700.0,51506.866252090374,3255.0,16,4,805.0
2701.0,51540.740448959485,3255.0,16,4,805.0
2702.0,51574.5971618912,3255.0,16,4,805.0
2703.0,51608.43674056428,3255.0,16,4,805.0
2704.0,51642.25952766391,3255.0,16,4,805.0
2705.0,51676.06585902154,3255.0,16,4,805.0
2706.0,51709.856063752,3255.0,16,4,805.0
2707.0,51743.63046438787,3255.0,16,4,805.0
2708.0,51777.389377011015,3255.0,16,4,805.0
2709.0,51811.133111381714,3255.0,16,4,805.0
2710.0,51844.86197106499,3255.0,16,4,805.0
2711.0,51878.5762535546,3255.0,16,4,805.0
2712.0,51912.2762503944,3255.0,16,4,805.0
2713.0,51945.962247297415,3255.0,16,4,805.0
2714.0,51979.63452426237,3255.0,16,4,805.0
2715.0,52013.29335568803,3255.0,16,4,805.0
2716.0,52046.93901048519,3255.0,16,4,805.0
2717.0,52080.571752186384,3255.0,16,4,805.0
2718.0,52114.19183905357,3255.0,16,4,805.0
2719.0,52147.79952418341,3255.0,16,4,805.0
2720.0,52181.39505561065,3255.0,16,4,805.0
2721.0,52214.97867640934,3255.0,16,4,805.0
2722.0,52248.55062479206,3255.0,16,4,805.0
2723.0,52282.11113420713,3255.0,16,4,805.0
2724.0,52315.66043343389,3255.0,16,4,805.0
2725.0,52349.19874667611,3255.0,16,4,805.0
2726.0,52382.71386522712,3255.0,16,4,805.0
2727.0,52416.19868140711,3255.0,16,4,805.0
2728.0,52449.6538012635,3255.0,16,4,805.0
2729.0,52483.079818722756,3255.0,16,4,805.0
2730.0,52516.47731583284,3255.0,16,4,805.0
2731.0,52549.8468630007,3255.0,16,4,805.0
2732.0,52583.189019225225,3255.0,16,4,805.0
2733.0,52616.50433232525,3255.0,16,4,805.0
2734.0,52649.79333916327,3255.0,16,4,805.0
2735.0,52683.05656586455,3255.0,16,4,805.0
2736.0,52716.29452803177,3255.0,16,4,805.0
2737.0,52749.50773095568,3255.0,16,4,805.0
2738.0,52782.69666982109,3255.0,16,4,805.0
2739.0,52815.8618299092,3255.0,16,4,805.0
2740.0,52849.00368679554,3255.0,16,4,805.0
2741.0,52882.12270654416,3255.0,16,4,805.0
2742.0,52915.21934589781,3255.0,16,4,805.0
2743.0,52948.294052464385,3255.0,16,4,805.0
2744.0,52981.34726489962,3255.0,16,4,805.0
2745.0,53014.37941308618,3255.0,16,4,805.0
2746.0,53047.39091830898,3255.0,16,4,805.0
2747.0,53080.38219342732,3255.0,16,4,805.0
2748.0,53113.3536430433,3255.0,16,4,805.0
2749.0,53146.30566366697,3255.0,16,4,805.0
2750.0,53179.23864387816,3255.0,16,4,805.0
2751.0,53212.152964485125,3255.0,16,4,805.0
2752.0,53245.048998679966,3255.0,16,4,805.0
2753.0,53277.9271121909,3255.0,16,4,805.0
2754.0,53310.787663431605,3255.0,16,4,805.0
2755.0,53343.6310036475,3255.0,16,4,805.0
2756.0,53376.45747705908,3255.0,16,4,805.0
2757.0,53409.26742100243,3255.0,16,4,805.0
2758.0,53442.06116606692,3255.0,16,4,805.0
2759.0,53474.83903623011,3255.0,16,4,805.0
2760.0,53507.60134899003,3255.0,16,4,805.0
2761.0,53540.34841549475,3255.0,16,4,805.0
2762.0,53573.08054066939,3255.0,16,4,805.0
2763.0,53605.79802334054,3255.0,16,4,805.0
2764.0,53638.501156358245,3255.0,16,4,805.0
2765.0,53671.19022671562,3255.0,16,4,805.0
2766.0,53703.865515665835,3255.0,16,4,805.0
2767.0,53736.52729883705,3255.0,16,4,805.0
2768.0,53769.202990829064,3255.0,16,4,805.0
2769.0,53801.81092786147,3255.0,16,4,805.0
2770.0,53834.36025811747,3255.0,16,4,805.0
2771.0,53866.86134215585,3255.0,16,4,805.0
2772.0,53899.32574383112,3255.0,16,4,805.0
2773.0,53931.76604193867,3255.0,16,4,805.0
2774.0,53964.195442787925,3255.0,16,4,805.0
2775.0,53996.617980963296,3255.0,16,4,805.0
2776.0,54029.000128426174,3255.0,16,4,805.0
2777.0,54061.30144318201,3255.0,16,4,805.0
2778.0,54093.52524101795,3255.0,16,4,805.0
2779.0,54125.68448926739,3255.0,16,4,805.0
2780.0,54157.791499013714,3255.0,16,4,805.0
2781.0,54189.85815282499,3255.0,16,4,805.0
2782.0,54221.889922439084,3255.0,16,4,805.0
2783.0,54253.88622526061,3255.0,16,4,805.0
2784.0,54285.85735095299,3255.0,16,4,805.0
2785.0,54317.81446030401,3255.0,16,4,805.0
2786.0,54349.7696066198,3255.0,16,4,805.0
2787.0,54381.711944442206,3255.0,16,4,805.0
2788.0,54413.60347092837,3255.0,16,4,805.0
2789.0,54445.45549793839,3255.0,16,4,805.0
2790.0,54477.2782672613,3255.0,16,4,805.0
2791.0,54509.08057296455,3255.0,16,4,805.0
2792.0,54540.86974398494,3255.0,16,4,805.0
2793.0,54572.61818594968,3255.0,16,4,805.0
2794.0,54604.317099276406,3255.0,16,4,805.0
2795.0,54635.97052586678,3255.0,16,4,805.0
2796.0,54667.58193898649,3255.0,16,4,805.0
2797.0,54699.15438253593,3255.0,16,4,805.0
2798.0,54730.670626162326,3256.0,16,4,804.0
2799.0,54762.113605353086,3259.0,16,4,801.0
2800.0,54793.46690057153,3265.0,16,4,795.0
2801.0,54824.79312790828,3271.0,16,4,789.0
2802.0,54856.0942153408,3277.0,16,4,783.0
2803.0,54887.37198361748,3283.0,16,4,777.0
2804.0,54918.62816292419,3289.0,16,4,771.0
2805.0,54949.86440570387,3295.0,16,4,765.0
2806.0,54981.082296647255,3301.0,16,4,759.0
2807.0,55012.26057310678,3307.0,16,4,753.0
2808.0,55043.37528403715,3313.0,16,4,747.0
2809.0,55074.42770074889,3319.0,16,4,741.0
2810.0,55105.4190691264,3325.0,16,4,735.0
2811.0,55136.35061013637,3331.0,16,4,729.0
2812.0,55167.22352032613,3337.0,16,4,723.0
2813.0,55198.03897231208,3343.0,16,4,717.0
2814.0,55228.798115258345,3349.0,16,4,711.0
2815.0,55259.502075345656,3355.0,16,4,705.0
2816.0,55290.15195623124,3361.0,16,4,699.0
2817.0,55320.7488394991,3367.0,16,4,693.0
2818.0,55351.28462084226,3373.0,16,4,687.0
2819.0,55381.74968655856,3379.0,16,4,681.0
2820.0,55412.14545096053,3385.0,16,4,675.0
2821.0,55442.47330007445,3391.0,16,4,669.0
2822.0,55472.734592206114,3397.0,16,4,663.0
2823.0,55502.930658495134,3403.0,16,4,657.0
2824.0,55533.06280345837,3409.0,16,4,651.0
2825.0,55563.13230552234,3415.0,16,4,645.0
2826.0,55593.14041754504,3421.0,16,4,639.0
2827.0,55623.088367327284,3427.0,16,4,633.0
2828.0,55652.97735811388,3433.0,16,4,627.0
2829.0,55682.80856908473,3439.0,16,4,621.0
2830.0,55712.583155836175,3445.0,16,4,615.0
2831.0,55742.30225085261,3451.0,16,4,609.0
2832.0,55771.96696396868,3457.0,16,4,603.0
2833.0,55801.57838282246,3463.0,16,4,597.0
2834.0,55831.13757329915,3465.0,17,3,595.0
2835.0,55860.845579966306,3465.0,17,3,595.0
2836.0,55890.80342650011,3465.0,17,3,595.0
2837.0,55921.01211610326,3465.0,17,3,595.0
2838.0,55951.472631914345,3465.0,17,3,595.0
2839.0,55982.185937409195,3465.0,17,3,595.0
2840.0,56013.15297679414,3465.0,17,3,595.0
2841.0,56044.374675391395,3465.0,17,3,595.0
2842.0,56075.85194001671,3465.0,17,3,595.0
2843.0,56107.58565934952,3465.0,17,3,595.0
2844.0,56139.576704295694,3465.0,17,3,595.0
2845.0,56171.82592834289,3465.0,17,3,595.0
2846.0,56204.33416790919,3465.0,17,3,595.0
2847.0,56237.10224268414,3465.0,17,3,595.0
2848.0,56270.13095596361,3465.0,17,3,595.0
2849.0,56303.42109497748,3465.0,17,3,595.0
2850.0,56336.97343121107,3465.0,17,3,595.0
2851.0,56370.788720719975,3465.0,17,3,595.0
2852.0,56404.867704438715,3465.0,17,3,595.0
2853.0,56439.21110848309,3465.0,17,3,595.0
2854.0,56473.819644446594,3465.0,17,3,595.0
2855.0,56508.489066492606,3465.0,17,3,595.0
2856.0,56543.10510009773,3465.0,17,3,595.0
2857.0,56577.66881303072,3465.0,17,3,595.0
2858.0,56612.181251705064,3465.0,17,3,595.0
2859.0,56646.64344160594,3465.0,17,3,595.0
2860.0,56681.056387708784,3465.0,17,3,595.0
2861.0,56715.42107488957,3465.0,17,3,595.0
2862.0,56749.738468326745,3465.0,17,3,595.0
2863.0,56784.00951389518,3465.0,17,3,595.0
2864.0,56818.235138552234,3465.0,17,3,595.0
2865.0,56852.41625071615,3465.0,17,3,595.0
2866.0,56886.5537406368,3465.0,17,3,595.0
2867.0,56920.64848075903,3465.0,17,3,595.0
2868.0,56954.70132607882,3465.0,17,3,595.0
2869.0,56988.713114492195,3465.0,17,3,595.0
2870.0,57022.68466713731,3465.0,17,3,595.0
2871.0,57056.61678872954,3465.0,17,3,595.0
2872.0,57090.51026788992,3465.0,17,3,595.0
2873.0,57124.36587746709,3465.0,17,3,595.0
2874.0,57158.184374852695,3465.0,17,3,595.0
2875.0,57191.96650229061,3465.0,17,3,595.0
2876.0,57225.71298717976,3465.0,17,3,595.0
2877.0,57259.424542371125,3465.0,17,3,595.0
2878.0,57293.10186645867,3465.0,17,3,595.0
2879.0,57326.74564406447,3465.0,17,3,595.0
2880.0,57360.356546118135,3465.0,17,3,595.0
2881.0,57393.93523013075,3465.0,17,3,595.0
2882.0,57427.48234046309,3465.0,17,3,595.0
2883.0,57460.99850858879,3465.0,17,3,595.0
2884.0,57494.48435335199,3465.0,17,3,595.0
2885.0,57527.94048121991,3465.0,17,3,595.0
2886.0,57561.36096819662,3465.0,17,3,595.0
2887.0,57594.733045433786,3465.0,17,3,595.0
2888.0,57628.057681126236,3465.0,17,3,595.0
2889.0,57661.33582410481,3465.0,17,3,595.0
2890.0,57694.568404223835,3465.0,17,3,595.0
2891.0,57727.756332740464,3465.0,17,3,595.0
2892.0,57760.900502686774,3465.0,17,3,595.0
2893.0,57794.00178923415,3465.0,17,3,595.0
2894.0,57827.06105005056,3465.0,17,3,595.0
2895.0,57860.07912565066,3465.0,17,3,595.0
2896.0,57893.05683973877,3465.0,17,3,595.0
2897.0,57925.994999545095,3465.0,17,3,595.0
2898.0,57958.894396155316,3465.0,17,3,595.0
2899.0,57991.75580483331,3465.0,17,3,595.0
2900.0,58024.57998533777,3465.0,17,3,595.0
2901.0,58057.36768223211,3465.0,17,3,595.0
2902.0,58090.119625188585,3465.0,17,3,595.0
2903.0,58122.83652928592,3465.0,17,3,595.0
2904.0,58155.51909530131,3465.0,17,3,595.0
2905.0,58188.1680099964,3465.0,17,3,595.0
2906.0,58220.783946397576,3465.0,17,3,595.0
2907.0,58253.36756407074,3465.0,17,3,595.0
2908.0,58285.919509390435,3465.0,17,3,595.0
2909.0,58318.440415803736,3465.0,17,3,595.0
2910.0,58350.92605465897,3465.0,17,3,595.0
2911.0,58383.36198073712,3465.0,17,3,595.0
2912.0,58415.74918829369,3465.0,17,3,595.0
2913.0,58448.08865169914,3465.0,17,3,595.0
2914.0,58480.38132583647,3465.0,17,3,595.0
2915.0,58512.62814649106,3465.0,17,3,595.0
2916.0,58544.830030732555,3465.0,17,3,595.0
2917.0,58576.98787728922,3465.0,17,3,595.0
2918.0,58609.10256691476,3465.0,17,3,595.0
2919.0,58641.17496274778,3465.0,17,3,595.0
2920.0,58673.20591066414,3465.0,17,3,595.0
2921.0,58705.19623962217,3465.0,17,3,595.0
2922.0,58737.146762001044,3465.0,17,3,595.0
2923.0,58769.05827393236,3465.0,17,3,595.0
2924.0,58800.93155562502,3465.0,17,3,595.0
2925.0,58832.76737168383,3465.0,17,3,595.0
2926.0,58864.56647142148,3465.0,17,3,595.0
2927.0,58896.32958916436,3465.0,17,3,595.0
2928.0,58928.05744455241,3465.0,17,3,595.0
2929.0,58959.75074283267,3465.0,17,3,595.0
2930.0,58991.41017514733,3465.0,17,3,595.0
2931.0,59023.03641881568,3465.0,17,3,595.0
2932.0,59054.63013761069,3465.0,17,3,595.0
2933.0,59086.191982029806,3465.0,17,3,595.0
2934.0,59117.72258956053,3465.0,17,3,595.0
2935.0,59149.22258494062,3465.0,17,3,595.0
2936.0,59180.69258041314,3465.0,17,3,595.0
2937.0,59212.133175976196,3465.0,17,3,595.0
2938.0,59243.54495962798,3465.0,17,3,595.0
2939.0,59274.92850760674,3465.0,17,3,595.0
2940.0,59306.28438462593,3465.0,17,3,595.0
2941.0,59337.613144104726,3465.0,17,3,595.0
2942.0,59368.91532839395,3465.0,17,3,595.0
2943.0,59400.19146899739,3465.0,17,3,595.0
2944.0,59431.44208678876,3465.0,17,3,595.0
2945.0,59462.66769222429,3465.0,17,3,595.0
2946.0,59493.86878555112,3465.0,17,3,595.0
2947.0,59525.04585701143,3465.0,17,3,595.0
2948.0,59556.199387042514,3465.0,17,3,595.0
2949.0,59587.32984647299,3465.0,17,3,595.0
2950.0,59618.43769671485,3465.0,17,3,595.0
2951.0,59649.523389951864,3465.0,17,3,595.0
2952.0,59680.58736932414,3465.0,17,3,595.0
2953.0,59711.63006910898,3465.0,17,3,595.0
2954.0,59742.65191489811,3465.0,17,3,595.0
2955.0,59773.65332377148,3465.0,17,3,595.0
2956.0,59804.63470446737,3465.0,17,3,595.0
2957.0,59835.59645754934,3465.0,17,3,595.0
2958.0,59866.53897556967,3465.0,17,3,595.0
2959.0,59897.46264322959,3465.0,17,3,595.0
2960.0,59928.36783753631,3465.0,17,3,595.0
2961.0,59959.254927956914,3465.0,17,3,595.0
2962.0,59990.12427656908,3465.0,17,3,595.0
2963.0,60020.97623820903,3465.0,17,3,595.0
2964.0,60051.81116061616,3465.0,17,3,595.0
2965.0,60082.62938457516,3465.0,17,3,595.0
2966.0,60113.43124405497,3465.0,17,3,595.0
2967.0,60144.21706634519,3465.0,17,3,595.0
2968.0,60174.987172189605,3465.0,17,3,595.0
2969.0,60205.70228965029,3467.0,17,3,593.0
2970.0,60236.343904719106,3472.0,17,3,588.0
2971.0,60266.953039567336,3478.0,17,3,582.0
2972.0,60297.54999171861,3484.0,17,3,576.0
2973.0,60328.135004826865,3490.0,17,3,570.0
2974.0,60358.70831767295,3496.0,17,3,564.0
2975.0,60389.27016426209,3502.0,17,3,558.0
2976.0,60419.82077391948,3508.0,17,3,552.0
2977.0,60450.36037138371,3514.0,17,3,546.0
2978.0,60480.88917689864,3520.0,17,3,540.0
2979.0,60511.4074063033,3526.0,17,3,534.0
2980.0,60541.91527111983,3532.0,17,3,528.0
2981.0,60572.412978640066,3538.0,17,3,522.0
2982.0,60602.90073200989,3544.0,17,3,516.0
2983.0,60633.378730312295,3550.0,17,3,510.0
2984.0,60663.847168648674,3556.0,17,3,504.0
2985.0,60694.30623821833,3562.0,17,3,498.0
2986.0,60724.75612639657,3568.0,17,3,492.0
2987.0,60755.19701681126,3574.0,17,3,486.0
2988.0,60785.62908941765,3580.0,17,3,480.0
2989.0,60816.05252057192,3586.0,17,3,474.0
2990.0,60846.46748310309,3592.0,17,3,468.0
2991.0,60876.87414638364,3598.0,17,3,462.0
2992.0,60907.27267639861,3604.0,17,3,456.0
2993.0,60937.66323581325,3610.0,17,3,450.0
2994.0,60968.0459840396,3616.0,17,3,444.0
2995.0,60998.421077301435,3622.0,17,3,438.0
2996.0,61028.78866869802,3628.0,17,3,432.0
2997.0,61059.14890826668,3634.0,17,3,426.0
2998.0,61089.50194304395,3640.0,17,3,420.0
2999.0,61119.847917125706,3646.0,17,3,414.0
3000.0,61150.17967691883,3652.0,17,3,408.0
3001.0,61180.48480151612,3658.0,17,3,402.0
3002.0,61210.76382362144,3664.0,17,3,396.0
3003.0,61241.01726528466,3670.0,17,3,390.0
3004.0,61271.106055255055,3675.0,18,2,385.0
3005.0,61301.057883220004,3675.0,18,2,385.0
3006.0,61331.16464953967,3675.0,18,2,385.0
3007.0,61361.43078378403,3675.0,18,2,385.0
3008.0,61391.860179655894,3675.0,18,2,385.0
3009.0,61422.45702467032,3675.0,18,2,385.0
3010.0,61453.225952520304,3675.0,18,2,385.0
3011.0,61484.17213558872,3675.0,18,2,385.0
3012.0,61515.30137143238,3675.0,18,2,385.0
3013.0,61546.620173814394,3675.0,18,2,385.0
3014.0,61578.13587147667,3675.0,18,2,385.0
3015.0,61609.85671602354,3675.0,18,2,385.0
3016.0,61641.79199961935,3675.0,18,2,385.0
3017.0,61673.952182308916,3675.0,18,2,385.0
3018.0,61706.34902649569,3675.0,18,2,385.0
3019.0,61738.995733177086,3675.0,18,2,385.0
3020.0,61771.907088166416,3675.0,18,2,385.0
3021.0,61805.09977410023,3675.0,18,2,385.0
3022.0,61838.59412704897,3675.0,18,2,385.0
3023.0,61872.42670942493,3675.0,18,2,385.0
3024.0,61906.65975432169,3675.0,18,2,385.0
3025.0,61941.24627307505,3675.0,18,2,385.0
3026.0,61975.93324206133,3675.0,18,2,385.0
3027.0,62010.732655998014,3675.0,18,2,385.0
3028.0,62045.654182869,3675.0,18,2,385.0
3029.0,62080.7058343355,3675.0,18,2,385.0
3030.0,62115.89433384708,3675.0,18,2,385.0
3031.0,62151.22537590528,3675.0,18,2,385.0
3032.0,62186.703823136224,3675.0,18,2,385.0
3033.0,62222.321254260234,3675.0,18,2,385.0
3034.0,62258.05833780096,3675.0,18,2,385.0
3035.0,62293.917182254074,3675.0,18,2,385.0
3036.0,62329.89961418489,3675.0,18,2,385.0
3037.0,62366.007228850125,3675.0,18,2,385.0
3038.0,62402.2149305267,3675.0,18,2,385.0
3039.0,62438.5072874752,3675.0,18,2,385.0
3040.0,62474.88486596779,3675.0,18,2,385.0
3041.0,62511.34818096204,3675.0,18,2,385.0
3042.0,62547.8592672402,3675.0,18,2,385.0
3043.0,62584.40741025713,3675.0,18,2,385.0
3044.0,62620.93031325671,3675.0,18,2,385.0
3045.0,62657.422758196306,3675.0,18,2,385.0
3046.0,62693.88535423711,3675.0,18,2,385.0
3047.0,62730.3186983571,3675.0,18,2,385.0
3048.0,62766.72337559468,3675.0,18,2,385.0
3049.0,62803.099959287516,3675.0,18,2,385.0
3050.0,62839.44901130651,3675.0,18,2,385.0
3051.0,62875.77108228511,3675.0,18,2,385.0
3052.0,62912.06671184413,3675.0,18,2,385.0
3053.0,62948.33642881198,3675.0,18,2,385.0
3054.0,62984.580751440466,3675.0,18,2,385.0
3055.0,63020.791260088896,3675.0,18,2,385.0
3056.0,63056.95755856435,3675.0,18,2,385.0
3057.0,63093.080531070285,3675.0,18,2,385.0
3058.0,63129.161044126115,3675.0,18,2,385.0
3059.0,63165.19994692084,3675.0,18,2,385.0
3060.0,63201.198071659666,3675.0,18,2,385.0
3061.0,63237.1562339037,3675.0,18,2,385.0
3062.0,63273.075232902855,3675.0,18,2,385.0
3063.0,63308.95585192204,3675.0,18,2,385.0
3064.0,63344.798858560825,3675.0,18,2,385.0
3065.0,63380.60500506684,3675.0,18,2,385.0
3066.0,63416.375028642724,3675.0,18,2,385.0
3067.0,63452.10965174712,3675.0,18,2,385.0
3068.0,63487.80958238941,3675.0,18,2,385.0
3069.0,63523.47551441885,3675.0,18,2,385.0
3070.0,63559.10812780772,3675.0,18,2,385.0
3071.0,63594.70808892879,3675.0,18,2,385.0
3072.0,63630.27605082746,3675.0,18,2,385.0
3073.0,63665.81265348814,3675.0,18,2,385.0
3074.0,63701.318524095586,3675.0,18,2,385.0
3075.0,63736.79427729094,3675.0,18,2,385.0
3076.0,63772.240515422345,3675.0,18,2,385.0
3077.0,63807.65782879115,3675.0,18,2,385.0
3078.0,63843.03579684973,3675.0,18,2,385.0
3079.0,63878.36620554719,3675.0,18,2,385.0
3080.0,63913.65000607067,3675.0,18,2,385.0
3081.0,63948.88596022685,3675.0,18,2,385.0
3082.0,63984.02698213863,3675.0,18,2,385.0
3083.0,64019.0257601734,3675.0,18,2,385.0
3084.0,64053.88456264745,3675.0,18,2,385.0
3085.0,64088.60618907204,3675.0,18,2,385.0
3086.0,64123.19338296813,3675.0,18,2,385.0
3087.0,64157.648832986306,3675.0,18,2,385.0
3088.0,64191.97517400411,3675.0,18,2,385.0
3089.0,64226.17498820154,3675.0,18,2,385.0
3090.0,64260.25080611505,3675.0,18,2,385.0
3091.0,64294.205107670285,3675.0,18,2,385.0
3092.0,64328.04032319443,3675.0,18,2,385.0
3093.0,64361.75883440806,3675.0,18,2,385.0
3094.0,64395.362975397424,3675.0,18,2,385.0
3095.0,64428.855033567015,3675.0,18,2,385.0
3096.0,64462.23725057319,3675.0,18,2,385.0
3097.0,64495.51182323928,3675.0,18,2,385.0
3098.0,64528.680904452034,3675.0,18,2,385.0
3099.0,64561.74660404053,3675.0,18,2,385.0
3100.0,64594.710989637235,3675.0,18,2,385.0
3101.0,64627.576087522015,3675.0,18,2,385.0
3102.0,64660.343883449124,3675.0,18,2,385.0
3103.0,64693.01632345767,3675.0,18,2,385.0
3104.0,64725.59531466605,3675.0,18,2,385.0
3105.0,64758.082726050256,3675.0,18,2,385.0
3106.0,64790.48038920679,3675.0,18,2,385.0
3107.0,64822.79009910016,3675.0,18,2,385.0
3108.0,64855.013614795695,3675.0,18,2,385.0
3109.0,64887.152660177315,3675.0,18,2,385.0
3110.0,64919.20892465131,3675.0,18,2,385.0
3111.0,64951.184063835804,3675.0,18,2,385.0
3112.0,64983.07970023663,3675.0,18,2,385.0
3113.0,65014.897423909424,3675.0,18,2,385.0
3114.0,65046.63879310876,3675.0,18,2,385.0
3115.0,65078.30533492411,3675.0,18,2,385.0
3116.0,65109.89854590316,3675.0,18,2,385.0
3117.0,65141.41989266265,3675.0,18,2,385.0
3118.0,65172.87081248691,3675.0,18,2,385.0
3119.0,65204.25271391472,3675.0,18,2,385.0
3120.0,65235.56697731397,3675.0,18,2,385.0
3121.0,65266.814955445225,3675.0,18,2,385.0
3122.0,65297.99797401385,3675.0,18,2,385.0
3123.0,65329.11733221109,3675.0,18,2,385.0
3124.0,65360.174303244414,3675.0,18,2,385.0
3125.0,65391.17013485705,3675.0,18,2,385.0
3126.0,65422.10604983744,3675.0,18,2,385.0
3127.0,65452.983246518226,3675.0,18,2,385.0
3128.0,65483.802899265385,3675.0,18,2,385.0
3129.0,65514.56615895761,3675.0,18,2,385.0
3130.0,65545.27415345599,3675.0,18,2,385.0
3131.0,65575.9279880644,3675.0,18,2,385.0
3132.0,65606.52874598066,3675.0,18,2,385.0
3133.0,65637.07748873856,3675.0,18,2,385.0
3134.0,65667.42485894472,3675.0,18,2,385.0
3135.0,65697.60132235469,3675.0,18,2,385.0
3136.0,65727.62149628166,3675.0,18,2,385.0
3137.0,65757.50002549643,3675.0,18,2,385.0
3138.0,65787.25259350095,3675.0,18,2,385.0
3139.0,65816.89498373991,3675.0,18,2,385.0
3140.0,65846.44232537532,3675.0,18,2,385.0
3141.0,65875.90883843087,3675.0,18,2,385.0
3142.0,65905.30799945786,3675.0,18,2,385.0
3143.0,65934.65289930522,3675.0,18,2,385.0
3144.0,65963.95662671738,3675.0,18,2,385.0
3145.0,65993.23260909539,3675.0,18,2,385.0
3146.0,66022.49489892762,3675.0,18,2,385.0
3147.0,66051.75841439559,3675.0,18,2,385.0
3148.0,66081.0391415116,3675.0,18,2,385.0
3149.0,66110.35428886107,3675.0,18,2,385.0
3150.0,66139.72235191424,3675.0,18,2,385.0
3151.0,66169.16299511657,3675.0,18,2,385.0
3152.0,66198.69663505456,3675.0,18,2,385.0
3153.0,66228.34368704338,3675.0,18,2,385.0
3154.0,66258.11916460504,3675.0,18,2,385.0
3155.0,66287.9953130039,3675.0,18,2,385.0
3156.0,66317.98777055735,3675.0,18,2,385.0
3157.0,66348.08215738244,3675.0,18,2,385.0
3158.0,66378.24083440601,3675.0,18,2,385.0
3159.0,66408.47193184902,3675.0,18,2,385.0
3160.0,66438.78229555726,3675.0,18,2,385.0
3161.0,66469.17772561761,3675.0,18,2,385.0
3162.0,66499.66317312556,3675.0,18,2,385.0
3163.0,66530.24289810486,3675.0,18,2,385.0
3164.0,66560.90030458993,3675.0,18,2,385.0
3165.0,66591.6202467969,3675.0,18,2,385.0
3166.0,66622.40467847658,3675.0,18,2,385.0
3167.0,66653.2445754604,3675.0,18,2,385.0
3168.0,66684.13243359698,3675.0,18,2,385.0
3169.0,66715.0377135688,3675.0,18,2,385.0
3170.0,66745.95001297406,3675.0,18,2,385.0
3171.0,66776.87038650316,3675.0,18,2,385.0
3172.0,66807.77261296862,3675.0,18,2,385.0
3173.0,66838.63679490476,3675.0,18,2,385.0
3174.0,66869.45228124478,3675.0,18,2,385.0
3175.0,66900.21145785804,3675.0,18,2,385.0
3176.0,66930.91545093902,3675.0,18,2,385.0
3177.0,66961.56536415836,3675.0,18,2,385.0
3178.0,66992.16227911334,3675.0,18,2,385.0
3179.0,67022.7072557692,3675.0,18,2,385.0
3180.0,67053.20133289196,3675.0,18,2,385.0
3181.0,67083.64552847226,3675.0,18,2,385.0
3182.0,67114.04084014097,3675.0,18,2,385.0
3183.0,67144.38824557628,3675.0,18,2,385.0
3184.0,67174.68243265887,3675.0,18,2,385.0
3185.0,67204.9107359998,3675.0,18,2,385.0
3186.0,67235.07447327394,3675.0,18,2,385.0
3187.0,67265.17493580257,3675.0,18,2,385.0
3188.0,67295.21338908063,3675.0,18,2,385.0
3189.0,67325.19107329311,3675.0,18,2,385.0
3190.0,67355.10920382137,3675.0,18,2,385.0
3191.0,67384.96897173906,3675.0,18,2,385.0
3192.0,67414.77154429839,3675.0,18,2,385.0
3193.0,67444.51806540653,3675.0,18,2,385.0
3194.0,67474.20965609253,3675.0,18,2,385.0
3195.0,67503.84741496478,3675.0,18,2,385.0
3196.0,67533.4324186596,3675.0,18,2,385.0
3197.0,67562.96572228053,3675.0,18,2,385.0
3198.0,67592.44835982902,3675.0,18,2,385.0
3199.0,67621.88134462657,3675.0,18,2,385.0
3200.0,67651.26566972813,3675.0,18,2,385.0
3201.0,67680.6023083277,3675.0,18,2,385.0
3202.0,67709.89221415525,3675.0,18,2,385.0
3203.0,67739.13632186627,3675.0,18,2,385.0
3204.0,67768.33554742305,3675.0,18,2,385.0
3205.0,67797.49078846871,3675.0,18,2,385.0
3206.0,67826.60292469345,3675.0,18,2,385.0
3207.0,67855.6728181937,3675.0,18,2,385.0
3208.0,67884.70131382396,3675.0,18,2,385.0
3209.0,67913.68923954158,3675.0,18,2,385.0
3210.0,67942.63740674486,3675.0,18,2,385.0
3211.0,67971.54661060407,3675.0,18,2,385.0
3212.0,68000.41763038613,3675.0,18,2,385.0
3213.0,68029.2512297725,3675.0,18,2,385.0
3214.0,68058.04815717117,3675.0,18,2,385.0
3215.0,68086.80914602186,3675.0,18,2,385.0
3216.0,68115.53491509553,3675.0,18,2,385.0
3217.0,68144.21760530131,3675.0,18,2,385.0
3218.0,68172.84664170296,3675.0,18,2,385.0
3219.0,68201.42309737658,3675.0,18,2,385.0
3220.0,68229.94802393673,3675.0,18,2,385.0
3221.0,68258.42245196569,3675.0,18,2,385.0
3222.0,68286.84739143406,3675.0,18,2,385.0
3223.0,68315.22383211306,3675.0,18,2,385.0
3224.0,68343.55274397848,3675.0,18,2,385.0
3225.0,68371.83507760658,3675.0,18,2,385.0
3226.0,68400.07176456212,3675.0,18,2,385.0
3227.0,68428.26371777858,3675.0,18,2,385.0
3228.0,68456.41183193069,3675.0,18,2,385.0
3229.0,68484.51698379977,3675.0,18,2,385.0
3230.0,68512.58003263143,3675.0,18,2,385.0
3231.0,68540.6018204865,3675.0,18,2,385.0
3232.0,68568.58317258443,3675.0,18,2,385.0
3233.0,68596.52489764044,3675.0,18,2,385.0
3234.0,68624.42778819532,3675.0,18,2,385.0
3235.0,68652.2926209391,3675.0,18,2,385.0
3236.0,68680.12015702798,3675.0,18,2,385.0
3237.0,68707.91114239511,3675.0,18,2,385.0
3238.0,68735.66630805489,3675.0,18,2,385.0
3239.0,68763.3863704015,3675.0,18,2,385.0
3240.0,68791.07203150114,3675.0,18,2,385.0
3241.0,68818.72397937879,3675.0,18,2,385.0
3242.0,68846.34288829888,3675.0,18,2,385.0
3243.0,68873.9294190406,3675.0,18,2,385.0
3244.0,68901.48421916748,3675.0,18,2,385.0
3245.0,68929.00792329182,3675.0,18,2,385.0
3246.0,68956.50115333365,3675.0,18,2,385.0
3247.0,68983.96451877466,3675.0,18,2,385.0
3248.0,69011.39861690685,3675.0,18,2,385.0
3249.0,69038.8040330764,3675.0,18,2,385.0
3250.0,69066.18134092254,3675.0,18,2,385.0
3251.0,69093.53110261177,3675.0,18,2,385.0
3252.0,69120.85386906721,3675.0,18,2,385.0
3253.0,69148.15018019355,3675.0,18,2,385.0
3254.0,69175.42056509737,3675.0,18,2,385.0
3255.0,69202.66554230313,3675.0,18,2,385.0
3256.0,69229.88561996473,3675.0,18,2,385.0
3257.0,69257.08129607313,3675.0,18,2,385.0
3258.0,69284.23899330222,3675.0,18,2,385.0
3259.0,69311.3535365867,3675.0,18,2,385.0
3260.0,69338.4257890055,3675.0,18,2,385.0
3261.0,69365.45659637594,3675.0,18,2,385.0
3262.0,69392.44678759898,3675.0,18,2,385.0
3263.0,69419.39717499756,3675.0,18,2,385.0
3264.0,69446.30855464813,3675.0,18,2,385.0
3265.0,69473.18170670573,3675.0,18,2,385.0
3266.0,69500.01739572216,3675.0,18,2,385.0
3267.0,69526.81637095826,3675.0,18,2,385.0
3268.0,69553.57936668964,3675.0,18,2,385.0
3269.0,69580.40577446208,3675.0,18,2,385.0
3270.0,69607.16855831812,3675.0,18,2,385.0
3271.0,69633.86860532811,3675.0,18,2,385.0
3272.0,69660.5068766346,3675.0,18,2,385.0
3273.0,69687.08442561731,3675.0,18,2,385.0
3274.0,69713.60242030286,3675.0,18,2,385.0
3275.0,69740.02241586261,3677.0,18,2,383.0
3276.0,69766.32717038855,3682.0,18,2,378.0
3277.0,69792.57885658219,3687.0,18,2,373.0
3278.0,69818.77944573533,3692.0,18,2,368.0
3279.0,69844.93128928568,3697.0,18,2,363.0
3280.0,69871.03724550692,3702.0,18,2,358.0
3281.0,69897.10088164156,3707.0,18,2,353.0
3282.0,69923.12686081289,3712.0,18,2,348.0
3283.0,69949.12194573862,3717.0,18,2,343.0
3284.0,69975.09890621662,3722.0,18,2,338.0
3285.0,70001.091768021,3727.0,18,2,333.0
3286.0,70027.14895529389,3732.0,18,2,328.0
3287.0,70053.29707870803,3737.0,18,2,323.0
3288.0,70079.55251988217,3742.0,18,2,318.0
3289.0,70105.84518353744,3747.0,18,2,313.0
3290.0,70132.20100422027,3752.0,18,2,308.0
3291.0,70158.64117367899,3757.0,18,2,303.0
3292.0,70185.17973776012,3762.0,18,2,298.0
3293.0,70211.82592651548,3767.0,18,2,293.0
3294.0,70238.58617486093,3772.0,18,2,288.0
3295.0,70265.46523203028,3777.0,18,2,283.0
3296.0,70292.46675006449,3782.0,18,2,278.0
3297.0,70319.59361922237,3787.0,18,2,273.0
3298.0,70346.84817603047,3792.0,18,2,268.0
3299.0,70374.2323415431,3797.0,18,2,263.0
3300.0,70401.7477179033,3802.0,18,2,258.0
3301.0,70429.39565816466,3807.0,18,2,253.0
3302.0,70457.17731804657,3812.0,18,2,248.0
3303.0,70485.09369501915,3817.0,18,2,243.0
3304.0,70513.14565826043,3822.0,18,2,238.0
3305.0,70541.32066263685,3827.0,18,2,233.0
3306.0,70569.57401516456,3832.0,18,2,228.0
3307.0,70597.85966710941,3837.0,18,2,223.0
3308.0,70626.16747234752,3842.0,18,2,218.0
3309.0,70654.48428667564,3847.0,18,2,213.0
3310.0,70682.7747647172,3850.0,19,1,210.0
3311.0,70711.13943319792,3850.0,19,1,210.0
3312.0,70739.72880830905,3850.0,19,1,210.0
3313.0,70768.54339591795,3850.0,19,1,210.0
3314.0,70797.58369177468,3850.0,19,1,210.0
3315.0,70826.85018171425,3850.0,19,1,210.0
3316.0,70856.34334185504,3850.0,19,1,210.0
3317.0,70886.06363879303,3850.0,19,1,210.0
3318.0,70916.01152979225,3850.0,19,1,210.0
3319.0,70946.18746297149,3850.0,19,1,210.0
3320.0,70976.59187748712,3850.0,19,1,210.0
3321.0,71007.22520371246,3850.0,19,1,210.0
3322.0,71038.08786341328,3850.0,19,1,210.0
3323.0,71069.18026992009,3850.0,19,1,210.0
3324.0,71100.49779564759,3850.0,19,1,210.0
3325.0,71132.02597086053,3850.0,19,1,210.0
3326.0,71163.76558256922,3850.0,19,1,210.0
3327.0,71195.71740204371,3850.0,19,1,210.0
3328.0,71227.88218512875,3850.0,19,1,210.0
3329.0,71260.26067255206,3850.0,19,1,210.0
3330.0,71292.8535902269,3850.0,19,1,210.0
3331.0,71325.56164954827,3850.0,19,1,210.0
3332.0,71358.2355476832,3850.0,19,1,210.0
3333.0,71390.87596785543,3850.0,19,1,210.0
3334.0,71423.48357962421,3850.0,19,1,210.0
3335.0,71456.05903915763,3850.0,19,1,210.0
3336.0,71488.60754770062,3850.0,19,1,210.0
3337.0,71521.06635124351,3850.0,19,1,210.0
3338.0,71553.51126396006,3850.0,19,1,210.0
3339.0,71585.94874836506,3850.0,19,1,210.0
3340.0,71618.3842468733,3850.0,19,1,210.0
3341.0,71650.823347584,3850.0,19,1,210.0
3342.0,71683.2719147216,3850.0,19,1,210.0
3343.0,71715.71880447058,3850.0,19,1,210.0
3344.0,71748.1340792176,3850.0,19,1,210.0
3345.0,71780.52419362798,3850.0,19,1,210.0
3346.0,71812.89638763097,3850.0,19,1,210.0
3347.0,71845.25880749748,3850.0,19,1,210.0
3348.0,71877.62064253632,3850.0,19,1,210.0
3349.0,71909.99226996549,3850.0,19,1,210.0
3350.0,71942.38538770602,3850.0,19,1,210.0
3351.0,71974.81309564163,3850.0,19,1,210.0
3352.0,72007.28986578491,3850.0,19,1,210.0
3353.0,72039.83133600348,3850.0,19,1,210.0
3354.0,72072.45389105516,3850.0,19,1,210.0
3355.0,72105.17401527305,3850.0,19,1,210.0
3356.0,72137.95777623952,3850.0,19,1,210.0
3357.0,72170.80679580964,3850.0,19,1,210.0
3358.0,72203.69780903289,3850.0,19,1,210.0
3359.0,72236.64259731658,3850.0,19,1,210.0
3360.0,72269.65130769559,3850.0,19,1,210.0
3361.0,72302.73258837803,3850.0,19,1,210.0
3362.0,72335.89377808168,3850.0,19,1,210.0
3363.0,72369.14110539666,3850.0,19,1,210.0
3364.0,72402.45132835695,3850.0,19,1,210.0
3365.0,72435.82105020447,3850.0,19,1,210.0
3366.0,72469.25313990536,3850.0,19,1,210.0
3367.0,72502.75005070094,3850.0,19,1,210.0
3368.0,72536.31389875452,3850.0,19,1,210.0
3369.0,72569.946525618,3850.0,19,1,210.0
3370.0,72603.64954779076,3850.0,19,1,210.0
3371.0,72637.42439610531,3850.0,19,1,210.0
3372.0,72671.27234713917,3850.0,19,1,210.0
3373.0,72705.15711306983,3850.0,19,1,210.0
3374.0,72739.02418368192,3850.0,19,1,210.0
3375.0,72772.87391288173,3850.0,19,1,210.0
3376.0,72806.70664749756,3850.0,19,1,210.0
3377.0,72840.52272742109,3850.0,19,1,210.0
3378.0,72874.32248574612,3850.0,19,1,210.0
3379.0,72908.10624890466,3850.0,19,1,210.0
3380.0,72941.87433680003,3850.0,19,1,210.0
3381.0,72975.6270629375,3850.0,19,1,210.0
3382.0,73009.3647345522,3850.0,19,1,210.0
3383.0,73043.08765273464,3850.0,19,1,210.0
3384.0,73076.79611255339,3850.0,19,1,210.0
3385.0,73110.4904031758,3850.0,19,1,210.0
3386.0,73144.17080798575,3850.0,19,1,210.0
3387.0,73177.82464019163,3850.0,19,1,210.0
3388.0,73211.38005140462,3850.0,19,1,210.0
3389.0,73244.80794479558,3850.0,19,1,210.0
3390.0,73278.08728031872,3850.0,19,1,210.0
3391.0,73311.22102913141,3850.0,19,1,210.0
3392.0,73344.21210296784,3850.0,19,1,210.0
3393.0,73377.06335532754,3850.0,19,1,210.0
3394.0,73409.77758264005,3850.0,19,1,210.0
3395.0,73442.3575254063,3850.0,19,1,210.0
3396.0,73474.80586931725,3850.0,19,1,210.0
3397.0,73507.12524634995,3850.0,19,1,210.0
3398.0,73539.31823584202,3850.0,19,1,210.0
3399.0,73571.38736554424,3850.0,19,1,210.0
3400.0,73603.3351126524,3850.0,19,1,210.0
3401.0,73635.16390481842,3850.0,19,1,210.0
3402.0,73666.8761211411,3850.0,19,1,210.0
3403.0,73698.47409313734,3850.0,19,1,210.0
3404.0,73729.96010569365,3850.0,19,1,210.0
3405.0,73761.33639799885,3850.0,19,1,210.0
3406.0,73792.60427269929,3850.0,19,1,210.0
3407.0,73823.74678990572,3850.0,19,1,210.0
3408.0,73854.76645676803,3850.0,19,1,210.0
3409.0,73885.66573029311,3850.0,19,1,210.0
3410.0,73916.44701834767,3850.0,19,1,210.0
3411.0,73947.11268064115,3850.0,19,1,210.0
3412.0,73977.66502968875,3850.0,19,1,210.0
3413.0,74008.10633175539,3850.0,19,1,210.0
3414.0,74038.43880778072,3850.0,19,1,210.0
3415.0,74068.66463428552,3850.0,19,1,210.0
3416.0,74098.78594426025,3850.0,19,1,210.0
3417.0,74128.80482803547,3850.0,19,1,210.0
3418.0,74158.7233341352,3850.0,19,1,210.0
3419.0,74188.5434701129,3850.0,19,1,210.0
3420.0,74218.26720337108,3850.0,19,1,210.0
3421.0,74247.89646196409,3850.0,19,1,210.0
3422.0,74277.43313538523,3850.0,19,1,210.0
3423.0,74306.87907533796,3850.0,19,1,210.0
3424.0,74336.23609649163,3850.0,19,1,210.0
3425.0,74365.50597722222,3850.0,19,1,210.0
3426.0,74394.6904603382,3850.0,19,1,210.0
3427.0,74423.79125379186,3850.0,19,1,210.0
3428.0,74452.81003137644,3850.0,19,1,210.0
3429.0,74481.74843340935,3850.0,19,1,210.0
3430.0,74510.6080674016,3850.0,19,1,210.0
3431.0,74539.39050871399,3850.0,19,1,210.0
3432.0,74568.09730120013,3850.0,19,1,210.0
3433.0,74596.72995783655,3850.0,19,1,210.0
3434.0,74625.28996134024,3850.0,19,1,210.0
3435.0,74653.77876477387,3850.0,19,1,210.0
3436.0,74682.19779213882,3850.0,19,1,210.0
3437.0,74710.54843895648,3850.0,19,1,210.0
3438.0,74738.83207283777,3850.0,19,1,210.0
3439.0,74767.05003404143,3850.0,19,1,210.0
3440.0,74795.20363602103,3850.0,19,1,210.0
3441.0,74823.29416596104,3850.0,19,1,210.0
3442.0,74851.32288530224,3850.0,19,1,210.0
3443.0,74879.29103025663,3850.0,19,1,210.0
3444.0,74907.19981231193,3850.0,19,1,210.0
3445.0,74935.05041872611,3850.0,19,1,210.0
3446.0,74962.84401301201,3850.0,19,1,210.0
3447.0,74990.58173541221,3850.0,19,1,210.0
3448.0,75018.26470336439,3850.0,19,1,210.0
3449.0,75045.89401195753,3850.0,19,1,210.0
3450.0,75073.4707343788,3850.0,19,1,210.0
3451.0,75100.99592235165,3850.0,19,1,210.0
3452.0,75128.47060656504,3850.0,19,1,210.0
3453.0,75155.89579709416,3850.0,19,1,210.0
3454.0,75183.2724838127,3850.0,19,1,210.0
3455.0,75210.60163679688,3850.0,19,1,210.0
3456.0,75237.88420672137,3850.0,19,1,210.0
3457.0,75265.12112524737,3850.0,19,1,210.0
3458.0,75292.31330540286,3850.0,19,1,210.0
3459.0,75319.46164195522,3850.0,19,1,210.0
3460.0,75346.56701177654,3850.0,19,1,210.0
3461.0,75373.63027420145,3850.0,19,1,210.0
3462.0,75400.65227137782,3850.0,19,1,210.0
3463.0,75427.6338286107,3850.0,19,1,210.0
3464.0,75454.57575469892,3850.0,19,1,210.0
3465.0,75481.47884226537,3850.0,19,1,210.0
3466.0,75508.3438680805,3850.0,19,1,210.0
3467.0,75535.1715933793,3850.0,19,1,210.0
3468.0,75561.96276417215,3850.0,19,1,210.0
3469.0,75588.71811154914,3850.0,19,1,210.0
3470.0,75615.43835197858,3850.0,19,1,210.0
3471.0,75642.12418759942,3850.0,19,1,210.0
3472.0,75668.77630650786,3850.0,19,1,210.0
3473.0,75695.39538303814,3850.0,19,1,210.0
3474.0,75721.98207803779,3850.0,19,1,210.0
3475.0,75748.53703913747,3850.0,19,1,210.0
3476.0,75775.06090101514,3850.0,19,1,210.0
3477.0,75801.55428565526,3850.0,19,1,210.0
3478.0,75828.0178026026,3850.0,19,1,210.0
3479.0,75854.45204921096,3850.0,19,1,210.0
3480.0,75880.85761088718,3850.0,19,1,210.0
3481.0,75907.23506132986,3850.0,19,1,210.0
3482.0,75933.58496276368,3850.0,19,1,210.0
3483.0,75959.90786616883,3850.0,19,1,210.0
3484.0,75986.20431150588,3850.0,19,1,210.0
3485.0,76012.4748279362,3850.0,19,1,210.0
3486.0,76038.7199340379,3850.0,19,1,210.0
3487.0,76064.94013801756,3850.0,19,1,210.0
3488.0,76091.13593791764,3850.0,19,1,210.0
3489.0,76117.30782181972,3850.0,19,1,210.0
3490.0,76143.45626804375,3850.0,19,1,210.0
3491.0,76169.5817453433,3850.0,19,1,210.0
3492.0,76195.68471309685,3850.0,19,1,210.0
3493.0,76221.76562149535,3850.0,19,1,210.0
3494.0,76247.82491172587,3850.0,19,1,210.0
3495.0,76273.86301615176,3850.0,19,1,210.0
3496.0,76299.88035848916,3850.0,19,1,210.0
3497.0,76325.87735397981,3850.0,19,1,210.0
3498.0,76351.85440956065,3850.0,19,1,210.0
3499.0,76377.81192402985,3850.0,19,1,210.0
3500.0,76403.75028820967,3850.0,19,1,210.0
3501.0,76429.66988510592,3850.0,19,1,210.0
3502.0,76455.57109006423,3850.0,19,1,210.0
3503.0,76481.45427092336,3850.0,19,1,210.0
3504.0,76507.31978816532,3850.0,19,1,210.0
3505.0,76533.18212361154,3850.0,19,1,210.0
3506.0,76559.15229103796,3850.0,19,1,210.0
3507.0,76585.28904411521,3850.0,19,1,210.0
3508.0,76611.61100970554,3850.0,19,1,210.0
3509.0,76638.13204769173,3850.0,19,1,210.0
3510.0,76664.86421377881,3850.0,19,1,210.0
3511.0,76691.81892699255,3850.0,19,1,210.0
3512.0,76719.00756282084,3850.0,19,1,210.0
3513.0,76746.44177151783,3850.0,19,1,210.0
3514.0,76774.1330009819,3850.0,19,1,210.0
3515.0,76802.08097987546,3850.0,19,1,210.0
3516.0,76830.29684474776,3850.0,19,1,210.0
3517.0,76858.79255980994,3850.0,19,1,210.0
3518.0,76887.58094464129,3850.0,19,1,210.0
3519.0,76916.67565620269,3850.0,19,1,210.0
3520.0,76946.09111250195,3850.0,19,1,210.0
3521.0,76975.84234712512,3850.0,19,1,210.0
3522.0,77005.94479187566,3850.0,19,1,210.0
3523.0,77036.37580815071,3850.0,19,1,210.0
3524.0,77067.13897810275,3850.0,19,1,210.0
3525.0,77098.21928633018,3850.0,19,1,210.0
3526.0,77129.43136804659,3850.0,19,1,210.0
3527.0,77160.68923539821,3850.0,19,1,210.0
3528.0,77192.00338188153,3850.0,19,1,210.0
3529.0,77223.38327342055,3850.0,19,1,210.0
3530.0,77254.83735541612,3850.0,19,1,210.0
3531.0,77286.3731035255,3850.0,19,1,210.0
3532.0,77317.99710085973,3850.0,19,1,210.0
3533.0,77349.71512764062,3850.0,19,1,210.0
3534.0,77381.53225342496,3850.0,19,1,210.0
3535.0,77413.45292565701,3850.0,19,1,210.0
3536.0,77445.45030420368,3850.0,19,1,210.0
3537.0,77477.52094819884,3850.0,19,1,210.0
3538.0,77509.66693044342,3850.0,19,1,210.0
3539.0,77541.89007241845,3850.0,19,1,210.0
3540.0,77574.18663176174,3850.0,19,1,210.0
3541.0,77606.48318557469,3850.0,19,1,210.0
3542.0,77638.7738083114,3850.0,19,1,210.0
3543.0,77671.05861859336,3850.0,19,1,210.0
3544.0,77703.33773266968,3850.0,19,1,210.0
3545.0,77735.61126446449,3850.0,19,1,210.0
3546.0,77767.87932562339,3850.0,19,1,210.0
3547.0,77800.14202555911,3850.0,19,1,210.0
3548.0,77832.39947149613,3850.0,19,1,210.0
3549.0,77864.6517685144,3850.0,19,1,210.0
3550.0,77896.89901959231,3850.0,19,1,210.0
3551.0,77929.14132564866,3850.0,19,1,210.0
3552.0,77961.37878558387,3850.0,19,1,210.0
3553.0,77993.61149632039,3850.0,19,1,210.0
3554.0,78025.83955284218,3850.0,19,1,210.0
3555.0,78058.06304823353,3850.0,19,1,210.0
3556.0,78090.28207371706,3850.0,19,1,210.0
3557.0,78122.4967186909,3850.0,19,1,210.0
3558.0,78154.70707076527,3850.0,19,1,210.0
3559.0,78186.91321579817,3850.0,19,1,210.0
3560.0,78219.1152379304,3850.0,19,1,210.0
3561.0,78251.31321962,3850.0,19,1,210.0
3562.0,78283.50724167579,3850.0,19,1,210.0
3563.0,78315.69738329046,3850.0,19,1,210.0
3564.0,78347.88372207285,3850.0,19,1,210.0
3565.0,78380.06633407959,3850.0,19,1,210.0
3566.0,78412.2452938462,3850.0,19,1,210.0
3567.0,78444.42067441746,3850.0,19,1,210.0
3568.0,78476.59254737731,3850.0,19,1,210.0
3569.0,78508.76098287795,3850.0,19,1,210.0
3570.0,78540.92604966859,3850.0,19,1,210.0
3571.0,78573.08781512342,3850.0,19,1,210.0
3572.0,78605.24634526913,3850.0,19,1,210.0
3573.0,78637.40170481194,3850.0,19,1,210.0
3574.0,78669.55395716391,3850.0,19,1,210.0
3575.0,78701.70316446882,3850.0,19,1,210.0
3576.0,78733.84938762763,3850.0,19,1,210.0
3577.0,78765.99268632328,3850.0,19,1,210.0
3578.0,78798.133119045,3850.0,19,1,210.0
3579.0,78830.26519288252,3850.0,19,1,210.0
3580.0,78862.37462524329,3850.0,19,1,210.0
3581.0,78894.38270565729,3854.0,19,1,206.0
3582.0,78926.37062446302,3858.0,19,1,202.0
3583.0,78958.29940172148,3864.0,19,1,196.0
3584.0,78990.20960343478,3870.0,19,1,190.0
3585.0,79022.10160111381,3876.0,19,1,184.0
3586.0,79053.97575883927,3882.0,19,1,178.0
3587.0,79085.83243341022,3888.0,19,1,172.0
3588.0,79117.67197448974,3894.0,19,1,166.0
3589.0,79149.4947247477,3900.0,19,1,160.0
3590.0,79181.30102000046,3906.0,19,1,154.0
3591.0,79213.09118934818,3912.0,19,1,148.0
3592.0,79244.86555530895,3918.0,19,1,142.0
3593.0,79276.6244339505,3924.0,19,1,136.0
3594.0,79308.36813501923,3930.0,19,1,130.0
3595.0,79340.09696206659,3936.0,19,1,124.0
3596.0,79371.81121257298,3942.0,19,1,118.0
3597.0,79403.51117806925,3948.0,19,1,112.0
3598.0,79435.18985686383,3954.0,19,1,106.0
3599.0,79466.83496208252,3960.0,19,1,100.0
3600.0,79498.44716519683,3966.0,19,1,94.0
3601.0,79530.02349351908,3972.0,19,1,88.0
3602.0,79561.54829527487,3978.0,19,1,82.0
3603.0,79593.02260099554,3984.0,19,1,76.0
3604.0,79624.4474206018,3990.0,19,1,70.0
3605.0,79655.82374381594,3996.0,19,1,64.0
3606.0,79687.1525405658,4002.0,19,1,58.0
3607.0,79718.43476138066,4008.0,19,1,52.0
3608.0,79749.67133777922,4014.0,19,1,46.0
3609.0,79780.8631826498,4020.0,19,1,40.0
3610.0,79812.01119062299,4026.0,19,1,34.0
3611.0,79843.1162384367,4032.0,19,1,28.0
3612.0,79874.17918529414,4038.0,19,1,22.0
3613.0,79905.20087321443,4044.0,19,1,16.0
3614.0,79936.18212737632,4050.0,19,1,10.0
3615.0,79967.12375645497,4056.0,19,1,4.0
3616.0,79998.02655295204,4060.0,20,0,0.0
